#K-Path     Band-1    Band-2    Band-3    Band-4      ...     Band-n
  0.0000  -36.2134  -36.1695  -36.1526  -36.1498  -17.6855  -17.5606  -17.4908  -17.3747  -17.2983  -17.1558  -17.1157  -17.0869  -17.0858  -16.9628  -16.7995  -16.7941  -15.9242  -15.8362  -15.8255  -15.7981  -15.7164  -15.6254  -15.4548  -15.4070  -15.1899  -15.1847  -15.0928  -15.0781  -15.0247  -15.0152  -14.9963  -14.9912  -14.9748  -14.9719  -14.8424  -14.8270  -14.5512  -13.3322  -13.2066  -13.1000  -12.7010  -12.6691  -12.4728  -12.3223   -5.5312   -5.0536   -4.9815   -4.8441   -3.5995   -3.1117   -3.0831   -3.0619   -2.5751   -2.4559   -2.1132   -2.0228   -1.8997   -1.5404   -1.5032   -1.4060   -1.3214   -1.2707   -1.1828   -1.0523   -0.8437   -0.5077   -0.4204   -0.2403    1.6451    3.3086    4.1792    4.5955    4.7028    5.0017    5.0213    5.2407    5.6818    5.7370    5.7768    6.1462    6.6496    6.6499    6.9644    7.4246    7.4611    7.9830    8.0147    8.0340    8.2926    8.4234    8.4521    8.5954    8.7832    8.9424    9.2993    9.5764
  0.0582  -36.2130  -36.1704  -36.1522  -36.1497  -17.6822  -17.5568  -17.4862  -17.3685  -17.3067  -17.1783  -17.1042  -17.0855  -17.0774  -16.9673  -16.8077  -16.7957  -15.9215  -15.8376  -15.8267  -15.7952  -15.7173  -15.6278  -15.4519  -15.4075  -15.1886  -15.1825  -15.0992  -15.0728  -15.0232  -15.0147  -14.9970  -14.9923  -14.9754  -14.9719  -14.8422  -14.8271  -14.5408  -13.3904  -13.1577  -13.0938  -12.7029  -12.6732  -12.4713  -12.3246   -5.5241   -5.0413   -4.9880   -4.8307   -3.6157   -3.1635   -3.0587   -3.0392   -2.5580   -2.4684   -2.1651   -1.9811   -1.8830   -1.6016   -1.4428   -1.4061   -1.3353   -1.2773   -1.1787   -1.0602   -0.8271   -0.5486   -0.4291   -0.2452    1.7009    3.3500    4.1769    4.5803    4.7126    4.9956    5.0106    5.2629    5.6510    5.7647    5.7858    6.1465    6.6118    6.6236    6.9727    7.3893    7.4546    7.9241    7.9978    8.0519    8.3246    8.4475    8.4524    8.5767    8.7873    9.0728    9.2471    9.5911
  0.1164  -36.2117  -36.1729  -36.1513  -36.1495  -17.6720  -17.5459  -17.4722  -17.3503  -17.3300  -17.2150  -17.1028  -17.0831  -17.0524  -16.9778  -16.8314  -16.8004  -15.9144  -15.8389  -15.8303  -15.7882  -15.7200  -15.6352  -15.4441  -15.4086  -15.1864  -15.1745  -15.1103  -15.0653  -15.0191  -15.0133  -14.9989  -14.9956  -14.9770  -14.9719  -14.8416  -14.8277  -14.5094  -13.4924  -13.0834  -13.0755  -12.7089  -12.6853  -12.4666  -12.3311   -5.5034   -5.0071   -5.0053   -4.7922   -3.6618   -3.2324   -3.0447   -3.0004   -2.5225   -2.4942   -2.2289   -1.9391   -1.8459   -1.6711   -1.4062   -1.3751   -1.3654   -1.2916   -1.1694   -1.0795   -0.7854   -0.6560   -0.4554   -0.2599    1.8554    3.4688    4.1618    4.5428    4.7394    4.9419    5.0353    5.3019    5.6163    5.7900    5.8118    6.1439    6.5182    6.5463    6.9978    7.3198    7.4260    7.8145    7.9135    8.0862    8.3569    8.4133    8.5359    8.5943    8.7739    9.0370    9.3332    9.6456
  0.1747  -36.2095  -36.1765  -36.1503  -36.1490  -17.6553  -17.5285  -17.4486  -17.3640  -17.3208  -17.2539  -17.1136  -17.0792  -17.0356  -16.9822  -16.8671  -16.8082  -15.9055  -15.8362  -15.8346  -15.7796  -15.7242  -15.6477  -15.4342  -15.4096  -15.1837  -15.1614  -15.1218  -15.0599  -15.0139  -15.0113  -15.0013  -15.0006  -14.9791  -14.9724  -14.8407  -14.8285  -14.4574  -13.6059  -13.0470  -13.0144  -12.7186  -12.7050  -12.4589  -12.3414   -5.4701   -5.0383   -4.9477   -4.7337   -3.7287   -3.3106   -3.0173   -2.9903   -2.5070   -2.5047   -2.2372   -1.9329   -1.8383   -1.7065   -1.4078   -1.4047   -1.3057   -1.3037   -1.1590   -1.0997   -0.8155   -0.7125   -0.5006   -0.2836    2.0808    3.6509    4.1043    4.5094    4.7817    4.8839    5.0688    5.3235    5.5995    5.7890    5.8478    6.1251    6.4136    6.4363    7.0413    7.2642    7.3597    7.6802    7.8210    8.1032    8.3469    8.3729    8.6619    8.7123    8.7781    9.1373    9.2985    9.5648
  0.2329  -36.2067  -36.1807  -36.1496  -36.1484  -17.6324  -17.5056  -17.4159  -17.4042  -17.2936  -17.2814  -17.1387  -17.0742  -17.0385  -16.9754  -16.9043  -16.8192  -15.8972  -15.8438  -15.8217  -15.7703  -15.7298  -15.6651  -15.4247  -15.4098  -15.1802  -15.1449  -15.1332  -15.0582  -15.0131  -15.0100  -15.0028  -15.0019  -14.9814  -14.9738  -14.8395  -14.8297  -14.3862  -13.7251  -13.0103  -12.9555  -12.7327  -12.7307  -12.4485  -12.3548   -5.4259   -5.0806   -4.8726   -4.6657   -3.7992   -3.4057   -3.0087   -2.9885   -2.5107   -2.4772   -2.1783   -1.9653   -1.9024   -1.7015   -1.4271   -1.4036   -1.3126   -1.2534   -1.1494   -1.1080   -0.9538   -0.6497   -0.5661   -0.3153    2.3501    3.8787    3.9719    4.5123    4.8287    4.8404    5.0887    5.3113    5.5897    5.7732    5.8731    6.0716    6.3376    6.3490    7.0974    7.2262    7.2604    7.5378    7.7562    8.1235    8.2577    8.3350    8.6606    8.7607    8.8075    9.2155    9.5440    9.8214
  0.2911  -36.2031  -36.1853  -36.1491  -36.1479  -17.6036  -17.4779  -17.4471  -17.3749  -17.3336  -17.2335  -17.1778  -17.0680  -17.0484  -16.9975  -16.9107  -16.8333  -15.8895  -15.8528  -15.8015  -15.7604  -15.7368  -15.6864  -15.4172  -15.4095  -15.1755  -15.1438  -15.1264  -15.0623  -15.0169  -15.0114  -15.0010  -14.9970  -14.9841  -14.9761  -14.8380  -14.8311  -14.2982  -13.8466  -12.9684  -12.9088  -12.7613  -12.7491  -12.4355  -12.3704   -5.3730   -5.1323   -4.7863   -4.6085   -3.8471   -3.5230   -3.0313   -2.9809   -2.4789   -2.4140   -2.1025   -2.0141   -2.0042   -1.7216   -1.4220   -1.4044   -1.3132   -1.2389   -1.1425   -1.1174   -1.0144   -0.6504   -0.5818   -0.3546    2.6424    3.7690    4.1343    4.5506    4.7767    4.9145    5.0431    5.2635    5.5854    5.7774    5.8528    5.9975    6.2911    6.3399    7.0833    7.1733    7.2363    7.4300    7.7334    8.1370    8.1663    8.2863    8.6554    8.7505    8.8326    9.2096    9.3732    9.6650
  0.3493  -36.1991  -36.1899  -36.1488  -36.1475  -17.5697  -17.4901  -17.4460  -17.3729  -17.3278  -17.2256  -17.1793  -17.0706  -17.0608  -17.0368  -16.8920  -16.8505  -15.8813  -15.8625  -15.7783  -15.7490  -15.7456  -15.7102  -15.4123  -15.4092  -15.1695  -15.1536  -15.1074  -15.0732  -15.0182  -15.0142  -14.9975  -14.9927  -14.9859  -14.9794  -14.8363  -14.8326  -14.1969  -13.9678  -12.9257  -12.8813  -12.7862  -12.7688  -12.4206  -12.3872   -5.3141   -5.1905   -4.6986   -4.5906   -3.8414   -3.6527   -3.0373   -2.9987   -2.3918   -2.3294   -2.1389   -2.1282   -1.9616   -1.7804   -1.4125   -1.4072   -1.3071   -1.2657   -1.1408   -1.1390   -0.9528   -0.7491   -0.5161   -0.4014    2.9426    3.5185    4.4010    4.6058    4.7243    4.8919    5.0020    5.1877    5.6226    5.7815    5.8103    5.9291    6.3009    6.3496    7.0125    7.0852    7.3050    7.3828    7.7619    7.9907    8.2008    8.2509    8.6241    8.7230    8.9442    9.2839    9.4709    9.5780
  0.4075  -36.1953  -36.1940  -36.1487  -36.1474  -17.5319  -17.5310  -17.4112  -17.4103  -17.2777  -17.2762  -17.1230  -17.1207  -17.0536  -17.0512  -16.8710  -16.8698  -15.8728  -15.8717  -15.7587  -15.7582  -15.7329  -15.7325  -15.4100  -15.4098  -15.1622  -15.1621  -15.0892  -15.0889  -15.0169  -15.0168  -14.9945  -14.9933  -14.9837  -14.9831  -14.8351  -14.8339  -14.0860  -14.0851  -12.8910  -12.8890  -12.7874  -12.7861  -12.4044  -12.4041   -5.2524   -5.2520   -4.6260   -4.6255   -3.7698   -3.7696   -3.0239   -3.0231   -2.2754   -2.2741   -2.2247   -2.2220   -1.8662   -1.8654   -1.4096   -1.4091   -1.2929   -1.2928   -1.1424   -1.1406   -0.8561   -0.8526   -0.4565   -0.4544    3.2380    3.2391    4.6447    4.6456    4.6841    4.6843    5.0957    5.0972    5.6962    5.6965    5.8638    5.8639    6.3344    6.3353    7.0121    7.0134    7.3553    7.3555    7.8521    7.8540    8.2240    8.2267    8.6543    8.6719    9.0609    9.1678    9.4228    9.6212
  0.4075  -36.1953  -36.1940  -36.1487  -36.1474  -17.5319  -17.5310  -17.4112  -17.4103  -17.2777  -17.2762  -17.1230  -17.1207  -17.0536  -17.0512  -16.8710  -16.8698  -15.8728  -15.8717  -15.7587  -15.7582  -15.7329  -15.7325  -15.4100  -15.4098  -15.1622  -15.1621  -15.0892  -15.0889  -15.0169  -15.0168  -14.9945  -14.9933  -14.9837  -14.9831  -14.8351  -14.8339  -14.0860  -14.0851  -12.8910  -12.8890  -12.7874  -12.7861  -12.4044  -12.4041   -5.2524   -5.2520   -4.6260   -4.6255   -3.7698   -3.7696   -3.0239   -3.0231   -2.2754   -2.2741   -2.2247   -2.2220   -1.8662   -1.8654   -1.4096   -1.4091   -1.2929   -1.2928   -1.1424   -1.1406   -0.8561   -0.8526   -0.4565   -0.4544    3.2380    3.2391    4.6447    4.6456    4.6841    4.6843    5.0957    5.0972    5.6962    5.6965    5.8638    5.8639    6.3344    6.3353    7.0121    7.0134    7.3553    7.3555    7.8521    7.8534    8.2241    8.2265    8.6537    8.6588    9.0736    9.2015    9.4114    9.6895
  0.4689  -36.1948  -36.1936  -36.1491  -36.1479  -17.5331  -17.5323  -17.4097  -17.4087  -17.2735  -17.2720  -17.1309  -17.1287  -17.0542  -17.0517  -16.8671  -16.8659  -15.8740  -15.8729  -15.7633  -15.7625  -15.7290  -15.7281  -15.4090  -15.4088  -15.1619  -15.1618  -15.0893  -15.0890  -15.0171  -15.0169  -14.9934  -14.9924  -14.9843  -14.9837  -14.8346  -14.8334  -14.0785  -14.0776  -12.9063  -12.9043  -12.7813  -12.7799  -12.4062  -12.4059   -5.2461   -5.2457   -4.6289   -4.6284   -3.7520   -3.7516   -3.0248   -3.0237   -2.3384   -2.3346   -2.1546   -2.1511   -1.8698   -1.8688   -1.4151   -1.4149   -1.3028   -1.3020   -1.1449   -1.1432   -0.8403   -0.8364   -0.4805   -0.4784    3.2500    3.2512    4.5616    4.5647    4.6836    4.6840    5.1317    5.1342    5.6962    5.6975    5.8226    5.8231    6.3757    6.3766    7.0560    7.0574    7.3733    7.3734    7.8760    7.8778    8.2254    8.2336    8.6584    8.6587    9.0073    9.0893    9.5878    9.7113
  0.5302  -36.1935  -36.1922  -36.1505  -36.1492  -17.5354  -17.5348  -17.4058  -17.4049  -17.2624  -17.2611  -17.1524  -17.1504  -17.0537  -17.0510  -16.8581  -16.8573  -15.8775  -15.8763  -15.7724  -15.7714  -15.7210  -15.7199  -15.4062  -15.4060  -15.1609  -15.1607  -15.0897  -15.0894  -15.0173  -15.0172  -14.9911  -14.9903  -14.9859  -14.9852  -14.8334  -14.8322  -14.0564  -14.0555  -12.9452  -12.9431  -12.7694  -12.7677  -12.4113  -12.4110   -5.2274   -5.2272   -4.6382   -4.6376   -3.7009   -3.7001   -3.0243   -3.0227   -2.4047   -2.4013   -2.0708   -2.0690   -1.8735   -1.8717   -1.4287   -1.4282   -1.3345   -1.3328   -1.1441   -1.1426   -0.8024   -0.7984   -0.5491   -0.5470    3.2845    3.2856    4.3933    4.3969    4.6951    4.6960    5.1569    5.1588    5.5834    5.5842    5.8499    5.8508    6.4781    6.4788    7.1674    7.1687    7.4249    7.4250    7.9419    7.9429    8.2315    8.2357    8.6683    8.6745    8.9599    9.1474    9.5178    9.6861
  0.5915  -36.1914  -36.1901  -36.1526  -36.1514  -17.5365  -17.5360  -17.4018  -17.4010  -17.2494  -17.2485  -17.1811  -17.1795  -17.0483  -17.0457  -16.8499  -16.8495  -15.8825  -15.8814  -15.7820  -15.7810  -15.7127  -15.7115  -15.4022  -15.4018  -15.1594  -15.1592  -15.0902  -15.0900  -15.0174  -15.0173  -14.9908  -14.9905  -14.9853  -14.9843  -14.8316  -14.8303  -14.0210  -14.0202  -12.9992  -12.9971  -12.7580  -12.7562  -12.4187  -12.4184   -5.1978   -5.1976   -4.6553   -4.6547   -3.6233   -3.6220   -3.0132   -3.0112   -2.4575   -2.4548   -2.0193   -2.0181   -1.8594   -1.8565   -1.4429   -1.4416   -1.3846   -1.3823   -1.1342   -1.1329   -0.7598   -0.7565   -0.6521   -0.6501    3.3368    3.3376    4.2283    4.2313    4.7116    4.7130    5.1301    5.1310    5.3897    5.3904    5.9282    5.9295    6.6166    6.6170    7.3109    7.3118    7.5131    7.5137    8.0213    8.0254    8.2608    8.2629    8.6611    8.6945    8.8762    8.9948    9.5394    9.5636
  0.6528  -36.1885  -36.1872  -36.1555  -36.1543  -17.5339  -17.5336  -17.4004  -17.3999  -17.2429  -17.2420  -17.2070  -17.2059  -17.0351  -17.0326  -16.8472  -16.8469  -15.8883  -15.8871  -15.7908  -15.7899  -15.7053  -15.7041  -15.3975  -15.3971  -15.1575  -15.1572  -15.0910  -15.0908  -15.0172  -15.0170  -14.9939  -14.9935  -14.9817  -14.9808  -14.8293  -14.8280  -13.9749  -13.9742  -13.0632  -13.0611  -12.7489  -12.7470  -12.4271  -12.4268   -5.1590   -5.1587   -4.6820   -4.6812   -3.5316   -3.5298   -2.9794   -2.9772   -2.5022   -2.5000   -2.0050   -2.0026   -1.8309   -1.8288   -1.4543   -1.4522   -1.4393   -1.4378   -1.1196   -1.1185   -0.7754   -0.7738   -0.7219   -0.7198    3.4009    3.4021    4.0955    4.0978    4.7227    4.7240    5.0711    5.0713    5.2066    5.2075    5.9634    5.9645    6.7758    6.7759    7.4602    7.4611    7.6413    7.6416    8.0579    8.0602    8.3429    8.3436    8.6219    8.6795    8.8772    9.1439    9.4394    9.6030
  0.7142  -36.1850  -36.1837  -36.1591  -36.1578  -17.5262  -17.5261  -17.4058  -17.4055  -17.2504  -17.2492  -17.2192  -17.2184  -17.0125  -17.0103  -16.8524  -16.8518  -15.8937  -15.8926  -15.7983  -15.7974  -15.6993  -15.6981  -15.3930  -15.3926  -15.1555  -15.1551  -15.0919  -15.0918  -15.0169  -15.0165  -14.9973  -14.9968  -14.9780  -14.9772  -14.8270  -14.8256  -13.9223  -13.9216  -13.1315  -13.1293  -12.7422  -12.7403  -12.4352  -12.4348   -5.1133   -5.1127   -4.7185   -4.7176   -3.4409   -3.4390   -2.9173   -2.9152   -2.5373   -2.5354   -2.0099   -2.0076   -1.8162   -1.8146   -1.5093   -1.5063   -1.4435   -1.4418   -1.1096   -1.1086   -0.8865   -0.8854   -0.7007   -0.6996    3.4729    3.4753    3.9975    3.9994    4.7099    4.7106    4.9650    4.9650    5.1209    5.1214    5.9340    5.9348    6.9453    6.9456    7.5928    7.5937    7.7802    7.7818    8.0751    8.0840    8.4585    8.4681    8.5939    8.6076    8.9643    9.0661    9.5028    9.6068
  0.7755  -36.1810  -36.1797  -36.1631  -36.1618  -17.5128  -17.5127  -17.4208  -17.4204  -17.2592  -17.2578  -17.2255  -17.2244  -16.9826  -16.9806  -16.8663  -16.8654  -15.8982  -15.8970  -15.8040  -15.8031  -15.6949  -15.6937  -15.3893  -15.3889  -15.1536  -15.1532  -15.0927  -15.0927  -15.0166  -15.0161  -15.0001  -14.9995  -14.9750  -14.9743  -14.8250  -14.8236  -13.8701  -13.8694  -13.1961  -13.1937  -12.7376  -12.7357  -12.4418  -12.4414   -5.0643   -5.0635   -4.7619   -4.7609   -3.3642   -3.3624   -2.8504   -2.8489   -2.5363   -2.5341   -2.0506   -2.0490   -1.8070   -1.8034   -1.5691   -1.5659   -1.4361   -1.4346   -1.1257   -1.1253   -0.9484   -0.9471   -0.6930   -0.6923    3.5524    3.5559    3.9197    3.9218    4.6625    4.6636    4.8596    4.8599    5.1274    5.1276    5.8586    5.8591    7.1198    7.1205    7.6510    7.6518    7.8991    7.9072    8.1066    8.1207    8.5490    8.5614    8.5974    8.6366    8.9721    9.1287    9.3292    9.5399
  0.8368  -36.1767  -36.1755  -36.1674  -36.1661  -17.4943  -17.4942  -17.4431  -17.4424  -17.2603  -17.2588  -17.2324  -17.2311  -16.9494  -16.9476  -16.8883  -16.8870  -15.9010  -15.8999  -15.8076  -15.8067  -15.6923  -15.6910  -15.3869  -15.3864  -15.1523  -15.1519  -15.0933  -15.0932  -15.0166  -15.0160  -15.0019  -15.0011  -14.9731  -14.9724  -14.8236  -14.8221  -13.8292  -13.8285  -13.2449  -13.2424  -12.7349  -12.7330  -12.4461  -12.4458   -5.0198   -5.0186   -4.8039   -4.8029   -3.3104   -3.3089   -2.8251   -2.8236   -2.4578   -2.4553   -2.1474   -2.1458   -1.7803   -1.7755   -1.6219   -1.6187   -1.4316   -1.4304   -1.1647   -1.1641   -0.9542   -0.9520   -0.6948   -0.6936    3.6374    3.6419    3.8441    3.8465    4.6108    4.6121    4.7995    4.8000    5.1652    5.1654    5.7770    5.7777    7.2906    7.2914    7.5993    7.6000    7.9962    8.0004    8.1555    8.1678    8.5740    8.5927    8.6559    8.7056    9.0614    9.1898    9.2931    9.4657
  0.8981  -36.1729  -36.1725  -36.1704  -36.1699  -17.4779  -17.4773  -17.4619  -17.4606  -17.2589  -17.2574  -17.2363  -17.2348  -16.9174  -16.9167  -16.9162  -16.9138  -15.9020  -15.9008  -15.8088  -15.8079  -15.6914  -15.6901  -15.3861  -15.3856  -15.1519  -15.1514  -15.0935  -15.0934  -15.0167  -15.0160  -15.0024  -15.0017  -14.9724  -14.9718  -14.8231  -14.8216  -13.8132  -13.8125  -13.2637  -13.2611  -12.7341  -12.7321  -12.4476  -12.4472   -4.9989   -4.9975   -4.8242   -4.8231   -3.2902   -3.2889   -2.8256   -2.8240   -2.3658   -2.3631   -2.2412   -2.2387   -1.7593   -1.7538   -1.6493   -1.6461   -1.4305   -1.4294   -1.1828   -1.1819   -0.9496   -0.9470   -0.6970   -0.6956    3.6967    3.7031    3.7878    3.7911    4.5904    4.5918    4.7799    4.7807    5.1867    5.1868    5.7400    5.7409    7.4076    7.4089    7.5169    7.5175    8.0369    8.0422    8.1666    8.1684    8.5751    8.5988    8.6570    8.6952    9.0844    9.2348    9.3885    9.5137
  0.8981  -36.1729  -36.1725  -36.1704  -36.1699  -17.4779  -17.4773  -17.4619  -17.4606  -17.2589  -17.2574  -17.2363  -17.2348  -16.9174  -16.9167  -16.9162  -16.9138  -15.9020  -15.9008  -15.8088  -15.8079  -15.6914  -15.6901  -15.3861  -15.3856  -15.1519  -15.1514  -15.0935  -15.0934  -15.0167  -15.0160  -15.0024  -15.0017  -14.9724  -14.9718  -14.8231  -14.8216  -13.8132  -13.8125  -13.2637  -13.2611  -12.7341  -12.7321  -12.4476  -12.4472   -4.9989   -4.9975   -4.8242   -4.8231   -3.2902   -3.2889   -2.8256   -2.8240   -2.3658   -2.3631   -2.2412   -2.2387   -1.7593   -1.7538   -1.6493   -1.6461   -1.4305   -1.4294   -1.1828   -1.1819   -0.9496   -0.9470   -0.6970   -0.6956    3.6967    3.7031    3.7878    3.7911    4.5904    4.5918    4.7799    4.7807    5.1867    5.1868    5.7400    5.7409    7.4076    7.4086    7.5169    7.5175    8.0380    8.0407    8.1654    8.1924    8.5794    8.5873    8.6557    8.8093    9.1156    9.1831    9.3323    9.7363
  0.9564  -36.1742  -36.1740  -36.1689  -36.1686  -17.5141  -17.5139  -17.4248  -17.4244  -17.2772  -17.2765  -17.2166  -17.2159  -16.9183  -16.9167  -16.9139  -16.9117  -15.9077  -15.9066  -15.8033  -15.8024  -15.6921  -15.6908  -15.3877  -15.3872  -15.1562  -15.1558  -15.0887  -15.0886  -15.0170  -15.0164  -15.0009  -15.0002  -14.9728  -14.9721  -14.8229  -14.8215  -13.8226  -13.8219  -13.2516  -13.2491  -12.7383  -12.7364  -12.4466  -12.4462   -5.0401   -5.0388   -4.7926   -4.7916   -3.2977   -3.2966   -2.8067   -2.8053   -2.3815   -2.3790   -2.2170   -2.2150   -1.7661   -1.7611   -1.6351   -1.6319   -1.4350   -1.4337   -1.1756   -1.1748   -0.9683   -0.9663   -0.6862   -0.6848    3.6017    3.6047    3.8531    3.8542    4.5217    4.5221    4.8507    4.8517    5.1500    5.1506    5.8153    5.8161    7.4003    7.4012    7.5253    7.5258    7.9854    7.9869    8.2051    8.2179    8.5694    8.5736    8.6589    8.7748    9.0501    9.2430    9.3537    9.5274
  1.0146  -36.1762  -36.1760  -36.1668  -36.1666  -17.5550  -17.5548  -17.3840  -17.3837  -17.3013  -17.3008  -17.1902  -17.1896  -16.9177  -16.9160  -16.9093  -16.9072  -15.9210  -15.9201  -15.7905  -15.7897  -15.6940  -15.6928  -15.3920  -15.3916  -15.1658  -15.1654  -15.0779  -15.0779  -15.0173  -15.0169  -14.9972  -14.9966  -14.9738  -14.9731  -14.8224  -14.8210  -13.8474  -13.8469  -13.2186  -13.2162  -12.7508  -12.7489  -12.4437  -12.4433   -5.1203   -5.1190   -4.7397   -4.7389   -3.3134   -3.3126   -2.7629   -2.7618   -2.4016   -2.3991   -2.1723   -2.1698   -1.7754   -1.7714   -1.6046   -1.6014   -1.4486   -1.4471   -1.1549   -1.1544   -1.0075   -1.0066   -0.6670   -0.6655    3.4728    3.4739    3.8561    3.8585    4.4776    4.4790    4.8372    4.8374    5.2080    5.2091    5.9606    5.9613    7.3911    7.3920    7.5362    7.5367    7.9196    7.9338    8.2387    8.2590    8.5447    8.5851    8.6896    8.7910    9.0248    9.1230    9.4113    9.5450
  1.0728  -36.1781  -36.1780  -36.1648  -36.1647  -17.5915  -17.5913  -17.3528  -17.3521  -17.3185  -17.3174  -17.1656  -17.1650  -16.9154  -16.9137  -16.9038  -16.9019  -15.9365  -15.9357  -15.7762  -15.7754  -15.6965  -15.6953  -15.3985  -15.3981  -15.1761  -15.1757  -15.0665  -15.0663  -15.0164  -15.0161  -14.9928  -14.9922  -14.9752  -14.9744  -14.8215  -14.8203  -13.8802  -13.8798  -13.1719  -13.1696  -12.7709  -12.7690  -12.4398  -12.4394   -5.2045   -5.2032   -4.6957   -4.6950   -3.3265   -3.3260   -2.7177   -2.7169   -2.4016   -2.3988   -2.1337   -2.1302   -1.7735   -1.7709   -1.5737   -1.5708   -1.4715   -1.4698   -1.1282   -1.1271   -1.0349   -1.0345   -0.6578   -0.6563    3.3540    3.3550    3.7535    3.7565    4.4889    4.4907    4.7685    4.7707    5.3770    5.3781    6.0930    6.0938    7.3881    7.3886    7.5329    7.5332    7.8884    7.8920    8.2175    8.2213    8.5211    8.5253    8.7160    8.7766    8.9760    9.0290    9.4556    9.5357
  1.1310  -36.1797  -36.1796  -36.1632  -36.1631  -17.6216  -17.6215  -17.3526  -17.3520  -17.3068  -17.3057  -17.1446  -17.1439  -16.9118  -16.9101  -16.8983  -16.8966  -15.9507  -15.9501  -15.7641  -15.7633  -15.6985  -15.6973  -15.4058  -15.4055  -15.1850  -15.1846  -15.0573  -15.0571  -15.0135  -15.0133  -14.9891  -14.9884  -14.9766  -14.9757  -14.8206  -14.8194  -13.9136  -13.9133  -13.1187  -13.1165  -12.7975  -12.7956  -12.4357  -12.4354   -5.2796   -5.2783   -4.6658   -4.6653   -3.3330   -3.3324   -2.6831   -2.6829   -2.3823   -2.3791   -2.1118   -2.1071   -1.7563   -1.7551   -1.5530   -1.5509   -1.4991   -1.4974   -1.1172   -1.1144   -1.0155   -1.0143   -0.6673   -0.6658    3.2526    3.2558    3.6096    3.6124    4.4483    4.4501    4.8028    4.8054    5.5589    5.5599    6.1871    6.1882    7.3699    7.3701    7.5255    7.5261    7.8948    7.8966    8.1816    8.1941    8.5039    8.5354    8.7290    8.7499    8.9430    9.1191    9.4350    9.6491
  1.1892  -36.1809  -36.1808  -36.1620  -36.1619  -17.6441  -17.6440  -17.3641  -17.3638  -17.2866  -17.2857  -17.1284  -17.1277  -16.9075  -16.9061  -16.8939  -16.8925  -15.9619  -15.9613  -15.7560  -15.7552  -15.6991  -15.6980  -15.4126  -15.4123  -15.1915  -15.1912  -15.0515  -15.0511  -15.0088  -15.0086  -14.9878  -14.9872  -14.9766  -14.9758  -14.8197  -14.8186  -13.9415  -13.9413  -13.0653  -13.0633  -12.8288  -12.8270  -12.4323  -12.4320   -5.3381   -5.3368   -4.6485   -4.6480   -3.3346   -3.3337   -2.6564   -2.6559   -2.3615   -2.3581   -2.1035   -2.0973   -1.7319   -1.7308   -1.5578   -1.5556   -1.5112   -1.5103   -1.1154   -1.1109   -0.9567   -0.9553   -0.6974   -0.6959    3.1737    3.1789    3.4783    3.4804    4.3829    4.3843    4.8872    4.8894    5.7194    5.7201    6.2492    6.2504    7.3116    7.3117    7.5335    7.5349    7.9130    7.9149    8.1550    8.1570    8.5159    8.5409    8.7015    8.7146    8.9450    8.9591    9.3535    9.5174
  1.2475  -36.1816  -36.1816  -36.1612  -36.1611  -17.6579  -17.6579  -17.3722  -17.3720  -17.2734  -17.2726  -17.1181  -17.1174  -16.9038  -16.9026  -16.8913  -16.8903  -15.9689  -15.9684  -15.7520  -15.7513  -15.6984  -15.6975  -15.4173  -15.4170  -15.1955  -15.1952  -15.0485  -15.0481  -15.0038  -15.0035  -14.9893  -14.9889  -14.9753  -14.9748  -14.8190  -14.8180  -13.9600  -13.9598  -13.0193  -13.0178  -12.8600  -12.8586  -12.4300  -12.4298   -5.3752   -5.3738   -4.6402   -4.6397   -3.3341   -3.3332   -2.6352   -2.6341   -2.3527   -2.3496   -2.0997   -2.0917   -1.7135   -1.7118   -1.5766   -1.5736   -1.5081   -1.5074   -1.1106   -1.1050   -0.8864   -0.8848   -0.7452   -0.7437    3.1219    3.1285    3.3898    3.3914    4.3376    4.3390    4.9534    4.9553    5.8299    5.8302    6.2933    6.2947    7.2400    7.2402    7.5471    7.5486    7.9283    7.9362    8.1337    8.1541    8.5713    8.5803    8.6823    8.7532    8.8974    8.9635    9.3040    9.5338
  1.3057  -36.1819  -36.1818  -36.1609  -36.1609  -17.6626  -17.6626  -17.3751  -17.3749  -17.2690  -17.2682  -17.1146  -17.1138  -16.9022  -16.9013  -16.8904  -16.8897  -15.9713  -15.9708  -15.7509  -15.7503  -15.6980  -15.6971  -15.4190  -15.4188  -15.1969  -15.1966  -15.0476  -15.0473  -15.0012  -15.0009  -14.9908  -14.9904  -14.9746  -14.9742  -14.8187  -14.8178  -13.9664  -13.9662  -12.9976  -12.9972  -12.8756  -12.8754  -12.4293  -12.4290   -5.3878   -5.3865   -4.6377   -4.6373   -3.3338   -3.3328   -2.6264   -2.6249   -2.3519   -2.3490   -2.0978   -2.0892   -1.7073   -1.7054   -1.5841   -1.5810   -1.5061   -1.5057   -1.1078   -1.1019   -0.8322   -0.8305   -0.7915   -0.7897    3.1034    3.1105    3.3591    3.3604    4.3221    4.3236    4.9774    4.9793    5.8688    5.8760    6.3128    6.3142    7.2065    7.2069    7.5530    7.5547    7.9360    7.9370    8.1195    8.1197    8.6114    8.6128    8.6630    8.6883    8.8687    8.9545    9.2371    9.2994
  1.3057  -36.1819  -36.1818  -36.1609  -36.1609  -17.6626  -17.6626  -17.3751  -17.3749  -17.2690  -17.2682  -17.1146  -17.1138  -16.9022  -16.9013  -16.8904  -16.8897  -15.9713  -15.9708  -15.7509  -15.7503  -15.6980  -15.6971  -15.4190  -15.4188  -15.1969  -15.1966  -15.0476  -15.0473  -15.0012  -15.0009  -14.9908  -14.9904  -14.9746  -14.9742  -14.8187  -14.8178  -13.9664  -13.9662  -12.9976  -12.9972  -12.8756  -12.8754  -12.4293  -12.4290   -5.3878   -5.3865   -4.6377   -4.6373   -3.3338   -3.3328   -2.6264   -2.6249   -2.3519   -2.3490   -2.0978   -2.0892   -1.7073   -1.7054   -1.5841   -1.5810   -1.5061   -1.5057   -1.1078   -1.1019   -0.8322   -0.8305   -0.7915   -0.7897    3.1034    3.1105    3.3591    3.3604    4.3221    4.3236    4.9774    4.9793    5.8686    5.8687    6.3128    6.3142    7.2065    7.2069    7.5529    7.5541    7.9358    7.9365    8.1195    8.1233    8.6116    8.6199    8.6755    8.7026    8.8854    9.0155    9.2531    9.4130
  1.3670  -36.1880  -36.1757  -36.1625  -36.1593  -17.6636  -17.6527  -17.4061  -17.3865  -17.2824  -17.2104  -17.1208  -17.1054  -16.9182  -16.9127  -16.8925  -16.8734  -15.9696  -15.9670  -15.7583  -15.7458  -15.7028  -15.6906  -15.4218  -15.4165  -15.1994  -15.1940  -15.0526  -15.0427  -15.0047  -14.9993  -14.9936  -14.9882  -14.9758  -14.9731  -14.8198  -14.8181  -14.0811  -13.8514  -13.0421  -12.9612  -12.8852  -12.8525  -12.4510  -12.4057   -5.4128   -5.3536   -4.6691   -4.6306   -3.3537   -3.3088   -2.8203   -2.4405   -2.3539   -2.3434   -2.1585   -2.0650   -1.7597   -1.6488   -1.6240   -1.5441   -1.4879   -1.4625   -1.1298   -1.0863   -0.9464   -0.8390   -0.7462   -0.7149    3.1087    3.1123    3.2226    3.5020    4.2768    4.4414    4.7917    5.1689    5.8407    5.8766    6.2467    6.3691    7.0401    7.4073    7.5313    7.5450    7.8840    7.9607    8.0619    8.1724    8.5230    8.6136    8.6731    8.7306    8.7863    8.9257    9.2874    9.3923
  1.4283  -36.1940  -36.1699  -36.1639  -36.1577  -17.6554  -17.6349  -17.4654  -17.4085  -17.2642  -17.1497  -17.1264  -17.0865  -16.9471  -16.9320  -16.8987  -16.8562  -15.9619  -15.9591  -15.7676  -15.7450  -15.7067  -15.6817  -15.4255  -15.4145  -15.2016  -15.1914  -15.0578  -15.0388  -15.0110  -14.9986  -14.9972  -14.9859  -14.9776  -14.9720  -14.8226  -14.8192  -14.1917  -13.7404  -13.0848  -12.9566  -12.8617  -12.8248  -12.4684  -12.3833   -5.4330   -5.3111   -4.7195   -4.6482   -3.3547   -3.3306   -2.9278   -2.4142   -2.3433   -2.3315   -2.2594   -2.0014   -1.7857   -1.6385   -1.6138   -1.5074   -1.4209   -1.3725   -1.1639   -1.0736   -1.0600   -0.8820   -0.6983   -0.6093    2.8841    3.1861    3.3510    3.5575    4.3341    4.5925    4.6221    5.3510    5.8048    5.8577    6.1698    6.4015    6.9346    7.4514    7.5011    7.6059    7.8101    7.9577    8.0262    8.1990    8.4443    8.5588    8.5884    8.6833    8.9180    8.9272    9.2410    9.3336
  1.4897  -36.1994  -36.1664  -36.1634  -36.1563  -17.6391  -17.6115  -17.5242  -17.4279  -17.2434  -17.1304  -17.1210  -17.0423  -16.9835  -16.9493  -16.9118  -16.8403  -15.9495  -15.9480  -15.7770  -15.7488  -15.7098  -15.6711  -15.4301  -15.4128  -15.2028  -15.1892  -15.0630  -15.0367  -15.0197  -15.0013  -14.9981  -14.9837  -14.9800  -14.9710  -14.8266  -14.8209  -14.2936  -13.6369  -13.1222  -12.9742  -12.8185  -12.7953  -12.4794  -12.3635   -5.4511   -5.2606   -4.7802   -4.6841   -3.4239   -3.3376   -2.9143   -2.4532   -2.4185   -2.4023   -2.3079   -1.9425   -1.7431   -1.6150   -1.6006   -1.4679   -1.2977   -1.2832   -1.2354   -1.1232   -1.0617   -0.9219   -0.6500   -0.5125    2.6205    3.3068    3.5550    3.5722    4.4678    4.4742    4.7553    5.5067    5.7699    5.8209    6.0822    6.3937    6.8910    7.3098    7.4314    7.6694    7.7003    7.9997    8.0557    8.2106    8.3824    8.4247    8.5132    8.6569    8.8720    8.9604    9.0870    9.5498
  1.5510  -36.2042  -36.1672  -36.1591  -36.1550  -17.6205  -17.5873  -17.5696  -17.4383  -17.2315  -17.1312  -17.1125  -17.0223  -17.0202  -16.9437  -16.9191  -16.8264  -15.9401  -15.9292  -15.7853  -15.7571  -15.7122  -15.6593  -15.4356  -15.4111  -15.2024  -15.1875  -15.0678  -15.0413  -15.0260  -15.0055  -14.9976  -14.9831  -14.9813  -14.9705  -14.8312  -14.8228  -14.3827  -13.5437  -13.1530  -12.9996  -12.7737  -12.7663  -12.4832  -12.3475   -5.4700   -5.2048   -4.8425   -4.7290   -3.5234   -3.3086   -2.8539   -2.5671   -2.5566   -2.4491   -2.2880   -1.9692   -1.6507   -1.6012   -1.5637   -1.4365   -1.3554   -1.2483   -1.1515   -1.0790   -1.0378   -0.9367   -0.6044   -0.4273    2.3513    3.3725    3.6813    3.7971    4.3620    4.6259    4.9047    5.5865    5.7406    5.8032    6.0047    6.3310    6.8720    7.1363    7.3129    7.5712    7.6084    8.0762    8.1266    8.2167    8.2627    8.3888    8.5210    8.6063    8.6883    8.8911    9.2615    9.6141
  1.6123  -36.2081  -36.1681  -36.1552  -36.1540  -17.6332  -17.5694  -17.5673  -17.4335  -17.2363  -17.1271  -17.1112  -17.0544  -17.0454  -16.9467  -16.8799  -16.8150  -15.9326  -15.9066  -15.7916  -15.7699  -15.7140  -15.6473  -15.4418  -15.4095  -15.2003  -15.1862  -15.0720  -15.0557  -15.0263  -15.0094  -14.9972  -14.9861  -14.9791  -14.9704  -14.8356  -14.8245  -14.4552  -13.4630  -13.1768  -13.0296  -12.7403  -12.7327  -12.4815  -12.3357   -5.4906   -5.1490   -4.8988   -4.7736   -3.5880   -3.2719   -2.8447   -2.7137   -2.6423   -2.4636   -2.2460   -2.0179   -1.6259   -1.5793   -1.4966   -1.4654   -1.4144   -1.2579   -1.1068   -1.0331   -0.9903   -0.8050   -0.5646   -0.3559    2.0927    3.3585    3.9197    4.0476    4.2917    4.7744    5.0301    5.5321    5.7176    5.8122    5.9933    6.2068    6.8174    6.9699    7.1741    7.4714    7.5349    8.1069    8.1108    8.1991    8.2331    8.3870    8.4109    8.6238    8.6434    8.9379    9.2719    9.5213
  1.6736  -36.2110  -36.1689  -36.1532  -36.1522  -17.6609  -17.5617  -17.5354  -17.4126  -17.2581  -17.1213  -17.1197  -17.0755  -17.0733  -16.9554  -16.8348  -16.8065  -15.9276  -15.8818  -15.7956  -15.7868  -15.7153  -15.6363  -15.4481  -15.4082  -15.1964  -15.1854  -15.0752  -15.0728  -15.0255  -15.0125  -14.9967  -14.9887  -14.9772  -14.9708  -14.8392  -14.8258  -14.5083  -13.3969  -13.1935  -13.0613  -12.7193  -12.6993  -12.4775  -12.3280   -5.5106   -5.1001   -4.9434   -4.8108   -3.6114   -3.2269   -2.9432   -2.8561   -2.6209   -2.4645   -2.1797   -2.0653   -1.7061   -1.5351   -1.5208   -1.4219   -1.4068   -1.2669   -1.1231   -1.0478   -0.9124   -0.6132   -0.5334   -0.2994    1.8667    3.3328    4.1896    4.2108    4.3489    4.8930    5.1281    5.3894    5.6998    5.7827    6.0343    6.0554    6.7252    6.8253    7.0592    7.4321    7.4873    8.0115    8.2093    8.2277    8.3501    8.4373    8.6093    8.7497    8.7998    8.9943    9.3715    9.5905
  1.7350  -36.2128  -36.1693  -36.1527  -36.1504  -17.6793  -17.5604  -17.5046  -17.3869  -17.2852  -17.1431  -17.1166  -17.0848  -17.0840  -16.9610  -16.8046  -16.8013  -15.9250  -15.8564  -15.8070  -15.7976  -15.7161  -15.6284  -15.4529  -15.4074  -15.1920  -15.1848  -15.0870  -15.0773  -15.0249  -15.0145  -14.9964  -14.9905  -14.9755  -14.9715  -14.8415  -14.8267  -14.5405  -13.3501  -13.2033  -13.0885  -12.7057  -12.6770  -12.4741  -12.3237   -5.5256   -5.0660   -4.9717   -4.8354   -3.6066   -3.1692   -3.0427   -2.9805   -2.5875   -2.4591   -2.1002   -2.0914   -1.8207   -1.5368   -1.5109   -1.4057   -1.3543   -1.2702   -1.1598   -1.0519   -0.8613   -0.5149   -0.4701   -0.2581    1.7051    3.3148    4.1842    4.5105    4.5220    4.9688    5.1873    5.2038    5.6872    5.7501    5.8598    6.1185    6.6651    6.7031    6.9881    7.4255    7.4661    7.9719    8.0961    8.2733    8.4032    8.4229    8.4631    8.5991    8.7689    8.9785    9.3619    9.7208
  1.7963  -36.2134  -36.1695  -36.1526  -36.1498  -17.6855  -17.5606  -17.4908  -17.3747  -17.2983  -17.1558  -17.1157  -17.0869  -17.0858  -16.9628  -16.7995  -16.7941  -15.9242  -15.8362  -15.8255  -15.7981  -15.7164  -15.6254  -15.4548  -15.4070  -15.1899  -15.1847  -15.0928  -15.0781  -15.0247  -15.0152  -14.9963  -14.9912  -14.9748  -14.9719  -14.8424  -14.8270  -14.5512  -13.3322  -13.2066  -13.1000  -12.7010  -12.6691  -12.4728  -12.3223   -5.5312   -5.0536   -4.9815   -4.8441   -3.5995   -3.1117   -3.0831   -3.0619   -2.5751   -2.4559   -2.1132   -2.0228   -1.8997   -1.5404   -1.5032   -1.4060   -1.3214   -1.2707   -1.1828   -1.0523   -0.8437   -0.5077   -0.4204   -0.2403    1.6451    3.3086    4.1792    4.5955    4.7028    5.0017    5.0213    5.2407    5.6818    5.7370    5.7768    6.1462    6.6496    6.6499    6.9644    7.4248    7.4641    7.9840    8.0147    8.0345    8.2925    8.4257    8.4585    8.6033    8.8263    8.9976    9.2870    9.7914
  1.7963  -36.2134  -36.1695  -36.1526  -36.1498  -17.6855  -17.5606  -17.4908  -17.3747  -17.2983  -17.1558  -17.1157  -17.0869  -17.0858  -16.9628  -16.7995  -16.7941  -15.9242  -15.8362  -15.8255  -15.7981  -15.7164  -15.6254  -15.4548  -15.4070  -15.1899  -15.1847  -15.0928  -15.0781  -15.0247  -15.0152  -14.9963  -14.9912  -14.9748  -14.9719  -14.8424  -14.8270  -14.5512  -13.3322  -13.2066  -13.1000  -12.7010  -12.6691  -12.4728  -12.3223   -5.5312   -5.0536   -4.9815   -4.8441   -3.5995   -3.1117   -3.0831   -3.0619   -2.5751   -2.4559   -2.1132   -2.0228   -1.8997   -1.5404   -1.5032   -1.4060   -1.3214   -1.2707   -1.1828   -1.0523   -0.8437   -0.5077   -0.4204   -0.2403    1.6451    3.3086    4.1792    4.5955    4.7028    5.0017    5.0213    5.2407    5.6818    5.7370    5.7768    6.1462    6.6496    6.6499    6.9644    7.4246    7.4611    7.9823    8.0341    8.2493    8.2933    8.4267    8.4435    8.6059    8.7890    8.8921    9.2569    9.6718
  1.8510  -36.2132  -36.1694  -36.1526  -36.1501  -17.6826  -17.5615  -17.4958  -17.3801  -17.2924  -17.1504  -17.1159  -17.0863  -17.0854  -16.9623  -16.8002  -16.7982  -15.9250  -15.8437  -15.8171  -15.8015  -15.7143  -15.6342  -15.4472  -15.4077  -15.1909  -15.1848  -15.0897  -15.0779  -15.0245  -15.0149  -14.9978  -14.9897  -14.9772  -14.9698  -14.8418  -14.8279  -14.5416  -13.3341  -13.2080  -13.0954  -12.7056  -12.6763  -12.4738  -12.3254   -5.5248   -5.0552   -4.9765   -4.8393   -3.5956   -3.1084   -3.0683   -3.0468   -2.5824   -2.4690   -2.0953   -2.0236   -1.8844   -1.5485   -1.5072   -1.3957   -1.3437   -1.2746   -1.1713   -1.0440   -0.8685   -0.5091   -0.4380   -0.2794    1.6932    3.3102    4.1727    4.5638    4.5971    4.9901    5.1373    5.2479    5.6763    5.7391    5.8033    6.1236    6.6339    6.6810    6.9612    7.4110    7.4355    7.9689    8.0669    8.2918    8.3919    8.4193    8.5290    8.6121    8.7720    8.9144    9.2128    9.7838
  1.9057  -36.2125  -36.1693  -36.1528  -36.1508  -17.6740  -17.5641  -17.5088  -17.3941  -17.2769  -17.1372  -17.1166  -17.0843  -17.0834  -16.9605  -16.8102  -16.8021  -15.9274  -15.8530  -15.8100  -15.8051  -15.7091  -15.6553  -15.4299  -15.4096  -15.1934  -15.1853  -15.0814  -15.0773  -15.0239  -15.0140  -15.0001  -14.9869  -14.9805  -14.9673  -14.8400  -14.8305  -14.5125  -13.3412  -13.2130  -13.0813  -12.7181  -12.6963  -12.4767  -12.3342   -5.5069   -5.0604   -4.9629   -4.8253   -3.5811   -3.0981   -3.0278   -3.0050   -2.6025   -2.5012   -2.0487   -2.0250   -1.8432   -1.5650   -1.5189   -1.3906   -1.3705   -1.2859   -1.1523   -1.0219   -0.9387   -0.5188   -0.5081   -0.3571    1.8225    3.3151    4.1505    4.4107    4.4899    4.9895    5.2530    5.3185    5.6607    5.7295    5.8830    6.0855    6.6310    6.7170    6.9402    7.3653    7.3763    7.9409    8.0749    8.1366    8.2706    8.3387    8.4051    8.6346    8.7372    8.9647    9.1650    9.5778
  1.9603  -36.2113  -36.1690  -36.1531  -36.1519  -17.6598  -17.5685  -17.5262  -17.4119  -17.2565  -17.1237  -17.1185  -17.0799  -17.0762  -16.9577  -16.8294  -16.8053  -15.9313  -15.8600  -15.8207  -15.7943  -15.7029  -15.6803  -15.4128  -15.4114  -15.1967  -15.1860  -15.0765  -15.0703  -15.0227  -15.0133  -15.0017  -14.9842  -14.9835  -14.9657  -14.8372  -14.8342  -14.4644  -13.3569  -13.2234  -13.0577  -12.7352  -12.7253  -12.4810  -12.3474   -5.4807   -5.0695   -4.9438   -4.8039   -3.5498   -3.0835   -2.9703   -2.9437   -2.6310   -2.5401   -2.0274   -1.9857   -1.7864   -1.5759   -1.5375   -1.4382   -1.3373   -1.3057   -1.1374   -1.0397   -0.9967   -0.6655   -0.5204   -0.4159    2.0027    3.3233    4.1018    4.2180    4.4199    4.9862    5.2323    5.4978    5.6386    5.6802    6.0073    6.0789    6.6371    6.7452    6.8739    7.2697    7.3255    7.9128    8.1129    8.1832    8.1992    8.3188    8.4572    8.6510    8.7162    8.9684    9.0649    9.5814
  2.0150  -36.2098  -36.1686  -36.1536  -36.1534  -17.6406  -17.5749  -17.5449  -17.4294  -17.2364  -17.1218  -17.1161  -17.0714  -17.0612  -16.9537  -16.8546  -16.8097  -15.9369  -15.8636  -15.8306  -15.7857  -15.7044  -15.6974  -15.4172  -15.3965  -15.2002  -15.1871  -15.0754  -15.0590  -15.0206  -15.0137  -15.0013  -14.9869  -14.9810  -14.9654  -14.8386  -14.8329  -14.3986  -13.3845  -13.2417  -13.0262  -12.7595  -12.7521  -12.4847  -12.3630   -5.4501   -5.0819   -4.9243   -4.7789   -3.4966   -3.0707   -2.9068   -2.8716   -2.6629   -2.5764   -2.0322   -1.9164   -1.7279   -1.5684   -1.5610   -1.4727   -1.3466   -1.2986   -1.1382   -1.1278   -1.0027   -0.8153   -0.5329   -0.4676    2.2074    3.3347    4.0189    4.0373    4.3915    4.9730    5.1771    5.5741    5.6154    5.6816    6.0978    6.1516    6.6494    6.7472    6.7640    7.1635    7.2594    7.9054    8.0351    8.1652    8.2175    8.3511    8.5650    8.6786    8.7788    8.8595    9.2613    9.7650
  2.0697  -36.2078  -36.1680  -36.1555  -36.1540  -17.6176  -17.5834  -17.5622  -17.4434  -17.2214  -17.1250  -17.1147  -17.0578  -17.0419  -16.9491  -16.8836  -16.8154  -15.9439  -15.8636  -15.8374  -15.7803  -15.7255  -15.6936  -15.4225  -15.3864  -15.2038  -15.1885  -15.0741  -15.0494  -15.0176  -15.0152  -14.9991  -14.9896  -14.9784  -14.9663  -14.8423  -14.8284  -14.3188  -13.4252  -13.2687  -12.9906  -12.7946  -12.7657  -12.4851  -12.3782   -5.4185   -5.0965   -4.9097   -4.7561   -3.4221   -3.0664   -2.8489   -2.7996   -2.6910   -2.6040   -2.0398   -1.8539   -1.6868   -1.5860   -1.5331   -1.4830   -1.4321   -1.2593   -1.1779   -1.1485   -1.0875   -0.8498   -0.5510   -0.5230    2.4190    3.3491    3.8788    3.9211    4.4082    4.9437    5.0891    5.4844    5.5951    5.8099    6.1114    6.2541    6.6053    6.6458    6.7902    7.1666    7.1916    7.9010    7.9105    8.1306    8.2788    8.3609    8.4558    8.6539    8.8740    8.9484    9.2655    9.7412
  2.1244  -36.2054  -36.1675  -36.1578  -36.1547  -17.5986  -17.5935  -17.5698  -17.4523  -17.2155  -17.1264  -17.1159  -17.0389  -17.0251  -16.9459  -16.9112  -16.8222  -15.9519  -15.8599  -15.8398  -15.7791  -15.7433  -15.6920  -15.4284  -15.3811  -15.2072  -15.1902  -15.0727  -15.0425  -15.0168  -15.0136  -14.9962  -14.9919  -14.9762  -14.9680  -14.8449  -14.8237  -14.2303  -13.4774  -13.3023  -12.9607  -12.8241  -12.7745  -12.4801  -12.3900   -5.3879   -5.1120   -4.9038   -4.7419   -3.3356   -3.0746   -2.8100   -2.7380   -2.7012   -2.6206   -2.0505   -1.8352   -1.6863   -1.5924   -1.5377   -1.4635   -1.4581   -1.2580   -1.2283   -1.1476   -1.1004   -0.8257   -0.5866   -0.5711    2.6258    3.3654    3.7521    3.8372    4.4575    4.8941    4.9739    5.3957    5.5792    5.8691    6.1433    6.1699    6.5577    6.5860    6.8302    6.9697    7.1636    7.7605    7.8837    8.0400    8.3346    8.3426    8.4928    8.6074    8.8947    9.0814    9.4279    9.5644
  2.1791  -36.2027  -36.1668  -36.1604  -36.1554  -17.6048  -17.6039  -17.5474  -17.4553  -17.2194  -17.1255  -17.1183  -17.0205  -17.0156  -16.9508  -16.9222  -16.8300  -15.9592  -15.8526  -15.8374  -15.7832  -15.7571  -15.6929  -15.4342  -15.3798  -15.2102  -15.1921  -15.0711  -15.0382  -15.0177  -15.0094  -14.9943  -14.9934  -14.9743  -14.9700  -14.8458  -14.8195  -14.1401  -13.5376  -13.3365  -12.9568  -12.8313  -12.7793  -12.4687  -12.3959   -5.3588   -5.1271   -4.9078   -4.7414   -3.2583   -3.0947   -2.7923   -2.6930   -2.6807   -2.6278   -2.0729   -1.8996   -1.7413   -1.5700   -1.5533   -1.4297   -1.3781   -1.3074   -1.1967   -1.1012   -1.0838   -0.7938   -0.6496   -0.5992    2.8194    3.3816    3.6675    3.7886    4.5263    4.8236    4.8402    5.3171    5.5677    5.8077    5.9504    6.2384    6.4740    6.4775    6.8442    7.0219    7.2156    7.6191    7.7765    8.0767    8.3369    8.3870    8.4432    8.5916    8.9694    9.1952    9.2784    9.5577
  2.2338  -36.1997  -36.1664  -36.1631  -36.1562  -17.6160  -17.6158  -17.5133  -17.4526  -17.2312  -17.1233  -17.1215  -17.0390  -16.9909  -16.9515  -16.9176  -16.8388  -15.9639  -15.8423  -15.8312  -15.7946  -15.7656  -15.6965  -15.4392  -15.3818  -15.2126  -15.1943  -15.0692  -15.0360  -15.0179  -15.0061  -14.9957  -14.9922  -14.9725  -14.9713  -14.8448  -14.8163  -14.0563  -13.6011  -13.3632  -12.9861  -12.8124  -12.7819  -12.4519  -12.3951   -5.3309   -5.1410   -4.9202   -4.7574   -3.2156   -3.1236   -2.7701   -2.6652   -2.6399   -2.6299   -2.1258   -2.0051   -1.7791   -1.5692   -1.5220   -1.3949   -1.2867   -1.2500   -1.1593   -1.1050   -1.0127   -0.7658   -0.7143   -0.6281    2.9951    3.3954    3.6346    3.7879    4.5753    4.7237    4.7332    5.2457    5.5567    5.6706    5.7059    6.2618    6.3265    6.4367    6.8279    7.1668    7.3275    7.4799    7.5740    7.8711    8.3063    8.3998    8.4919    8.5420    9.0418    9.0646    9.4283    9.7653
  2.2884  -36.1965  -36.1676  -36.1643  -36.1570  -17.6266  -17.6262  -17.4761  -17.4448  -17.2473  -17.1271  -17.1208  -17.0717  -16.9667  -16.9425  -16.9103  -16.8485  -15.9645  -15.8318  -15.8223  -15.8101  -15.7701  -15.7031  -15.4423  -15.3866  -15.2141  -15.1968  -15.0666  -15.0356  -15.0173  -15.0049  -14.9966  -14.9921  -14.9720  -14.9701  -14.8421  -14.8144  -13.9867  -13.6637  -13.3737  -13.0308  -12.7878  -12.7826  -12.4316  -12.3887   -5.3034   -5.1536   -4.9374   -4.7885   -3.2136   -3.1578   -2.7403   -2.6533   -2.6287   -2.5847   -2.2064   -2.1042   -1.7589   -1.5603   -1.5259   -1.3333   -1.1944   -1.1463   -1.1184   -1.1067   -0.9488   -0.7837   -0.7403   -0.6548    3.1552    3.4133    3.6533    3.8349    4.4715    4.6224    4.7505    5.1733    5.4393    5.5025    5.5732    6.1098    6.1852    6.5724    6.8005    7.3247    7.3500    7.3735    7.4636    7.8928    8.3615    8.3881    8.4797    8.6265    8.9441    9.1521    9.3289    9.7235
  2.3431  -36.1930  -36.1707  -36.1637  -36.1579  -17.6352  -17.6347  -17.4386  -17.4328  -17.2646  -17.1423  -17.1190  -17.1000  -16.9450  -16.9310  -16.9037  -16.8588  -15.9597  -15.8405  -15.8122  -15.8085  -15.7731  -15.7125  -15.4426  -15.3939  -15.2144  -15.1996  -15.0633  -15.0370  -15.0161  -15.0055  -14.9970  -14.9931  -14.9710  -14.9682  -14.8381  -14.8142  -13.9354  -13.7215  -13.3629  -13.0806  -12.7812  -12.7691  -12.4104  -12.3796   -5.2759   -5.1649   -4.9543   -4.8305   -3.2340   -3.1945   -2.7178   -2.6590   -2.6181   -2.5267   -2.2856   -2.1789   -1.6994   -1.5438   -1.5377   -1.2725   -1.1218   -1.1195   -1.0689   -1.0279   -0.9029   -0.8374   -0.7325   -0.6745    3.3104    3.4495    3.7120    3.9109    4.3097    4.4885    4.8106    5.0823    5.2333    5.3474    5.5605    5.9462    6.1028    6.6850    6.7871    7.2205    7.2266    7.4774    7.6063    7.9582    8.2027    8.2447    8.3059    8.6964    8.8283    9.2467    9.3362    9.6076
  2.3978  -36.1893  -36.1743  -36.1628  -36.1589  -17.6415  -17.6410  -17.4177  -17.4054  -17.2775  -17.1757  -17.1177  -17.1113  -16.9272  -16.9194  -16.8993  -16.8697  -15.9491  -15.8637  -15.8023  -15.7935  -15.7755  -15.7248  -15.4395  -15.4032  -15.2135  -15.2026  -15.0591  -15.0398  -15.0145  -15.0070  -14.9975  -14.9946  -14.9692  -14.9667  -14.8332  -14.8157  -13.9003  -13.7718  -13.3320  -13.1324  -12.7769  -12.7594  -12.3912  -12.3712   -5.2487   -5.1757   -4.9655   -4.8764   -3.2576   -3.2295   -2.7047   -2.6717   -2.6003   -2.4949   -2.3327   -2.2305   -1.6333   -1.5493   -1.5060   -1.2444   -1.1076   -1.0834   -1.0095   -0.9798   -0.8756   -0.8397   -0.7372   -0.6853    3.4717    3.5135    3.7970    3.9678    4.1687    4.3315    4.7991    4.9567    5.1238    5.2466    5.5496    5.7984    6.1054    6.6273    6.8476    7.1094    7.2110    7.5871    7.7509    8.0601    8.0989    8.1515    8.2238    8.7193    8.7660    9.1946    9.3861    9.5296
  2.4525  -36.1856  -36.1780  -36.1619  -36.1599  -17.6452  -17.6450  -17.4015  -17.3863  -17.2757  -17.2154  -17.1169  -17.1146  -16.9142  -16.9091  -16.8970  -16.8808  -15.9329  -15.8885  -15.7937  -15.7835  -15.7717  -15.7395  -15.4331  -15.4137  -15.2116  -15.2058  -15.0542  -15.0440  -15.0127  -15.0089  -14.9977  -14.9960  -14.9675  -14.9660  -14.8280  -14.8187  -13.8735  -13.8134  -13.2877  -13.1849  -12.7702  -12.7582  -12.3765  -12.3666   -5.2238   -5.1877   -4.9653   -4.9185   -3.2724   -3.2573   -2.6971   -2.6830   -2.5761   -2.5105   -2.3288   -2.2683   -1.5936   -1.5607   -1.4311   -1.2722   -1.0746   -1.0658   -0.9951   -0.9819   -0.8462   -0.7938   -0.7465   -0.6960    3.6038    3.6328    3.8835    3.9162    4.1199    4.1701    4.7336    4.8261    5.1253    5.1917    5.5539    5.6780    6.1873    6.4828    6.8918    7.0158    7.3344    7.6066    7.8856    7.9989    8.0826    8.1348    8.2051    8.5532    8.8380    9.0466    9.3555    9.4659
  2.5072  -36.1818  -36.1818  -36.1609  -36.1609  -17.6464  -17.6463  -17.3881  -17.3879  -17.2522  -17.2519  -17.1164  -17.1156  -16.9073  -16.9066  -16.8915  -16.8910  -15.9125  -15.9120  -15.7873  -15.7867  -15.7564  -15.7553  -15.4242  -15.4240  -15.2090  -15.2088  -15.0494  -15.0487  -15.0108  -15.0107  -14.9976  -14.9967  -14.9667  -14.9659  -14.8235  -14.8224  -13.8468  -13.8460  -13.2378  -13.2368  -12.7630  -12.7629  -12.3681  -12.3681   -5.2036   -5.2028   -4.9501   -4.9493   -3.2728   -3.2724   -2.6912   -2.6906   -2.5457   -2.5440   -2.3056   -2.2962   -1.5741   -1.5738   -1.3426   -1.3424   -1.0597   -1.0577   -0.9931   -0.9919   -0.8076   -0.8074   -0.7219   -0.7170    3.6921    3.6934    3.8869    3.8883    4.0975    4.1003    4.7371    4.7376    5.1552    5.1557    5.5944    5.5948    6.3227    6.3235    6.9430    6.9435    7.4961    7.4963    7.9760    8.0593    8.0599    8.3748    8.3809    8.6225    8.9251    8.9498    9.3718    9.4522
  2.5072  -36.1818  -36.1818  -36.1609  -36.1609  -17.6464  -17.6463  -17.3881  -17.3879  -17.2522  -17.2519  -17.1164  -17.1156  -16.9073  -16.9066  -16.8915  -16.8910  -15.9125  -15.9120  -15.7873  -15.7867  -15.7564  -15.7553  -15.4242  -15.4240  -15.2090  -15.2088  -15.0494  -15.0487  -15.0108  -15.0107  -14.9976  -14.9967  -14.9667  -14.9659  -14.8235  -14.8224  -13.8468  -13.8460  -13.2378  -13.2368  -12.7630  -12.7629  -12.3681  -12.3681   -5.2036   -5.2028   -4.9501   -4.9493   -3.2728   -3.2724   -2.6912   -2.6906   -2.5457   -2.5440   -2.3056   -2.2962   -1.5741   -1.5738   -1.3426   -1.3424   -1.0597   -1.0577   -0.9931   -0.9919   -0.8076   -0.8074   -0.7219   -0.7170    3.6921    3.6934    3.8869    3.8883    4.0975    4.1003    4.7371    4.7376    5.1552    5.1557    5.5944    5.5948    6.3227    6.3235    6.9430    6.9435    7.4961    7.4963    7.9761    7.9768    8.0593    8.0602    8.3749    8.3757    8.9240    8.9769    9.4089    9.4765
  2.5654  -36.1816  -36.1815  -36.1612  -36.1611  -17.6417  -17.6416  -17.3849  -17.3847  -17.2567  -17.2564  -17.1202  -17.1194  -16.9084  -16.9076  -16.8926  -16.8919  -15.9107  -15.9102  -15.7870  -15.7865  -15.7569  -15.7558  -15.4240  -15.4237  -15.2073  -15.2070  -15.0496  -15.0490  -15.0121  -15.0120  -14.9969  -14.9960  -14.9672  -14.9664  -14.8241  -14.8230  -13.8458  -13.8450  -13.2360  -13.2349  -12.7617  -12.7613  -12.3720  -12.3719   -5.1993   -5.1985   -4.9501   -4.9493   -3.2694   -3.2690   -2.6897   -2.6890   -2.5430   -2.5413   -2.3044   -2.2955   -1.5768   -1.5759   -1.3363   -1.3360   -1.0845   -1.0831   -0.9930   -0.9917   -0.8127   -0.8111   -0.7240   -0.7198    3.7027    3.7040    3.8895    3.8909    4.1232    4.1258    4.7345    4.7352    5.1737    5.1743    5.6031    5.6035    6.2767    6.2775    6.9592    6.9597    7.5139    7.5142    7.9335    7.9354    8.0533    8.0557    8.3931    8.3984    8.9073    8.9180    9.3631    9.5386
  2.6236  -36.1808  -36.1808  -36.1619  -36.1619  -17.6277  -17.6276  -17.3755  -17.3753  -17.2704  -17.2700  -17.1312  -17.1305  -16.9114  -16.9102  -16.8959  -16.8948  -15.9056  -15.9051  -15.7865  -15.7859  -15.7582  -15.7571  -15.4235  -15.4231  -15.2022  -15.2019  -15.0508  -15.0502  -15.0154  -15.0153  -14.9952  -14.9943  -14.9686  -14.9677  -14.8258  -14.8246  -13.8430  -13.8421  -13.2310  -13.2296  -12.7573  -12.7568  -12.3832  -12.3831   -5.1872   -5.1863   -4.9504   -4.9496   -3.2584   -3.2581   -2.6872   -2.6864   -2.5355   -2.5342   -2.2975   -2.2905   -1.5865   -1.5849   -1.3239   -1.3234   -1.1418   -1.1409   -0.9947   -0.9936   -0.8270   -0.8243   -0.7329   -0.7301    3.7304    3.7317    3.8976    3.8988    4.2004    4.2025    4.7222    4.7230    5.2276    5.2288    5.6253    5.6261    6.1797    6.1806    6.9690    6.9696    7.5708    7.5750    7.8223    7.8248    8.0350    8.0421    8.4286    8.5317    8.8643    8.9508    9.3329    9.4590
  2.6818  -36.1796  -36.1795  -36.1632  -36.1631  -17.6050  -17.6049  -17.3604  -17.3602  -17.2930  -17.2926  -17.1484  -17.1477  -16.9149  -16.9135  -16.9009  -16.8995  -15.8980  -15.8974  -15.7863  -15.7857  -15.7600  -15.7589  -15.4229  -15.4224  -15.1938  -15.1935  -15.0541  -15.0536  -15.0193  -15.0190  -14.9927  -14.9918  -14.9706  -14.9697  -14.8282  -14.8270  -13.8389  -13.8380  -13.2239  -13.2222  -12.7499  -12.7491  -12.4004  -12.4003   -5.1688   -5.1679   -4.9521   -4.9513   -3.2387   -3.2384   -2.6936   -2.6927   -2.5195   -2.5185   -2.2796   -2.2751   -1.6149   -1.6129   -1.3265   -1.3249   -1.1837   -1.1818   -1.0027   -1.0019   -0.8482   -0.8458   -0.7521   -0.7501    3.7682    3.7693    3.9111    3.9120    4.3233    4.3248    4.6947    4.6951    5.3033    5.3048    5.6517    5.6530    6.0998    6.1006    6.9354    6.9362    7.6095    7.6097    7.7220    7.7220    7.9881    8.0838    8.4569    8.4638    8.7962    8.8470    9.3170    9.4107
  2.7400  -36.1780  -36.1779  -36.1648  -36.1647  -17.5746  -17.5745  -17.3418  -17.3413  -17.3227  -17.3218  -17.1706  -17.1700  -16.9181  -16.9165  -16.9067  -16.9051  -15.8888  -15.8881  -15.7871  -15.7864  -15.7617  -15.7605  -15.4224  -15.4218  -15.1827  -15.1823  -15.0610  -15.0608  -15.0223  -15.0217  -14.9898  -14.9888  -14.9728  -14.9719  -14.8308  -14.8296  -13.8344  -13.8335  -13.2162  -13.2141  -12.7398  -12.7386  -12.4212  -12.4211   -5.1468   -5.1459   -4.9558   -4.9552   -3.2096   -3.2089   -2.7204   -2.7194   -2.4849   -2.4840   -2.2494   -2.2471   -1.6860   -1.6835   -1.3390   -1.3364   -1.1783   -1.1766   -1.0203   -1.0198   -0.8705   -0.8691   -0.7807   -0.7791    3.8120    3.8130    3.9278    3.9289    4.4698    4.4709    4.6584    4.6590    5.3653    5.3665    5.6729    5.6746    6.0879    6.0884    6.8716    6.8724    7.4739    7.4743    7.7593    7.7599    7.9321    7.9331    8.4554    8.4653    8.7396    8.7917    9.3881    9.4745
  2.7983  -36.1761  -36.1760  -36.1667  -36.1666  -17.5377  -17.5375  -17.3638  -17.3635  -17.3141  -17.3134  -17.1965  -17.1959  -16.9202  -16.9185  -16.9122  -16.9105  -15.8798  -15.8791  -15.7889  -15.7882  -15.7628  -15.7616  -15.4222  -15.4215  -15.1702  -15.1697  -15.0712  -15.0711  -15.0235  -15.0228  -14.9868  -14.9858  -14.9751  -14.9742  -14.8331  -14.8319  -13.8304  -13.8294  -13.2095  -13.2071  -12.7283  -12.7269  -12.4420  -12.4419   -5.1250   -5.1239   -4.9617   -4.9611   -3.1735   -3.1722   -2.7640   -2.7625   -2.4341   -2.4329   -2.2080   -2.2059   -1.8004   -1.7969   -1.3237   -1.3206   -1.1642   -1.1633   -1.0400   -1.0399   -0.8878   -0.8868   -0.8148   -0.8133    3.8591    3.8603    3.9427    3.9443    4.5456    4.5467    4.6902    4.6909    5.3933    5.3947    5.6677    5.6693    6.1658    6.1663    6.7979    6.7986    7.3366    7.3370    7.6816    7.6824    7.9720    7.9729    8.4158    8.4307    8.7083    8.7724    9.3612    9.4718
  2.8565  -36.1741  -36.1739  -36.1688  -36.1686  -17.4960  -17.4958  -17.4062  -17.4059  -17.2875  -17.2867  -17.2244  -17.2238  -16.9210  -16.9191  -16.9165  -16.9149  -15.8730  -15.8722  -15.7911  -15.7903  -15.7633  -15.7621  -15.4222  -15.4215  -15.1589  -15.1583  -15.0815  -15.0814  -15.0238  -15.0229  -14.9840  -14.9829  -14.9774  -14.9764  -14.8348  -14.8334  -13.8275  -13.8265  -13.2049  -13.2024  -12.7187  -12.7170  -12.4581  -12.4579   -5.1081   -5.1068   -4.9678   -4.9674   -3.1390   -3.1371   -2.8070   -2.8051   -2.3861   -2.3850   -2.1494   -2.1463   -1.9280   -1.9239   -1.2836   -1.2804   -1.1816   -1.1810   -1.0419   -1.0411   -0.8964   -0.8948   -0.8473   -0.8461    3.9031    3.9048    3.9486    3.9505    4.5162    4.5192    4.8007    4.8014    5.4247    5.4270    5.6068    5.6083    6.3125    6.3129    6.6977    6.6989    7.2862    7.2867    7.5309    7.5315    8.0444    8.0456    8.3578    8.3678    8.7117    8.7518    9.3511    9.4954
  2.9147  -36.1729  -36.1724  -36.1703  -36.1698  -17.4555  -17.4548  -17.4478  -17.4467  -17.2669  -17.2652  -17.2461  -17.2447  -16.9208  -16.9187  -16.9181  -16.9175  -15.8704  -15.8696  -15.7921  -15.7913  -15.7635  -15.7622  -15.4222  -15.4215  -15.1539  -15.1532  -15.0863  -15.0861  -15.0238  -15.0229  -14.9823  -14.9813  -14.9789  -14.9778  -14.8353  -14.8340  -13.8265  -13.8255  -13.2033  -13.2008  -12.7148  -12.7131  -12.4642  -12.4640   -5.1015   -5.1001   -4.9706   -4.9702   -3.1234   -3.1213   -2.8260   -2.8239   -2.3664   -2.3654   -2.0872   -2.0821   -2.0194   -2.0139   -1.2421   -1.2392   -1.2185   -1.2171   -1.0364   -1.0350   -0.8973   -0.8946   -0.8633   -0.8626    3.9290    3.9317    3.9421    3.9440    4.4991    4.5028    4.8480    4.8489    5.4760    5.4804    5.5338    5.5350    6.4302    6.4313    6.5997    6.6021    7.3218    7.3226    7.4234    7.4237    8.0778    8.3306    8.3333    8.7090    8.7171    8.7171    9.2683    9.4373
  2.9147  -36.1729  -36.1724  -36.1703  -36.1698  -17.4555  -17.4548  -17.4478  -17.4467  -17.2669  -17.2652  -17.2461  -17.2447  -16.9208  -16.9187  -16.9181  -16.9175  -15.8704  -15.8696  -15.7921  -15.7913  -15.7635  -15.7622  -15.4222  -15.4215  -15.1539  -15.1532  -15.0863  -15.0861  -15.0238  -15.0229  -14.9823  -14.9813  -14.9789  -14.9778  -14.8353  -14.8340  -13.8265  -13.8255  -13.2033  -13.2008  -12.7148  -12.7131  -12.4642  -12.4640   -5.1015   -5.1001   -4.9706   -4.9702   -3.1234   -3.1213   -2.8260   -2.8239   -2.3664   -2.3654   -2.0872   -2.0821   -2.0194   -2.0139   -1.2421   -1.2392   -1.2185   -1.2171   -1.0364   -1.0350   -0.8973   -0.8946   -0.8633   -0.8626    3.9290    3.9317    3.9421    3.9440    4.4991    4.5028    4.8480    4.8489    5.4760    5.4804    5.5338    5.5350    6.4302    6.4313    6.5997    6.6021    7.3218    7.3226    7.4234    7.4237    8.0777    8.0783    8.3279    8.3349    8.7186    8.7238    9.2775    9.5315
  2.9694  -36.1750  -36.1738  -36.1689  -36.1677  -17.4630  -17.4629  -17.4408  -17.4403  -17.2667  -17.2652  -17.2436  -17.2423  -16.9392  -16.9377  -16.9012  -16.9001  -15.8717  -15.8709  -15.7932  -15.7925  -15.7614  -15.7602  -15.4208  -15.4201  -15.1539  -15.1533  -15.0865  -15.0863  -15.0237  -15.0228  -14.9838  -14.9829  -14.9778  -14.9769  -14.8354  -14.8341  -13.8231  -13.8221  -13.2034  -13.2008  -12.7202  -12.7185  -12.4628  -12.4626   -5.1094   -5.1082   -4.9560   -4.9558   -3.1179   -3.1158   -2.8144   -2.8123   -2.3849   -2.3843   -2.1001   -2.0956   -1.9977   -1.9924   -1.3057   -1.3039   -1.1768   -1.1761   -1.0259   -1.0241   -0.9262   -0.9239   -0.8504   -0.8496    3.8518    3.8539    4.0141    4.0166    4.4709    4.4740    4.8774    4.8785    5.4760    5.4795    5.5517    5.5524    6.4267    6.4277    6.6367    6.6390    7.3063    7.3068    7.4564    7.4568    8.0244    8.0264    8.3722    8.3758    8.7412    8.7584    9.5379    9.6009
  3.0241  -36.1777  -36.1764  -36.1663  -36.1651  -17.4740  -17.4740  -17.4331  -17.4328  -17.2649  -17.2635  -17.2378  -17.2367  -16.9599  -16.9583  -16.8853  -16.8844  -15.8749  -15.8741  -15.7966  -15.7960  -15.7555  -15.7543  -15.4171  -15.4165  -15.1540  -15.1534  -15.0870  -15.0869  -15.0234  -15.0225  -14.9869  -14.9860  -14.9763  -14.9754  -14.8357  -14.8344  -13.8142  -13.8132  -13.2032  -13.2007  -12.7337  -12.7320  -12.4598  -12.4595   -5.1261   -5.1252   -4.9204   -4.9204   -3.1035   -3.1014   -2.7820   -2.7801   -2.4333   -2.4329   -2.1218   -2.1181   -1.9566   -1.9519   -1.3874   -1.3858   -1.1556   -1.1542   -1.0072   -1.0060   -0.9747   -0.9733   -0.8374   -0.8366    3.7666    3.7682    4.0826    4.0851    4.4174    4.4196    4.9375    4.9392    5.4810    5.4835    5.5940    5.5957    6.4271    6.4280    6.7315    6.7334    7.2847    7.2848    7.5202    7.5208    7.9362    7.9370    8.4553    8.4671    8.7932    8.8198    9.5532    9.7197
  3.0787  -36.1803  -36.1790  -36.1637  -36.1624  -17.4850  -17.4849  -17.4274  -17.4273  -17.2597  -17.2585  -17.2311  -17.2302  -16.9806  -16.9789  -16.8720  -16.8712  -15.8788  -15.8780  -15.8017  -15.8012  -15.7467  -15.7456  -15.4123  -15.4116  -15.1542  -15.1536  -15.0878  -15.0877  -15.0226  -15.0218  -14.9906  -14.9898  -14.9750  -14.9742  -14.8361  -14.8349  -13.8042  -13.8033  -13.2013  -13.1987  -12.7498  -12.7481  -12.4573  -12.4570   -5.1436   -5.1429   -4.8747   -4.8746   -3.0876   -3.0855   -2.7376   -2.7359   -2.4956   -2.4953   -2.1424   -2.1392   -1.9168   -1.9129   -1.4615   -1.4604   -1.1646   -1.1621   -1.0460   -1.0447   -0.9712   -0.9689   -0.8280   -0.8272    3.6850    3.6862    4.1295    4.1316    4.3842    4.3853    5.0001    5.0020    5.4732    5.4749    5.6681    5.6706    6.4359    6.4367    6.8554    6.8567    7.2745    7.2753    7.5641    7.5647    7.9032    7.9037    8.5613    8.5637    8.8538    8.8617    9.5339    9.6762
  3.1334  -36.1828  -36.1816  -36.1611  -36.1599  -17.4952  -17.4950  -17.4238  -17.4237  -17.2511  -17.2499  -17.2253  -17.2245  -17.0003  -16.9984  -16.8616  -16.8610  -15.8821  -15.8813  -15.8072  -15.8067  -15.7366  -15.7354  -15.4075  -15.4069  -15.1545  -15.1541  -15.0888  -15.0886  -15.0213  -15.0205  -14.9947  -14.9938  -14.9743  -14.9735  -14.8366  -14.8353  -13.7998  -13.7990  -13.1939  -13.1914  -12.7633  -12.7616  -12.4565  -12.4562   -5.1592   -5.1587   -4.8250   -4.8248   -3.0846   -3.0826   -2.7022   -2.7009   -2.5474   -2.5469   -2.1568   -2.1540   -1.8878   -1.8849   -1.5121   -1.5115   -1.2146   -1.2114   -1.0719   -1.0709   -0.9633   -0.9611   -0.8200   -0.8190    3.6139    3.6148    4.1416    4.1427    4.3967    4.3972    5.0628    5.0648    5.4433    5.4443    5.7690    5.7714    6.4443    6.4451    6.9563    6.9567    7.3010    7.3024    7.5673    7.5677    7.9693    7.9710    8.6879    8.7143    8.8792    8.9314    9.4672    9.6539
  3.1881  -36.1852  -36.1840  -36.1588  -36.1575  -17.5042  -17.5040  -17.4217  -17.4214  -17.2410  -17.2399  -17.2201  -17.2193  -17.0177  -17.0156  -16.8543  -16.8538  -15.8842  -15.8834  -15.8115  -15.8109  -15.7266  -15.7254  -15.4040  -15.4034  -15.1551  -15.1547  -15.0896  -15.0895  -15.0196  -15.0188  -14.9984  -14.9975  -14.9742  -14.9734  -14.8370  -14.8358  -13.8081  -13.8074  -13.1759  -13.1735  -12.7725  -12.7707  -12.4567  -12.4564   -5.1729   -5.1725   -4.7757   -4.7754   -3.1137   -3.1120   -2.7149   -2.7136   -2.5477   -2.5461   -2.1615   -2.1584   -1.8707   -1.8691   -1.5270   -1.5263   -1.2858   -1.2825   -1.0731   -1.0716   -0.9683   -0.9667   -0.8123   -0.8112    3.5584    3.5594    4.1326    4.1330    4.4423    4.4431    5.1316    5.1336    5.4027    5.4034    5.8717    5.8739    6.4413    6.4422    6.9814    6.9816    7.3697    7.3709    7.5982    7.5997    8.0881    8.0921    8.8321    8.8504    8.9084    8.9547    9.5099    9.6558
  3.2428  -36.1874  -36.1862  -36.1565  -36.1553  -17.5119  -17.5115  -17.4202  -17.4198  -17.2353  -17.2345  -17.2113  -17.2104  -17.0319  -17.0296  -16.8502  -16.8498  -15.8849  -15.8840  -15.8133  -15.8125  -15.7178  -15.7166  -15.4023  -15.4017  -15.1559  -15.1556  -15.0902  -15.0901  -15.0179  -15.0172  -15.0008  -15.0000  -14.9750  -14.9741  -14.8373  -14.8361  -13.8328  -13.8322  -13.1436  -13.1413  -12.7783  -12.7765  -12.4558  -12.4556   -5.1855   -5.1852   -4.7302   -4.7297   -3.1860   -3.1845   -2.7652   -2.7639   -2.5046   -2.5026   -2.1593   -2.1560   -1.8590   -1.8581   -1.5064   -1.5058   -1.3485   -1.3454   -1.0695   -1.0673   -0.9786   -0.9778   -0.8034   -0.8023    3.5184    3.5197    4.1265    4.1274    4.4971    4.4978    5.2061    5.2081    5.3682    5.3690    5.9539    5.9557    6.4175    6.4187    6.9690    6.9694    7.3988    7.3992    7.7261    7.7275    8.2117    8.2144    8.8815    8.9034    8.9784    9.0071    9.4657    9.7646
  3.2975  -36.1894  -36.1882  -36.1546  -36.1533  -17.5181  -17.5177  -17.4188  -17.4182  -17.2378  -17.2371  -17.1965  -17.1952  -17.0423  -17.0399  -16.8491  -16.8488  -15.8843  -15.8834  -15.8118  -15.8109  -15.7113  -15.7100  -15.4023  -15.4018  -15.1569  -15.1567  -15.0905  -15.0903  -15.0172  -15.0167  -15.0008  -15.0002  -14.9766  -14.9758  -14.8374  -14.8362  -13.8723  -13.8717  -13.0980  -13.0958  -12.7833  -12.7815  -12.4521  -12.4519   -5.1978   -5.1976   -4.6913   -4.6908   -3.2924   -3.2912   -2.8237   -2.8224   -2.4517   -2.4493   -2.1543   -2.1513   -1.8519   -1.8510   -1.4744   -1.4738   -1.3742   -1.3717   -1.0786   -1.0763   -0.9759   -0.9749   -0.7890   -0.7881    3.4871    3.4886    4.1384    4.1402    4.5484    4.5490    5.2561    5.2581    5.3786    5.3799    6.0001    6.0015    6.3718    6.3731    6.9666    6.9673    7.3932    7.3938    7.8933    7.8955    8.3101    8.3128    8.8567    8.8721    9.0301    9.0472    9.5107    9.7006
  3.3522  -36.1911  -36.1899  -36.1528  -36.1516  -17.5231  -17.5225  -17.4172  -17.4165  -17.2451  -17.2442  -17.1792  -17.1777  -17.0490  -17.0465  -16.8509  -16.8505  -15.8828  -15.8818  -15.8067  -15.8057  -15.7079  -15.7066  -15.4037  -15.4033  -15.1581  -15.1579  -15.0904  -15.0902  -15.0177  -15.0174  -14.9984  -14.9980  -14.9792  -14.9782  -14.8372  -14.8360  -13.9208  -13.9201  -13.0443  -13.0422  -12.7892  -12.7873  -12.4445  -12.4443   -5.2101   -5.2100   -4.6612   -4.6607   -3.4135   -3.4125   -2.8811   -2.8798   -2.4054   -2.4025   -2.1447   -2.1425   -1.8558   -1.8546   -1.4725   -1.4710   -1.3351   -1.3333   -1.1046   -1.1025   -0.9500   -0.9478   -0.7623   -0.7614    3.4531    3.4545    4.1793    4.1821    4.5914    4.5918    5.2509    5.2523    5.4653    5.4661    6.0015    6.0027    6.3181    6.3194    6.9840    6.9850    7.3781    7.3781    8.0403    8.0419    8.3694    8.3759    8.7491    8.7566    9.0793    9.1835    9.4793    9.7362
  3.4068  -36.1926  -36.1913  -36.1514  -36.1501  -17.5267  -17.5260  -17.4155  -17.4147  -17.2544  -17.2532  -17.1619  -17.1601  -17.0527  -17.0501  -16.8549  -16.8543  -15.8805  -15.8795  -15.7986  -15.7975  -15.7081  -15.7068  -15.4057  -15.4053  -15.1593  -15.1592  -15.0901  -15.0899  -15.0183  -15.0182  -14.9948  -14.9945  -14.9823  -14.9813  -14.8368  -14.8356  -13.9713  -13.9706  -12.9900  -12.9879  -12.7953  -12.7935  -12.4340  -12.4338   -5.2224   -5.2222   -4.6409   -4.6403   -3.5312   -3.5304   -2.9319   -2.9306   -2.3723   -2.3690   -2.1346   -2.1333   -1.8673   -1.8661   -1.4728   -1.4716   -1.2870   -1.2857   -1.1306   -1.1291   -0.9134   -0.9104   -0.7120   -0.7107    3.4075    3.4089    4.2554    4.2590    4.6243    4.6246    5.2311    5.2324    5.5761    5.5767    5.9597    5.9608    6.2771    6.2779    7.0113    7.0126    7.3608    7.3610    8.1229    8.1759    8.3705    8.3847    8.6388    8.6664    9.1460    9.1935    9.5241    9.7192
  3.4615  -36.1938  -36.1925  -36.1502  -36.1489  -17.5292  -17.5284  -17.4138  -17.4130  -17.2635  -17.2622  -17.1463  -17.1443  -17.0543  -17.0516  -16.8602  -16.8593  -15.8779  -15.8768  -15.7881  -15.7870  -15.7121  -15.7109  -15.4076  -15.4073  -15.1604  -15.1603  -15.0898  -15.0895  -15.0185  -15.0184  -14.9914  -14.9911  -14.9855  -14.9844  -14.8362  -14.8351  -14.0175  -14.0167  -12.9431  -12.9409  -12.7990  -12.7973  -12.4228  -12.4225   -5.2340   -5.2337   -4.6298   -4.6293   -3.6322   -3.6316   -2.9725   -2.9713   -2.3479   -2.3443   -2.1394   -2.1373   -1.8743   -1.8733   -1.4600   -1.4593   -1.2697   -1.2691   -1.1424   -1.1411   -0.8838   -0.8804   -0.6336   -0.6318    3.3515    3.3527    4.3633    4.3673    4.6476    4.6478    5.2057    5.2073    5.6775    5.6784    5.8943    5.8950    6.2619    6.2622    7.0340    7.0354    7.3474    7.3476    8.0974    8.0996    8.3111    8.3156    8.6240    8.6698    9.1663    9.2078    9.3175    9.4624
  3.5162  -36.1946  -36.1933  -36.1494  -36.1481  -17.5308  -17.5300  -17.4124  -17.4115  -17.2711  -17.2697  -17.1338  -17.1316  -17.0544  -17.0518  -16.8655  -16.8644  -15.8754  -15.8742  -15.7763  -15.7752  -15.7193  -15.7182  -15.4090  -15.4087  -15.1614  -15.1613  -15.0894  -15.0891  -15.0180  -15.0180  -14.9912  -14.9905  -14.9860  -14.9852  -14.8357  -14.8345  -14.0543  -14.0534  -12.9108  -12.9087  -12.7971  -12.7956  -12.4131  -12.4128   -5.2437   -5.2433   -4.6259   -4.6254   -3.7079   -3.7075   -3.0013   -3.0003   -2.3238   -2.3200   -2.1650   -2.1619   -1.8726   -1.8718   -1.4384   -1.4381   -1.2771   -1.2765   -1.1430   -1.1415   -0.8666   -0.8631   -0.5468   -0.5448    3.2954    3.2965    4.4882    4.4921    4.6629    4.6633    5.1688    5.1709    5.7291    5.7307    5.8488    5.8492    6.2779    6.2783    7.0385    7.0399    7.3435    7.3437    7.9887    7.9909    8.2656    8.2679    8.6580    8.7034    9.1187    9.2637    9.3207    9.6555
  3.5709  -36.1951  -36.1938  -36.1489  -36.1476  -17.5316  -17.5308  -17.4116  -17.4106  -17.2760  -17.2745  -17.1258  -17.1235  -17.0539  -17.0515  -16.8695  -16.8683  -15.8735  -15.8724  -15.7649  -15.7640  -15.7280  -15.7271  -15.4098  -15.4095  -15.1620  -15.1619  -15.0893  -15.0890  -15.0173  -15.0172  -14.9935  -14.9924  -14.9844  -14.9838  -14.8352  -14.8340  -14.0779  -14.0770  -12.8951  -12.8931  -12.7908  -12.7895  -12.4066  -12.4063   -5.2501   -5.2497   -4.6256   -4.6252   -3.7542   -3.7540   -3.0183   -3.0174   -2.2961   -2.2926   -2.2013   -2.1977   -1.8681   -1.8674   -1.4180   -1.4177   -1.2883   -1.2879   -1.1424   -1.1407   -0.8585   -0.8550   -0.4808   -0.4788    3.2535    3.2546    4.6001    4.6029    4.6736    4.6744    5.1219    5.1241    5.7110    5.7119    5.8560    5.8564    6.3142    6.3150    7.0234    7.0247    7.3501    7.3503    7.8896    7.8912    8.2369    8.2468    8.6743    8.7373    9.0842    9.2358    9.3937    9.7560
  3.6256  -36.1953  -36.1940  -36.1487  -36.1474  -17.5319  -17.5310  -17.4112  -17.4103  -17.2777  -17.2762  -17.1230  -17.1207  -17.0536  -17.0512  -16.8710  -16.8698  -15.8728  -15.8717  -15.7587  -15.7582  -15.7329  -15.7325  -15.4100  -15.4098  -15.1622  -15.1621  -15.0892  -15.0889  -15.0169  -15.0168  -14.9945  -14.9933  -14.9837  -14.9831  -14.8351  -14.8339  -14.0860  -14.0851  -12.8910  -12.8890  -12.7874  -12.7861  -12.4044  -12.4041   -5.2524   -5.2520   -4.6260   -4.6255   -3.7698   -3.7696   -3.0239   -3.0231   -2.2754   -2.2741   -2.2247   -2.2220   -1.8662   -1.8654   -1.4096   -1.4091   -1.2929   -1.2928   -1.1424   -1.1406   -0.8561   -0.8526   -0.4565   -0.4544    3.2380    3.2391    4.6447    4.6456    4.6841    4.6843    5.0957    5.0972    5.6962    5.6965    5.8638    5.8639    6.3344    6.3353    7.0121    7.0134    7.3553    7.3555    7.8520    7.8548    8.2241    8.2285    8.6535    8.6672    9.0597    9.1057    9.4178    9.6900
  3.6256  -36.1953  -36.1940  -36.1487  -36.1474  -17.5319  -17.5310  -17.4112  -17.4103  -17.2777  -17.2762  -17.1230  -17.1207  -17.0536  -17.0512  -16.8710  -16.8698  -15.8728  -15.8717  -15.7587  -15.7582  -15.7329  -15.7325  -15.4100  -15.4098  -15.1622  -15.1621  -15.0892  -15.0889  -15.0169  -15.0168  -14.9945  -14.9933  -14.9837  -14.9831  -14.8351  -14.8339  -14.0860  -14.0851  -12.8910  -12.8890  -12.7874  -12.7861  -12.4044  -12.4041   -5.2524   -5.2520   -4.6260   -4.6255   -3.7698   -3.7696   -3.0239   -3.0231   -2.2754   -2.2741   -2.2247   -2.2220   -1.8662   -1.8654   -1.4096   -1.4091   -1.2929   -1.2928   -1.1424   -1.1406   -0.8561   -0.8526   -0.4565   -0.4544    3.2380    3.2391    4.6447    4.6456    4.6841    4.6843    5.0957    5.0972    5.6962    5.6965    5.8638    5.8639    6.3344    6.3353    7.0121    7.0134    7.3553    7.3555    7.8519    7.8536    8.2239    8.2270    8.6539    8.6559    9.0530    9.1733    9.3848    9.5754
  3.6828  -36.1953  -36.1940  -36.1487  -36.1474  -17.5310  -17.5301  -17.4122  -17.4113  -17.2777  -17.2762  -17.1227  -17.1204  -17.0534  -17.0510  -16.8711  -16.8699  -15.8730  -15.8718  -15.7622  -15.7614  -15.7307  -15.7299  -15.4110  -15.4108  -15.1626  -15.1625  -15.0892  -15.0889  -15.0171  -15.0170  -14.9938  -14.9927  -14.9838  -14.9832  -14.8356  -14.8344  -14.0794  -14.0785  -12.8909  -12.8889  -12.7920  -12.7906  -12.4060  -12.4057   -5.2527   -5.2522   -4.6270   -4.6265   -3.7595   -3.7593   -3.0150   -3.0141   -2.2881   -2.2856   -2.2146   -2.2111   -1.8658   -1.8651   -1.4191   -1.4184   -1.2861   -1.2858   -1.1569   -1.1550   -0.8383   -0.8343   -0.4678   -0.4659    3.2464    3.2475    4.6440    4.6449    4.6824    4.6829    5.1073    5.1088    5.7034    5.7038    5.8486    5.8487    6.3158    6.3168    6.9829    6.9840    7.3216    7.3219    7.8894    7.8905    8.2321    8.2341    8.6570    8.6933    9.0304    9.0534    9.3907    9.4312
  3.7400  -36.1953  -36.1940  -36.1487  -36.1474  -17.5283  -17.5274  -17.4151  -17.4141  -17.2776  -17.2760  -17.1220  -17.1197  -17.0528  -17.0505  -16.8715  -16.8702  -15.8735  -15.8724  -15.7696  -15.7686  -15.7262  -15.7252  -15.4137  -15.4135  -15.1638  -15.1637  -15.0892  -15.0889  -15.0176  -15.0175  -14.9923  -14.9913  -14.9841  -14.9834  -14.8370  -14.8359  -14.0601  -14.0592  -12.8911  -12.8890  -12.8051  -12.8037  -12.4107  -12.4104   -5.2532   -5.2527   -4.6300   -4.6296   -3.7298   -3.7295   -2.9886   -2.9875   -2.3134   -2.3107   -2.1953   -2.1916   -1.8654   -1.8649   -1.4441   -1.4427   -1.2707   -1.2700   -1.1832   -1.1815   -0.7996   -0.7950   -0.5005   -0.4986    3.2713    3.2724    4.6427    4.6437    4.6790    4.6799    5.1404    5.1418    5.7187    5.7191    5.8065    5.8069    6.2726    6.2735    6.8820    6.8830    7.2675    7.2680    7.9633    7.9640    8.2416    8.2454    8.6657    8.6747    8.9887    9.0483    9.2534    9.6393
  3.7972  -36.1952  -36.1940  -36.1487  -36.1474  -17.5241  -17.5232  -17.4194  -17.4184  -17.2773  -17.2758  -17.1208  -17.1186  -17.0518  -17.0496  -16.8720  -16.8707  -15.8746  -15.8735  -15.7777  -15.7766  -15.7226  -15.7214  -15.4174  -15.4171  -15.1658  -15.1657  -15.0892  -15.0889  -15.0181  -15.0179  -14.9912  -14.9904  -14.9837  -14.9829  -14.8392  -14.8381  -14.0299  -14.0290  -12.8935  -12.8913  -12.8237  -12.8221  -12.4180  -12.4178   -5.2534   -5.2530   -4.6351   -4.6347   -3.6831   -3.6828   -2.9460   -2.9447   -2.3437   -2.3411   -2.1780   -2.1745   -1.8664   -1.8661   -1.4752   -1.4734   -1.2655   -1.2646   -1.1873   -1.1860   -0.7636   -0.7588   -0.5493   -0.5476    3.3115    3.3126    4.6418    4.6436    4.6791    4.6804    5.1887    5.1900    5.6967    5.6969    5.7796    5.7804    6.2270    6.2278    6.7231    6.7242    7.2212    7.2217    8.0077    8.0085    8.2420    8.2636    8.6770    8.7176    8.9579    8.9942    9.1050    9.7814
  3.8544  -36.1952  -36.1940  -36.1487  -36.1474  -17.5189  -17.5180  -17.4247  -17.4237  -17.2770  -17.2754  -17.1196  -17.1174  -17.0506  -17.0485  -16.8726  -16.8713  -15.8764  -15.8754  -15.7849  -15.7838  -15.7206  -15.7194  -15.4210  -15.4207  -15.1683  -15.1682  -15.0891  -15.0889  -15.0183  -15.0181  -14.9917  -14.9913  -14.9817  -14.9808  -14.8418  -14.8407  -13.9916  -13.9908  -12.9032  -12.9010  -12.8408  -12.8394  -12.4272  -12.4270   -5.2530   -5.2526   -4.6419   -4.6416   -3.6235   -3.6231   -2.8902   -2.8886   -2.3768   -2.3746   -2.1718   -2.1686   -1.8665   -1.8661   -1.5014   -1.4995   -1.2797   -1.2785   -1.1570   -1.1560   -0.7498   -0.7451   -0.6025   -0.6009    3.3647    3.3657    4.6437    4.6464    4.6895    4.6911    5.2363    5.2373    5.6214    5.6218    5.7884    5.7896    6.1908    6.1914    6.5518    6.5529    7.1712    7.1716    7.9355    7.9377    8.2974    8.2979    8.6772    8.6788    8.8555    8.8823    9.0328    9.0862
  3.9117  -36.1952  -36.1939  -36.1487  -36.1474  -17.5133  -17.5124  -17.4303  -17.4293  -17.2766  -17.2749  -17.1183  -17.1162  -17.0494  -17.0473  -16.8732  -16.8719  -15.8789  -15.8780  -15.7908  -15.7898  -15.7204  -15.7191  -15.4239  -15.4236  -15.1712  -15.1711  -15.0891  -15.0888  -15.0181  -15.0177  -14.9937  -14.9933  -14.9789  -14.9779  -14.8444  -14.8434  -13.9491  -13.9484  -12.9253  -12.9235  -12.8489  -12.8479  -12.4372  -12.4370   -5.2516   -5.2512   -4.6498   -4.6497   -3.5560   -3.5557   -2.8258   -2.8239   -2.4116   -2.4097   -2.1849   -2.1825   -1.8588   -1.8580   -1.5149   -1.5135   -1.2956   -1.2942   -1.1147   -1.1139   -0.7748   -0.7708   -0.6412   -0.6398    3.4263    3.4275    4.6531    4.6564    4.7149    4.7166    5.2471    5.2478    5.5727    5.5734    5.7697    5.7714    6.1646    6.1649    6.4126    6.4134    7.1144    7.1147    7.7828    7.7835    8.3989    8.4110    8.6440    8.6581    8.6993    8.7181    9.0881    9.4626
  3.9689  -36.1952  -36.1939  -36.1487  -36.1474  -17.5080  -17.5071  -17.4355  -17.4345  -17.2761  -17.2744  -17.1173  -17.1153  -17.0481  -17.0462  -16.8738  -16.8725  -15.8818  -15.8808  -15.7952  -15.7942  -15.7214  -15.7200  -15.4257  -15.4255  -15.1740  -15.1739  -15.0890  -15.0888  -15.0174  -15.0170  -14.9963  -14.9959  -14.9760  -14.9750  -14.8468  -14.8458  -13.9070  -13.9064  -12.9549  -12.9534  -12.8498  -12.8491  -12.4468  -12.4467   -5.2495   -5.2492   -4.6579   -4.6578   -3.4875   -3.4871   -2.7598   -2.7578   -2.4467   -2.4450   -2.2164   -2.2148   -1.8405   -1.8396   -1.5137   -1.5130   -1.3077   -1.3061   -1.0776   -1.0765   -0.8243   -0.8210   -0.6669   -0.6655    3.4894    3.4908    4.6742    4.6776    4.7583    4.7596    5.1953    5.1964    5.5743    5.5755    5.7034    5.7051    6.1466    6.1468    6.3386    6.3394    7.0548    7.0550    7.6236    7.6244    8.4344    8.4355    8.5727    8.5733    8.6699    8.6792    9.1981    9.3564
  4.0261  -36.1952  -36.1939  -36.1487  -36.1474  -17.5036  -17.5027  -17.4398  -17.4387  -17.2757  -17.2740  -17.1165  -17.1146  -17.0471  -17.0453  -16.8743  -16.8730  -15.8844  -15.8835  -15.7983  -15.7974  -15.7227  -15.7213  -15.4267  -15.4264  -15.1763  -15.1762  -15.0890  -15.0888  -15.0165  -15.0159  -14.9989  -14.9984  -14.9736  -14.9726  -14.8487  -14.8477  -13.8707  -13.8701  -12.9835  -12.9821  -12.8483  -12.8477  -12.4549  -12.4548   -5.2473   -5.2470   -4.6649   -4.6648   -3.4261   -3.4259   -2.7013   -2.6993   -2.4793   -2.4779   -2.2541   -2.2531   -1.8184   -1.8177   -1.4989   -1.4985   -1.3181   -1.3162   -1.0651   -1.0636   -0.8551   -0.8521   -0.6957   -0.6942    3.5447    3.5462    4.7074    4.7105    4.8176    4.8187    5.1221    5.1236    5.5000    5.5022    5.6910    5.6916    6.1349    6.1351    6.3224    6.3230    6.9983    6.9986    7.4946    7.4955    8.3514    8.3574    8.5475    8.5523    8.7174    8.7328    9.2531    9.4422
  4.0833  -36.1952  -36.1939  -36.1487  -36.1474  -17.5007  -17.4998  -17.4425  -17.4415  -17.2754  -17.2737  -17.1161  -17.1141  -17.0464  -17.0447  -16.8746  -16.8732  -15.8863  -15.8854  -15.8001  -15.7993  -15.7237  -15.7223  -15.4271  -15.4268  -15.1779  -15.1778  -15.0890  -15.0887  -15.0156  -15.0148  -15.0010  -15.0003  -14.9721  -14.9711  -14.8499  -14.8490  -13.8458  -13.8453  -13.0040  -13.0026  -12.8467  -12.8461  -12.4602  -12.4601   -5.2455   -5.2453   -4.6696   -4.6695   -3.3824   -3.3822   -2.6600   -2.6586   -2.5036   -2.5026   -2.2839   -2.2827   -1.8019   -1.8015   -1.4759   -1.4752   -1.3299   -1.3278   -1.0802   -1.0791   -0.8469   -0.8440   -0.7287   -0.7269    3.5826    3.5840    4.7468    4.7491    4.8671    4.8683    5.0894    5.0906    5.3543    5.3564    5.7304    5.7307    6.1270    6.1273    6.3297    6.3301    6.9552    6.9556    7.4140    7.4142    8.3326    8.5049    8.5184    8.7168    8.7933    8.8169    9.3885    9.7024
  4.1405  -36.1952  -36.1939  -36.1487  -36.1474  -17.4997  -17.4987  -17.4435  -17.4425  -17.2753  -17.2736  -17.1159  -17.1140  -17.0462  -17.0444  -16.8747  -16.8733  -15.8869  -15.8861  -15.8006  -15.7999  -15.7241  -15.7227  -15.4272  -15.4269  -15.1784  -15.1784  -15.0889  -15.0887  -15.0152  -15.0144  -15.0018  -15.0011  -14.9716  -14.9705  -14.8503  -14.8494  -13.8369  -13.8364  -13.0115  -13.0101  -12.8461  -12.8454  -12.4621  -12.4620   -5.2449   -5.2446   -4.6713   -4.6712   -3.3663   -3.3661   -2.6447   -2.6444   -2.5127   -2.5120   -2.2952   -2.2938   -1.7959   -1.7959   -1.4623   -1.4622   -1.3374   -1.3351   -1.0911   -1.0904   -0.8327   -0.8294   -0.7482   -0.7459    3.5962    3.5975    4.7698    4.7712    4.8736    4.8754    5.1173    5.1173    5.2623    5.2641    5.7482    5.7483    6.1240    6.1242    6.3351    6.3353    6.9387    6.9392    7.3865    7.3867    8.2660    8.2668    8.4878    8.4899    8.8251    8.8410    9.3735    9.4990
  4.1405  -36.1952  -36.1939  -36.1487  -36.1474  -17.4997  -17.4987  -17.4435  -17.4425  -17.2753  -17.2736  -17.1159  -17.1140  -17.0462  -17.0444  -16.8747  -16.8733  -15.8869  -15.8861  -15.8006  -15.7999  -15.7241  -15.7227  -15.4272  -15.4269  -15.1784  -15.1784  -15.0889  -15.0887  -15.0152  -15.0144  -15.0018  -15.0011  -14.9716  -14.9705  -14.8503  -14.8494  -13.8369  -13.8364  -13.0115  -13.0101  -12.8461  -12.8454  -12.4621  -12.4620   -5.2449   -5.2446   -4.6713   -4.6712   -3.3663   -3.3661   -2.6447   -2.6444   -2.5127   -2.5120   -2.2952   -2.2938   -1.7959   -1.7959   -1.4623   -1.4622   -1.3374   -1.3351   -1.0911   -1.0904   -0.8327   -0.8294   -0.7482   -0.7459    3.5962    3.5975    4.7698    4.7712    4.8736    4.8754    5.1173    5.1173    5.2623    5.2641    5.7482    5.7483    6.1240    6.1242    6.3351    6.3353    6.9387    6.9392    7.3866    7.3868    8.2699    8.2723    8.4870    8.4918    8.8280    8.8536    9.4141    9.6667
  4.1987  -36.1990  -36.1899  -36.1488  -36.1475  -17.5365  -17.4828  -17.4585  -17.4005  -17.3256  -17.2225  -17.1694  -17.0700  -17.0540  -17.0270  -16.8959  -16.8537  -15.8955  -15.8776  -15.8077  -15.7935  -15.7337  -15.7158  -15.4417  -15.4126  -15.1922  -15.1622  -15.1064  -15.0732  -15.0199  -15.0100  -15.0020  -15.0006  -14.9740  -14.9681  -14.8548  -14.8448  -13.8754  -13.7951  -13.1015  -12.9254  -12.8596  -12.8303  -12.5065  -12.4176   -5.2746   -5.2298   -4.6730   -4.6649   -3.4169   -3.3000   -2.7770   -2.6221   -2.5493   -2.4196   -2.2681   -2.2586   -1.8773   -1.7147   -1.4766   -1.4454   -1.3675   -1.2936   -1.1409   -1.0462   -0.8487   -0.8112   -0.7495   -0.7460    3.5164    3.6775    4.6693    4.7117    4.8151    4.9480    4.9669    5.2457    5.2742    5.4209    5.6704    5.7695    5.9823    6.1929    6.2144    6.5503    6.8279    7.0809    7.3548    7.4428    8.1919    8.2354    8.4987    8.6354    8.7650    8.9092    9.2994    9.5340
  4.2570  -36.2030  -36.1852  -36.1491  -36.1479  -17.5694  -17.5187  -17.4156  -17.3730  -17.3570  -17.2221  -17.1738  -17.0609  -17.0505  -16.9906  -16.9137  -16.8361  -15.9037  -15.8694  -15.8159  -15.7871  -15.7464  -15.7109  -15.4552  -15.3992  -15.2033  -15.1442  -15.1251  -15.0598  -15.0246  -15.0067  -15.0020  -14.9997  -14.9761  -14.9656  -14.8594  -14.8400  -13.9102  -13.7521  -13.1913  -12.8732  -12.8607  -12.8019  -12.5490  -12.3752   -5.3141   -5.2315   -4.6665   -4.6592   -3.4448   -3.2298   -2.9174   -2.6798   -2.6020   -2.2771   -2.2265   -2.1682   -1.9528   -1.6375   -1.5043   -1.4240   -1.3809   -1.2524   -1.1758   -1.0061   -0.8524   -0.8211   -0.7573   -0.7281    3.4427    3.7531    4.5055    4.5366    4.7192    4.8683    5.0696    5.3416    5.3795    5.5203    5.6094    5.7929    5.8135    6.1348    6.2684    6.7513    6.7818    7.2303    7.3618    7.5185    8.0623    8.1550    8.6140    8.7609    8.7796    8.9343    9.1501    9.4751
  4.3152  -36.2065  -36.1806  -36.1496  -36.1484  -17.5972  -17.5495  -17.4144  -17.3717  -17.3138  -17.2692  -17.1341  -17.0665  -17.0407  -16.9781  -16.9021  -16.8217  -15.9100  -15.8626  -15.8253  -15.7809  -15.7608  -15.7083  -15.4666  -15.3879  -15.2116  -15.1438  -15.1256  -15.0489  -15.0285  -15.0061  -15.0016  -14.9983  -14.9771  -14.9636  -14.8633  -14.8357  -13.9400  -13.7090  -13.2759  -12.8861  -12.8354  -12.7459  -12.5877  -12.3369   -5.3569   -5.2464   -4.6576   -4.6524   -3.4479   -3.1708   -3.0427   -2.7476   -2.6434   -2.2090   -2.1365   -2.0545   -2.0115   -1.5671   -1.5460   -1.4091   -1.4056   -1.2185   -1.1555   -0.9643   -0.8608   -0.8446   -0.7666   -0.7030    3.3813    3.8193    4.3323    4.3414    4.6053    4.8177    5.2175    5.3308    5.4446    5.4575    5.6687    5.6745    5.9228    6.1072    6.3108    6.7096    6.9794    7.3405    7.4492    7.6068    7.8657    8.1537    8.5910    8.7775    8.9083    9.0293    9.1930    9.3713
  4.3734  -36.2094  -36.1764  -36.1503  -36.1490  -17.6194  -17.5745  -17.4480  -17.3291  -17.3082  -17.2727  -17.1101  -17.0713  -17.0344  -16.9918  -16.8641  -16.8104  -15.9136  -15.8573  -15.8359  -15.7753  -15.7750  -15.7074  -15.4752  -15.3789  -15.2172  -15.1613  -15.1074  -15.0406  -15.0316  -15.0083  -15.0010  -14.9966  -14.9769  -14.9623  -14.8665  -14.8322  -13.9641  -13.6674  -13.3517  -12.8973  -12.8258  -12.6889  -12.6209  -12.3047   -5.3972   -5.2680   -4.6605   -4.6346   -3.4292   -3.1514   -3.1297   -2.8139   -2.6562   -2.2094   -2.0632   -2.0078   -1.9330   -1.5937   -1.5081   -1.4557   -1.3945   -1.1952   -1.0870   -0.9243   -0.9097   -0.8355   -0.7678   -0.6888    3.3353    3.8651    4.1637    4.1986    4.4850    4.7835    5.1470    5.3758    5.4771    5.5323    5.6000    5.6681    6.0702    6.0755    6.3825    6.7064    7.0797    7.4586    7.5787    7.6467    7.7140    8.1779    8.5484    8.5671    8.9060    8.9623    9.2910    9.6250
  4.4316  -36.2115  -36.1729  -36.1513  -36.1494  -17.6355  -17.5929  -17.4726  -17.3375  -17.2912  -17.2350  -17.1027  -17.0750  -17.0484  -16.9885  -16.8293  -16.8023  -15.9141  -15.8536  -15.8469  -15.7875  -15.7701  -15.7077  -15.4809  -15.3725  -15.2204  -15.1758  -15.0912  -15.0357  -15.0337  -15.0117  -15.0003  -14.9949  -14.9765  -14.9614  -14.8689  -14.8295  -13.9819  -13.6283  -13.4161  -12.9058  -12.8206  -12.6467  -12.6448  -12.2803   -5.4297   -5.2892   -4.6657   -4.6180   -3.3970   -3.2242   -3.1216   -2.8742   -2.6440   -2.2266   -2.0668   -1.9331   -1.8154   -1.6406   -1.4966   -1.4773   -1.3771   -1.1895   -1.0077   -0.9685   -0.8747   -0.8378   -0.7537   -0.6888    3.3046    3.8522    4.0891    4.0896    4.3845    4.7371    4.9990    5.4824    5.4944    5.5268    5.6568    5.6799    6.0278    6.1477    6.5098    6.7429    7.0745    7.4629    7.5894    7.7006    7.7870    8.2019    8.3310    8.5485    8.8620    8.8869    9.1303    9.3248
  4.4898  -36.2128  -36.1704  -36.1522  -36.1497  -17.6452  -17.6042  -17.4876  -17.3557  -17.2636  -17.2033  -17.1060  -17.0772  -17.0716  -16.9766  -16.8063  -16.7975  -15.9124  -15.8564  -15.8514  -15.7958  -15.7667  -15.7083  -15.4841  -15.3687  -15.2216  -15.1857  -15.0792  -15.0350  -15.0344  -15.0142  -14.9997  -14.9935  -14.9762  -14.9611  -14.8703  -14.8279  -13.9927  -13.5942  -13.4657  -12.9111  -12.8178  -12.6632  -12.6172  -12.2651   -5.4509   -5.3042   -4.6704   -4.6064   -3.3653   -3.2711   -3.1221   -2.9203   -2.6252   -2.2428   -2.0659   -1.8852   -1.7167   -1.6760   -1.5226   -1.4889   -1.3363   -1.2107   -1.0023   -0.9422   -0.8508   -0.8394   -0.7356   -0.6984    3.2877    3.7942    4.0215    4.1019    4.3182    4.6833    4.9093    5.4710    5.4866    5.5999    5.6790    5.7675    5.9667    6.1799    6.6491    6.8065    7.0084    7.3023    7.6746    7.7928    7.8459    8.1455    8.2740    8.5393    8.8245    9.0161    9.0450    9.4388
  4.5480  -36.2133  -36.1695  -36.1526  -36.1498  -17.6484  -17.6080  -17.4926  -17.3618  -17.2532  -17.1881  -17.1114  -17.0816  -17.0780  -16.9715  -16.7982  -16.7959  -15.9111  -15.8604  -15.8506  -15.7986  -15.7654  -15.7086  -15.4851  -15.3674  -15.2218  -15.1894  -15.0744  -15.0355  -15.0349  -15.0149  -14.9995  -14.9930  -14.9761  -14.9609  -14.8708  -14.8273  -13.9963  -13.5767  -13.4884  -12.9129  -12.8169  -12.6688  -12.6078  -12.2599   -5.4582   -5.3096   -4.6722   -4.6022   -3.3515   -3.2870   -3.1236   -2.9385   -2.6169   -2.2489   -2.0646   -1.8695   -1.6890   -1.6710   -1.5314   -1.5063   -1.3037   -1.2372   -1.0121   -0.9113   -0.8625   -0.8247   -0.7279   -0.7048    3.2824    3.7675    3.9984    4.1167    4.2949    4.6573    4.8806    5.4648    5.4866    5.6059    5.7094    5.8198    5.9228    6.1901    6.7236    6.8464    6.9561    7.2295    7.7008    7.8276    7.8674    8.1034    8.4242    8.5360    8.8056    8.9329    8.9542    9.3305
  4.5480  -36.2133  -36.1695  -36.1526  -36.1498  -17.6484  -17.6080  -17.4926  -17.3618  -17.2532  -17.1881  -17.1114  -17.0816  -17.0780  -16.9715  -16.7982  -16.7959  -15.9111  -15.8604  -15.8506  -15.7986  -15.7654  -15.7086  -15.4851  -15.3674  -15.2218  -15.1894  -15.0744  -15.0355  -15.0349  -15.0149  -14.9995  -14.9930  -14.9761  -14.9609  -14.8708  -14.8273  -13.9963  -13.5767  -13.4884  -12.9129  -12.8169  -12.6688  -12.6078  -12.2599   -5.4582   -5.3096   -4.6722   -4.6022   -3.3515   -3.2870   -3.1236   -2.9385   -2.6169   -2.2489   -2.0646   -1.8695   -1.6890   -1.6710   -1.5314   -1.5063   -1.3037   -1.2372   -1.0121   -0.9113   -0.8625   -0.8247   -0.7279   -0.7048    3.2824    3.7675    3.9984    4.1167    4.2949    4.6573    4.8806    5.4648    5.4866    5.6059    5.7094    5.8198    5.9228    6.1901    6.7236    6.8464    6.9561    7.2295    7.7008    7.8277    7.8673    8.1043    8.2814    8.5356    8.8154    8.9333    8.9645    9.4024
  4.6053  -36.2133  -36.1695  -36.1526  -36.1498  -17.6496  -17.6065  -17.4926  -17.3625  -17.2546  -17.1870  -17.1115  -17.0817  -17.0782  -16.9713  -16.7983  -16.7958  -15.9107  -15.8597  -15.8509  -15.8006  -15.7622  -15.7079  -15.4822  -15.3679  -15.2211  -15.1894  -15.0744  -15.0358  -15.0348  -15.0152  -14.9998  -14.9928  -14.9762  -14.9608  -14.8695  -14.8277  -14.0308  -13.5491  -13.4851  -12.9240  -12.8065  -12.6601  -12.6086  -12.2655   -5.4632   -5.2976   -4.6786   -4.6160   -3.3597   -3.3020   -3.1242   -2.9164   -2.6170   -2.2459   -2.0877   -1.8748   -1.6814   -1.6613   -1.5339   -1.4801   -1.2953   -1.2485   -1.0320   -0.9249   -0.8358   -0.8214   -0.7258   -0.7142    3.2029    3.8185    3.9071    4.1297    4.4034    4.6687    4.8830    5.4300    5.5254    5.5687    5.7191    5.8199    5.9663    6.2024    6.7302    6.8543    6.9309    7.2926    7.7183    7.7934    7.9280    8.1072    8.4592    8.5152    8.7816    8.9406    9.0415    9.5182
  4.6625  -36.2133  -36.1695  -36.1526  -36.1498  -17.6528  -17.6023  -17.4925  -17.3643  -17.2586  -17.1838  -17.1119  -17.0820  -17.0789  -16.9706  -16.7984  -16.7957  -15.9098  -15.8577  -15.8512  -15.8049  -15.7538  -15.7060  -15.4740  -15.3697  -15.2189  -15.1893  -15.0745  -15.0388  -15.0329  -15.0160  -15.0006  -14.9923  -14.9766  -14.9605  -14.8659  -14.8290  -14.1122  -13.4873  -13.4751  -12.9486  -12.7839  -12.6405  -12.6052  -12.2819   -5.4748   -5.2655   -4.6964   -4.6558   -3.3832   -3.3295   -3.1254   -2.8717   -2.6151   -2.2374   -2.1468   -1.8892   -1.6613   -1.6417   -1.5381   -1.4062   -1.2799   -1.2722   -1.0604   -0.9638   -0.8135   -0.7922   -0.7739   -0.6789    3.0225    3.7643    3.9136    4.1690    4.5680    4.7282    4.8917    5.3946    5.4673    5.5689    5.7873    5.8212    6.0409    6.2392    6.7445    6.8851    6.9088    7.4267    7.7636    7.9220    8.0369    8.1187    8.2900    8.4700    8.7323    8.8875    9.1072    9.4647
  4.7197  -36.2133  -36.1695  -36.1526  -36.1498  -17.6578  -17.5957  -17.4924  -17.3669  -17.2647  -17.1790  -17.1126  -17.0826  -17.0799  -16.9695  -16.7986  -16.7954  -15.9092  -15.8545  -15.8500  -15.8098  -15.7416  -15.7036  -15.4620  -15.3734  -15.2151  -15.1893  -15.0747  -15.0440  -15.0299  -15.0173  -15.0018  -14.9912  -14.9774  -14.9603  -14.8602  -14.8311  -14.2100  -13.4588  -13.4189  -12.9774  -12.7585  -12.6376  -12.5728  -12.3077   -5.4881   -5.2201   -4.7243   -4.7153   -3.4188   -3.3457   -3.1251   -2.8388   -2.6043   -2.2306   -2.2187   -1.9111   -1.6342   -1.6264   -1.5407   -1.3332   -1.2801   -1.2537   -1.0607   -1.0121   -0.8787   -0.8135   -0.7178   -0.6280    2.7988    3.6357    3.9982    4.2334    4.6443    4.8757    4.9358    5.3502    5.3670    5.6012    5.8249    5.8949    6.1026    6.3001    6.7624    6.9392    6.9472    7.5749    7.7526    7.8466    8.1359    8.1864    8.2977    8.4179    8.6441    8.7569    9.1668    9.6333
  4.7769  -36.2133  -36.1695  -36.1526  -36.1498  -17.6638  -17.5878  -17.4921  -17.3695  -17.2722  -17.1735  -17.1133  -17.0833  -17.0812  -16.9681  -16.7988  -16.7951  -15.9100  -15.8505  -15.8456  -15.8144  -15.7258  -15.7021  -15.4483  -15.3801  -15.2099  -15.1894  -15.0751  -15.0515  -15.0262  -15.0189  -15.0029  -14.9894  -14.9787  -14.9606  -14.8532  -14.8336  -14.3068  -13.4371  -13.3563  -13.0065  -12.7341  -12.6480  -12.5196  -12.3404   -5.5006   -5.1672   -4.7941   -4.7506   -3.4615   -3.3408   -3.1221   -2.8360   -2.5796   -2.3092   -2.2074   -1.9419   -1.6198   -1.6040   -1.5468   -1.3374   -1.3012   -1.1551   -1.0352   -1.0196   -0.9788   -0.8278   -0.6596   -0.5683    2.5550    3.5299    4.0610    4.3143    4.6797    4.9107    5.1410    5.2422    5.3434    5.6220    5.8271    5.9928    6.1676    6.3809    6.7902    7.0333    7.0362    7.6903    7.7796    7.9435    8.1490    8.2879    8.3838    8.5741    8.7097    8.8369    9.2788    9.9378
  4.8341  -36.2133  -36.1695  -36.1526  -36.1498  -17.6703  -17.5795  -17.4918  -17.3717  -17.2800  -17.1679  -17.1141  -17.0842  -17.0826  -16.9666  -16.7990  -16.7948  -15.9128  -15.8462  -15.8371  -15.8182  -15.7061  -15.7023  -15.4348  -15.3911  -15.2035  -15.1895  -15.0757  -15.0613  -15.0223  -15.0206  -15.0035  -14.9870  -14.9806  -14.9617  -14.8456  -14.8363  -14.3929  -13.4114  -13.3038  -13.0342  -12.7124  -12.6619  -12.4610  -12.3769   -5.5114   -5.1122   -4.8730   -4.7802   -3.5051   -3.3150   -3.1156   -2.8610   -2.5461   -2.3905   -2.1860   -1.9819   -1.6260   -1.5730   -1.5636   -1.3404   -1.3249   -1.1633   -1.1065   -0.9669   -0.9171   -0.8175   -0.6078   -0.5075    2.3054    3.4468    4.1064    4.3988    4.7049    4.9276    5.1541    5.3192    5.3588    5.6377    5.8224    6.0286    6.2802    6.4731    6.8308    7.1437    7.1730    7.7335    7.8724    8.1035    8.1521    8.2950    8.3710    8.5337    8.5540    8.6372    9.2129    9.7625
  4.8913  -36.2134  -36.1695  -36.1526  -36.1498  -17.6763  -17.5719  -17.4914  -17.3733  -17.2873  -17.1629  -17.1147  -17.0852  -17.0839  -16.9651  -16.7992  -16.7945  -15.9168  -15.8422  -15.8252  -15.8212  -15.7049  -15.6825  -15.4231  -15.4072  -15.1967  -15.1896  -15.0764  -15.0723  -15.0223  -15.0188  -15.0031  -14.9841  -14.9829  -14.9637  -14.8393  -14.8378  -14.4623  -13.3840  -13.2622  -13.0592  -12.6944  -12.6763  -12.4130  -12.4059   -5.5199   -5.0607   -4.9457   -4.8064   -3.5441   -3.2723   -3.1062   -2.9039   -2.5122   -2.4635   -2.1560   -2.0274   -1.6714   -1.5715   -1.5436   -1.3428   -1.3331   -1.1967   -1.1935   -0.9313   -0.9188   -0.6599   -0.5650   -0.4487    2.0647    3.3848    4.1391    4.4763    4.7177    4.9421    5.0965    5.2929    5.5434    5.6529    5.8098    6.0390    6.4081    6.5630    6.8784    7.2587    7.3141    7.7812    7.9627    8.0406    8.2184    8.2979    8.3516    8.5051    8.6046    8.8798    9.3509    9.6633
  4.9486  -36.2134  -36.1695  -36.1526  -36.1498  -17.6812  -17.5658  -17.4911  -17.3742  -17.2932  -17.1591  -17.1153  -17.0860  -17.0849  -16.9639  -16.7994  -16.7943  -15.9206  -15.8390  -15.8235  -15.8126  -15.7095  -15.6571  -15.4272  -15.4143  -15.1906  -15.1898  -15.0826  -15.0772  -15.0236  -15.0165  -15.0013  -14.9860  -14.9806  -14.9664  -14.8408  -14.8322  -14.5120  -13.3584  -13.2317  -13.0801  -12.6892  -12.6806  -12.4440  -12.3613   -5.5261   -5.0186   -5.0036   -4.8268   -3.5743   -3.2178   -3.0955   -2.9576   -2.5225   -2.4832   -2.1141   -2.0703   -1.7553   -1.5617   -1.5210   -1.3649   -1.3235   -1.2482   -1.2085   -0.9801   -0.8787   -0.5347   -0.5045   -0.3796    1.8535    3.3420    4.1616    4.5393    4.7158    4.9598    5.0623    5.2672    5.6673    5.6681    5.7941    6.0693    6.5187    6.6308    6.9224    7.3639    7.4001    7.8662    8.0136    8.0204    8.2759    8.3174    8.3656    8.5282    8.6848    9.0289    9.1787    9.6562
  5.0058  -36.2134  -36.1695  -36.1526  -36.1498  -17.6844  -17.5619  -17.4909  -17.3746  -17.2970  -17.1566  -17.1156  -17.0866  -17.0855  -16.9631  -16.7995  -16.7942  -15.9233  -15.8369  -15.8250  -15.8023  -15.7143  -15.6349  -15.4463  -15.4089  -15.1899  -15.1862  -15.0901  -15.0778  -15.0244  -15.0155  -14.9984  -14.9891  -14.9772  -14.9695  -14.8420  -14.8283  -14.5415  -13.3394  -13.2130  -13.0947  -12.6978  -12.6721  -12.4652  -12.3323   -5.5299   -5.0408   -4.9911   -4.8397   -3.5931   -3.1572   -3.0866   -3.0169   -2.5614   -2.4631   -2.1016   -2.0608   -1.8468   -1.5476   -1.5075   -1.3927   -1.3208   -1.2671   -1.1962   -1.0284   -0.8526   -0.5144   -0.4362   -0.2854    1.7017    3.3169    4.1748    4.5809    4.7071    4.9832    5.0383    5.2479    5.6779    5.7238    5.7815    6.1202    6.6012    6.6607    6.9533    7.4237    7.4362    7.9509    8.0139    8.0354    8.2850    8.3750    8.4355    8.6287    8.7524    8.9958    9.3172    9.6389
  5.0630  -36.2134  -36.1695  -36.1526  -36.1498  -17.6855  -17.5606  -17.4908  -17.3747  -17.2983  -17.1558  -17.1157  -17.0869  -17.0858  -16.9628  -16.7995  -16.7941  -15.9242  -15.8362  -15.8255  -15.7981  -15.7164  -15.6254  -15.4548  -15.4070  -15.1899  -15.1847  -15.0928  -15.0781  -15.0247  -15.0152  -14.9963  -14.9912  -14.9748  -14.9719  -14.8424  -14.8270  -14.5512  -13.3322  -13.2066  -13.1000  -12.7010  -12.6691  -12.4728  -12.3223   -5.5312   -5.0536   -4.9815   -4.8441   -3.5995   -3.1117   -3.0831   -3.0619   -2.5751   -2.4559   -2.1132   -2.0228   -1.8997   -1.5404   -1.5032   -1.4060   -1.3214   -1.2707   -1.1828   -1.0523   -0.8437   -0.5077   -0.4204   -0.2403    1.6451    3.3086    4.1792    4.5955    4.7028    5.0017    5.0213    5.2407    5.6818    5.7370    5.7768    6.1462    6.6496    6.6499    6.9644    7.4243    7.4611    7.9822    8.0147    8.0340    8.2927    8.4241    8.4386    8.5958    8.7995    8.8808    9.4691    9.6436
