#K-Path     Band-1    Band-2    Band-3    Band-4      ...     Band-n
  0.0000  -26.4615  -26.4595  -26.4567  -26.4523  -26.4503  -26.4502  -26.3965  -26.3961  -26.3945  -26.3938  -26.3908  -26.3904  -26.3889  -26.3884  -26.3852  -26.3852  -26.3850  -26.3850  -26.2140  -26.2121  -26.2102  -26.2077  -26.2075  -26.2048  -26.2043  -26.2028  -26.2026  -26.2013  -26.1931  -26.1929  -26.1926  -26.1903  -26.1843  -26.1836  -26.1818  -26.1813  -11.0324  -10.9674  -10.9628   -9.9934   -9.9867   -9.8344   -8.8583   -8.8581   -8.8572   -8.8571   -8.8560   -8.8553   -8.7963   -8.7963   -8.7952   -8.7951   -8.7934   -8.7934   -8.4047   -8.3315   -8.3288   -4.3396   -3.9481   -3.9459   -2.1354   -2.1282   -1.2759   -0.9616   -0.9595   -0.9568   -0.9548   -0.8789   -0.8770   -0.3498   -0.3491   -0.2406   -0.2383   -0.2304   -0.2289    1.4287    2.2302    2.2309    3.3327    3.3429    3.7835    4.7901    4.8324    4.8338    5.0363    5.0395    5.0409    5.0446    5.2131    5.2262    5.2440    5.6187    5.6276    5.6946    5.7402    5.7802
  0.0565  -26.4616  -26.4595  -26.4567  -26.4523  -26.4504  -26.4502  -26.3965  -26.3962  -26.3945  -26.3939  -26.3909  -26.3905  -26.3889  -26.3884  -26.3853  -26.3852  -26.3850  -26.3850  -26.2140  -26.2121  -26.2102  -26.2080  -26.2076  -26.2048  -26.2044  -26.2030  -26.2026  -26.2010  -26.1931  -26.1929  -26.1925  -26.1901  -26.1843  -26.1836  -26.1818  -26.1813  -11.0300  -10.9654  -10.9608   -9.9902   -9.9834   -9.8321   -8.8585   -8.8582   -8.8573   -8.8572   -8.8562   -8.8553   -8.7963   -8.7961   -8.7952   -8.7950   -8.7935   -8.7933   -8.4027   -8.3297   -8.3270   -4.3324   -3.9433   -3.9410   -2.1342   -2.1271   -1.2774   -1.0035   -0.9825   -0.9750   -0.9530   -0.9282   -0.8841   -0.3782   -0.3539   -0.2860   -0.2566   -0.2519   -0.2221    1.4797    2.2646    2.2663    3.3682    3.3787    3.8258    4.6926    4.7380    4.7439    4.9957    5.0075    5.0364    5.0763    5.0823    5.1975    5.5250    5.5566    5.6100    5.6519    5.7485    5.8101
  0.1131  -26.4616  -26.4595  -26.4567  -26.4524  -26.4504  -26.4502  -26.3966  -26.3963  -26.3946  -26.3940  -26.3910  -26.3906  -26.3890  -26.3885  -26.3854  -26.3854  -26.3851  -26.3850  -26.2140  -26.2121  -26.2102  -26.2088  -26.2076  -26.2050  -26.2047  -26.2033  -26.2026  -26.2003  -26.1931  -26.1928  -26.1921  -26.1898  -26.1842  -26.1836  -26.1817  -26.1813  -11.0228  -10.9595  -10.9549   -9.9805   -9.9739   -9.8252   -8.8589   -8.8582   -8.8577   -8.8573   -8.8566   -8.8554   -8.7964   -8.7956   -8.7953   -8.7945   -8.7935   -8.7928   -8.3965   -8.3243   -8.3216   -4.3111   -3.9288   -3.9266   -2.1312   -2.1242   -1.2824   -1.1098   -1.0709   -1.0633   -1.0027   -0.9609   -0.9023   -0.4585   -0.3987   -0.3680   -0.3323   -0.2855   -0.2204    1.6183    2.3544    2.3630    3.4592    3.4768    3.9439    4.3960    4.5664    4.5718    4.9321    4.9742    5.0099    5.1125    5.1412    5.1468    5.3372    5.5274    5.6817    5.7286    5.8187    6.0170
  0.1696  -26.4616  -26.4596  -26.4566  -26.4525  -26.4505  -26.4503  -26.3967  -26.3965  -26.3949  -26.3941  -26.3911  -26.3908  -26.3892  -26.3887  -26.3857  -26.3856  -26.3853  -26.3852  -26.2140  -26.2121  -26.2102  -26.2097  -26.2077  -26.2056  -26.2048  -26.2039  -26.2027  -26.1994  -26.1931  -26.1927  -26.1915  -26.1892  -26.1841  -26.1836  -26.1816  -26.1813  -11.0112  -10.9501  -10.9456   -9.9650   -9.9583   -9.8141   -8.8596   -8.8584   -8.8584   -8.8574   -8.8573   -8.8555   -8.7965   -8.7954   -8.7948   -8.7937   -8.7937   -8.7920   -8.3864   -8.3155   -8.3128   -4.2762   -3.9058   -3.9029   -2.1287   -2.1218   -1.3000   -1.2597   -1.2495   -1.2025   -1.0402   -0.9796   -0.9307   -0.5784   -0.5569   -0.4575   -0.3903   -0.3219   -0.2274    1.8135    2.4671    2.4944    3.5537    3.6126    4.0113    4.1654    4.3853    4.4310    4.8253    4.9682    5.0101    5.0759    5.1211    5.1250    5.2190    5.4500    5.4504    5.8322    5.9893    6.0952
  0.2261  -26.4616  -26.4596  -26.4566  -26.4526  -26.4506  -26.4504  -26.3969  -26.3968  -26.3952  -26.3943  -26.3913  -26.3911  -26.3894  -26.3889  -26.3860  -26.3858  -26.3855  -26.3853  -26.2140  -26.2121  -26.2107  -26.2102  -26.2078  -26.2062  -26.2049  -26.2046  -26.2027  -26.1985  -26.1931  -26.1924  -26.1909  -26.1886  -26.1840  -26.1835  -26.1814  -26.1813  -10.9958  -10.9378  -10.9332   -9.9443   -9.9375   -9.7996   -8.8606   -8.8594   -8.8586   -8.8583   -8.8576   -8.8557   -8.7967   -8.7956   -8.7939   -8.7938   -8.7926   -8.7909   -8.3726   -8.3038   -8.3010   -4.2287   -3.8759   -3.8704   -2.1313   -2.1246   -1.4862   -1.4284   -1.3604   -1.3037   -1.0848   -1.0075   -0.9674   -0.7438   -0.7182   -0.6090   -0.4193   -0.3634   -0.2421    2.0355    2.5570    2.6252    3.5906    3.6947    3.7252    4.2408    4.3462    4.3876    4.7030    4.9130    4.9516    4.9958    5.0279    5.1426    5.2977    5.3449    5.3920    5.9406    6.0666    6.1563
  0.2827  -26.4617  -26.4596  -26.4566  -26.4528  -26.4507  -26.4505  -26.3973  -26.3970  -26.3955  -26.3945  -26.3915  -26.3914  -26.3897  -26.3891  -26.3863  -26.3862  -26.3857  -26.3855  -26.2140  -26.2121  -26.2116  -26.2103  -26.2079  -26.2070  -26.2052  -26.2049  -26.2028  -26.1977  -26.1930  -26.1922  -26.1902  -26.1880  -26.1839  -26.1834  -26.1813  -26.1812  -10.9774  -10.9233  -10.9186   -9.9194   -9.9124   -9.7826   -8.8618   -8.8606   -8.8595   -8.8588   -8.8578   -8.8559   -8.7970   -8.7958   -8.7941   -8.7925   -8.7914   -8.7896   -8.3556   -8.2896   -8.2866   -4.1701   -3.8409   -3.8302   -2.1494   -2.1407   -1.7171   -1.5923   -1.5196   -1.3355   -1.1338   -1.0420   -1.0095   -0.9391   -0.8622   -0.7700   -0.4530   -0.4079   -0.2628    2.2613    2.5764    2.7212    3.3695    3.5792    3.7133    4.2231    4.3579    4.5117    4.5770    4.8481    4.9095    4.9119    4.9912    5.1789    5.3254    5.3630    5.3915    5.8190    6.1315    6.2532
  0.3392  -26.4617  -26.4597  -26.4565  -26.4530  -26.4508  -26.4506  -26.3976  -26.3973  -26.3959  -26.3947  -26.3918  -26.3917  -26.3900  -26.3893  -26.3867  -26.3866  -26.3859  -26.3857  -26.2141  -26.2125  -26.2122  -26.2103  -26.2081  -26.2076  -26.2059  -26.2050  -26.2029  -26.1970  -26.1927  -26.1919  -26.1896  -26.1875  -26.1838  -26.1832  -26.1811  -26.1811  -10.9571  -10.9075  -10.9026   -9.8918   -9.8838   -9.7642   -8.8632   -8.8620   -8.8608   -8.8590   -8.8581   -8.8561   -8.7972   -8.7961   -8.7944   -8.7912   -8.7900   -8.7882   -8.3359   -8.2737   -8.2703   -4.1024   -3.8031   -3.7839   -2.2014   -2.1821   -1.9446   -1.7227   -1.6554   -1.3899   -1.1844   -1.1320   -1.0804   -1.0542   -0.9873   -0.9267   -0.4893   -0.4532   -0.2874    2.4745    2.5061    2.7597    3.0626    3.5727    3.5929    4.2454    4.3072    4.4553    4.5654    4.7777    4.8230    4.9262    5.0403    5.1777    5.3757    5.4135    5.4789    5.8039    6.3135    6.3426
  0.3958  -26.4618  -26.4597  -26.4565  -26.4532  -26.4510  -26.4508  -26.3980  -26.3975  -26.3963  -26.3949  -26.3922  -26.3919  -26.3904  -26.3895  -26.3871  -26.3869  -26.3862  -26.3859  -26.2143  -26.2132  -26.2123  -26.2104  -26.2083  -26.2082  -26.2065  -26.2051  -26.2029  -26.1965  -26.1924  -26.1916  -26.1891  -26.1870  -26.1836  -26.1830  -26.1810  -26.1809  -10.9357  -10.8916  -10.8861   -9.8630   -9.8531   -9.7456   -8.8647   -8.8634   -8.8623   -8.8592   -8.8583   -8.8564   -8.7975   -8.7964   -8.7947   -8.7897   -8.7886   -8.7868   -8.3143   -8.2572   -8.2529   -4.0282   -3.7647   -3.7336   -2.2974   -2.2605   -2.1582   -1.8028   -1.7481   -1.4741   -1.3121   -1.2340   -1.1199   -1.0989   -1.0794   -1.0673   -0.5259   -0.4971   -0.3138    2.3734    2.6624    2.7395    2.7806    3.4516    3.5717    4.1134    4.3428    4.4038    4.5279    4.7067    4.7396    4.8384    5.1196    5.2213    5.3526    5.5335    5.5899    5.9725    6.4604    6.6447
  0.4523  -26.4618  -26.4598  -26.4564  -26.4534  -26.4511  -26.4509  -26.3984  -26.3977  -26.3967  -26.3952  -26.3926  -26.3921  -26.3908  -26.3897  -26.3875  -26.3873  -26.3864  -26.3860  -26.2145  -26.2137  -26.2124  -26.2105  -26.2088  -26.2083  -26.2070  -26.2051  -26.2030  -26.1961  -26.1921  -26.1914  -26.1887  -26.1866  -26.1835  -26.1828  -26.1808  -26.1807  -10.9146  -10.8765  -10.8699   -9.8347   -9.8217   -9.7284   -8.8662   -8.8650   -8.8639   -8.8595   -8.8585   -8.8566   -8.7979   -8.7967   -8.7950   -8.7884   -8.7872   -8.7854   -8.2918   -8.2411   -8.2353   -3.9508   -3.7287   -3.6817   -2.4203   -2.3697   -2.3505   -1.8454   -1.7998   -1.5790   -1.4703   -1.2801   -1.1838   -1.1580   -1.1410   -1.1390   -0.5608   -0.5377   -0.3401    2.2194    2.5250    2.6781    2.8200    3.3219    3.5465    4.0144    4.2435    4.4618    4.4836    4.6397    4.6633    4.7537    5.0374    5.2839    5.3635    5.5624    5.7728    6.2283    6.5504    6.6964
  0.5088  -26.4619  -26.4598  -26.4563  -26.4537  -26.4513  -26.4510  -26.3988  -26.3979  -26.3970  -26.3954  -26.3929  -26.3923  -26.3911  -26.3899  -26.3880  -26.3876  -26.3866  -26.3862  -26.2148  -26.2140  -26.2125  -26.2106  -26.2092  -26.2084  -26.2075  -26.2052  -26.2031  -26.1959  -26.1917  -26.1912  -26.1884  -26.1863  -26.1833  -26.1827  -26.1807  -26.1805  -10.8947  -10.8634  -10.8551   -9.8086   -9.7911   -9.7138   -8.8677   -8.8665   -8.8653   -8.8597   -8.8587   -8.8568   -8.7981   -8.7970   -8.7953   -8.7871   -8.7859   -8.7842   -8.2696   -8.2268   -8.2186   -3.8743   -3.6976   -3.6309   -2.5444   -2.5156   -2.4878   -1.8739   -1.8313   -1.6862   -1.5977   -1.3206   -1.2667   -1.1923   -1.1821   -1.1782   -0.5920   -0.5733   -0.3642    2.0733    2.3045    2.5987    2.9400    3.2111    3.4867    3.9637    4.1595    4.3814    4.5391    4.5805    4.5971    4.7157    4.9510    5.2093    5.4144    5.5976    5.8896    6.4658    6.5148    6.7392
  0.5654  -26.4619  -26.4599  -26.4562  -26.4539  -26.4514  -26.4511  -26.3991  -26.3981  -26.3973  -26.3956  -26.3932  -26.3925  -26.3914  -26.3900  -26.3883  -26.3879  -26.3868  -26.3864  -26.2151  -26.2143  -26.2126  -26.2107  -26.2096  -26.2085  -26.2078  -26.2052  -26.2031  -26.1957  -26.1914  -26.1910  -26.1882  -26.1860  -26.1831  -26.1825  -26.1805  -26.1804  -10.8771  -10.8531  -10.8425   -9.7862   -9.7629   -9.7032   -8.8690   -8.8678   -8.8667   -8.8599   -8.8589   -8.8570   -8.7984   -8.7973   -8.7955   -8.7860   -8.7849   -8.7831   -8.2491   -8.2154   -8.2040   -3.8033   -3.6739   -3.5847   -2.6534   -2.6479   -2.5960   -1.9002   -1.8641   -1.7811   -1.6834   -1.3539   -1.3146   -1.2209   -1.2175   -1.2091   -0.6179   -0.6024   -0.3847    1.9525    2.1211    2.5210    3.0276    3.1220    3.4076    3.9513    4.0927    4.2879    4.5319    4.5433    4.5737    4.7435    4.8736    5.1429    5.3897    5.6287    5.9060    6.4720    6.7237    6.8357
  0.6219  -26.4620  -26.4599  -26.4561  -26.4540  -26.4515  -26.4511  -26.3993  -26.3983  -26.3976  -26.3957  -26.3935  -26.3926  -26.3916  -26.3901  -26.3886  -26.3880  -26.3869  -26.3865  -26.2153  -26.2145  -26.2127  -26.2108  -26.2099  -26.2086  -26.2081  -26.2053  -26.2031  -26.1956  -26.1911  -26.1908  -26.1880  -26.1859  -26.1830  -26.1824  -26.1804  -26.1802  -10.8627  -10.8463  -10.8329   -9.7690   -9.7386   -9.6977   -8.8700   -8.8688   -8.8677   -8.8600   -8.8591   -8.8571   -8.7986   -8.7975   -8.7957   -8.7852   -8.7841   -8.7823   -8.2314   -8.2080   -8.1926   -3.7429   -3.6597   -3.5467   -2.7439   -2.7378   -2.6818   -1.9241   -1.9045   -1.8558   -1.7259   -1.3785   -1.3317   -1.2500   -1.2424   -1.2321   -0.6374   -0.6240   -0.4002    1.8678    1.9789    2.4580    3.0564    3.0920    3.3282    3.9637    4.0443    4.1944    4.4962    4.5034    4.5924    4.8135    4.8256    5.0915    5.3166    5.6506    5.8565    6.5147    6.6932    6.9557
  0.6784  -26.4620  -26.4599  -26.4561  -26.4541  -26.4515  -26.4512  -26.3994  -26.3983  -26.3977  -26.3958  -26.3936  -26.3927  -26.3917  -26.3902  -26.3887  -26.3882  -26.3870  -26.3865  -26.2154  -26.2146  -26.2127  -26.2108  -26.2100  -26.2086  -26.2082  -26.2053  -26.2032  -26.1955  -26.1910  -26.1907  -26.1879  -26.1858  -26.1829  -26.1823  -26.1803  -26.1802  -10.8522  -10.8435  -10.8270   -9.7582   -9.7196   -9.6980   -8.8707   -8.8695   -8.8684   -8.8601   -8.8591   -8.8572   -8.7987   -8.7976   -8.7959   -8.7847   -8.7836   -8.7818   -8.2179   -8.2056   -8.1854   -3.6975   -3.6572   -3.5213   -2.7998   -2.7934   -2.7371   -1.9428   -1.9334   -1.9063   -1.7418   -1.3937   -1.3265   -1.2805   -1.2558   -1.2462   -0.6494   -0.6372   -0.4099    1.8257    1.8810    2.4175    3.0163    3.1451    3.2577    3.9952    4.0149    4.1117    4.4748    4.4785    4.6011    4.7755    4.9423    5.0591    5.2063    5.6808    5.7893    6.5629    6.6572    7.0993
  0.7350  -26.4620  -26.4599  -26.4561  -26.4542  -26.4516  -26.4512  -26.3995  -26.3984  -26.3978  -26.3958  -26.3937  -26.3928  -26.3918  -26.3902  -26.3888  -26.3882  -26.3870  -26.3866  -26.2154  -26.2147  -26.2127  -26.2108  -26.2101  -26.2086  -26.2083  -26.2053  -26.2032  -26.1955  -26.1909  -26.1907  -26.1879  -26.1858  -26.1829  -26.1823  -26.1803  -26.1802  -10.8472  -10.8440  -10.8249   -9.7546   -9.7090   -9.7022   -8.8709   -8.8697   -8.8686   -8.8601   -8.8592   -8.8572   -8.7988   -8.7976   -8.7959   -8.7845   -8.7834   -8.7816   -8.2106   -8.2074   -8.1829   -3.6703   -3.6678   -3.5123   -2.8165   -2.8143   -2.7562   -1.9534   -1.9332   -1.9310   -1.7458   -1.3988   -1.3075   -1.3071   -1.2603   -1.2510   -0.6534   -0.6417   -0.4132    1.8288    1.8306    2.4036    3.0028    3.1976    3.1981    4.0050    4.0429    4.0467    4.4681    4.4696    4.6036    4.7626    5.0479    5.0751    5.0756    5.7239    5.7314    6.6072    6.6416    7.0835
  0.7350  -26.4615  -26.4595  -26.4567  -26.4523  -26.4503  -26.4502  -26.3965  -26.3962  -26.3945  -26.3938  -26.3908  -26.3904  -26.3889  -26.3884  -26.3852  -26.3852  -26.3850  -26.3850  -26.2140  -26.2121  -26.2102  -26.2078  -26.2075  -26.2048  -26.2043  -26.2028  -26.2026  -26.2013  -26.1931  -26.1929  -26.1926  -26.1903  -26.1843  -26.1836  -26.1818  -26.1813  -11.0130  -11.0101  -10.9388  -10.0431   -9.8898   -9.8827   -8.8583   -8.8581   -8.8572   -8.8571   -8.8560   -8.8553   -8.7963   -8.7963   -8.7952   -8.7951   -8.7935   -8.7934   -8.3796   -8.3770   -8.3081   -4.2298   -4.2290   -3.7402   -2.4554   -1.5705   -1.5635   -0.9803   -0.9795   -0.9131   -0.9110   -0.9047   -0.9031   -0.3144   -0.3120   -0.3041   -0.3018   -0.2019   -0.1997    1.7031    1.7045    2.5418    3.1667    3.6102    3.6109    4.7213    4.9577    4.9613    5.0045    5.0082    5.1334    5.1357    5.1385    5.1445    5.2868    5.2960    5.5134    5.5297    5.8022    5.8604
  0.7673  -26.4615  -26.4595  -26.4567  -26.4523  -26.4503  -26.4502  -26.3965  -26.3962  -26.3945  -26.3938  -26.3908  -26.3904  -26.3889  -26.3884  -26.3852  -26.3852  -26.3850  -26.3850  -26.2140  -26.2121  -26.2102  -26.2078  -26.2075  -26.2048  -26.2043  -26.2028  -26.2026  -26.2013  -26.1931  -26.1929  -26.1926  -26.1903  -26.1843  -26.1836  -26.1818  -26.1813  -11.0205  -11.0009  -10.9406  -10.0394   -9.9114   -9.8646   -8.8583   -8.8581   -8.8572   -8.8571   -8.8560   -8.8553   -8.7963   -8.7963   -8.7952   -8.7951   -8.7935   -8.7934   -8.3891   -8.3661   -8.3095   -4.2768   -4.1705   -3.7571   -2.4309   -1.7018   -1.4490   -0.9789   -0.9781   -0.9223   -0.9209   -0.8962   -0.8947   -0.3258   -0.3250   -0.2893   -0.2884   -0.2041   -0.2020    1.5928    1.8302    2.5169    3.1817    3.5417    3.6753    4.7295    4.9210    4.9566    5.0066    5.0101    5.1067    5.1115    5.1638    5.1707    5.2422    5.3914    5.5169    5.5263    5.7828    5.9939
  0.7996  -26.4615  -26.4595  -26.4567  -26.4523  -26.4503  -26.4502  -26.3965  -26.3962  -26.3945  -26.3938  -26.3908  -26.3904  -26.3889  -26.3884  -26.3852  -26.3852  -26.3850  -26.3850  -26.2140  -26.2121  -26.2102  -26.2078  -26.2075  -26.2048  -26.2043  -26.2028  -26.2026  -26.2013  -26.1931  -26.1929  -26.1926  -26.1903  -26.1843  -26.1836  -26.1818  -26.1813  -11.0270  -10.9893  -10.9460  -10.0288   -9.9380   -9.8483   -8.8583   -8.8581   -8.8572   -8.8571   -8.8560   -8.8553   -8.7963   -8.7963   -8.7952   -8.7951   -8.7934   -8.7934   -8.3975   -8.3535   -8.3138   -4.3114   -4.1018   -3.8036   -2.3619   -1.8458   -1.3563   -0.9748   -0.9739   -0.9350   -0.9339   -0.8871   -0.8854   -0.3385   -0.3379   -0.2707   -0.2695   -0.2105   -0.2085    1.5050    1.9644    2.4486    3.2214    3.4723    3.7308    4.7529    4.8598    4.9251    5.0137    5.0165    5.0801    5.0846    5.1925    5.2117    5.2325    5.5304    5.5581    5.6569    5.7556    5.9188
  0.8319  -26.4615  -26.4595  -26.4567  -26.4523  -26.4503  -26.4502  -26.3965  -26.3962  -26.3945  -26.3938  -26.3908  -26.3904  -26.3889  -26.3884  -26.3852  -26.3852  -26.3850  -26.3850  -26.2140  -26.2121  -26.2102  -26.2078  -26.2075  -26.2048  -26.2043  -26.2028  -26.2026  -26.2013  -26.1931  -26.1929  -26.1926  -26.1903  -26.1843  -26.1836  -26.1818  -26.1813  -11.0310  -10.9772  -10.9543  -10.0121   -9.9647   -9.8379   -8.8583   -8.8581   -8.8572   -8.8571   -8.8560   -8.8553   -8.7963   -8.7963   -8.7952   -8.7951   -8.7935   -8.7934   -8.4029   -8.3413   -8.3208   -4.3325   -4.0261   -3.8703   -2.2585   -1.9915   -1.2968   -0.9681   -0.9672   -0.9473   -0.9463   -0.8811   -0.8792   -0.3469   -0.3462   -0.2528   -0.2513   -0.2206   -0.2189    1.4485    2.1000    2.3495    3.2756    3.4040    3.7695    4.7889    4.8093    4.8808    5.0232    5.0260    5.0573    5.0606    5.2057    5.2140    5.2335    5.5804    5.6202    5.6785    5.6996    5.7657
  0.8642  -26.4615  -26.4595  -26.4567  -26.4523  -26.4503  -26.4502  -26.3965  -26.3961  -26.3945  -26.3938  -26.3908  -26.3904  -26.3889  -26.3884  -26.3852  -26.3852  -26.3850  -26.3850  -26.2140  -26.2121  -26.2102  -26.2077  -26.2075  -26.2048  -26.2043  -26.2028  -26.2026  -26.2013  -26.1931  -26.1929  -26.1926  -26.1903  -26.1843  -26.1836  -26.1818  -26.1813  -11.0324  -10.9674  -10.9628   -9.9934   -9.9867   -9.8344   -8.8583   -8.8581   -8.8572   -8.8571   -8.8560   -8.8553   -8.7963   -8.7963   -8.7952   -8.7951   -8.7934   -8.7934   -8.4047   -8.3315   -8.3288   -4.3396   -3.9481   -3.9459   -2.1354   -2.1282   -1.2759   -0.9616   -0.9595   -0.9568   -0.9548   -0.8789   -0.8770   -0.3498   -0.3491   -0.2406   -0.2383   -0.2304   -0.2289    1.4287    2.2302    2.2309    3.3327    3.3429    3.7835    4.7900    4.8325    4.8339    5.0357    5.0392    5.0399    5.0431    5.2143    5.2220    5.2362    5.6184    5.6234    5.6350    5.7267    5.8145
  0.8642  -26.4615  -26.4595  -26.4567  -26.4523  -26.4503  -26.4502  -26.3965  -26.3961  -26.3945  -26.3938  -26.3908  -26.3904  -26.3889  -26.3884  -26.3852  -26.3852  -26.3850  -26.3850  -26.2140  -26.2121  -26.2102  -26.2077  -26.2075  -26.2048  -26.2043  -26.2028  -26.2026  -26.2013  -26.1931  -26.1929  -26.1926  -26.1903  -26.1843  -26.1836  -26.1818  -26.1813  -11.0324  -10.9674  -10.9628   -9.9934   -9.9867   -9.8344   -8.8583   -8.8581   -8.8572   -8.8571   -8.8560   -8.8553   -8.7963   -8.7963   -8.7952   -8.7951   -8.7934   -8.7934   -8.4047   -8.3315   -8.3288   -4.3396   -3.9481   -3.9459   -2.1354   -2.1282   -1.2759   -0.9616   -0.9595   -0.9568   -0.9548   -0.8789   -0.8770   -0.3498   -0.3491   -0.2406   -0.2383   -0.2304   -0.2289    1.4287    2.2302    2.2309    3.3327    3.3429    3.7835    4.7901    4.8325    4.8339    5.0374    5.0397    5.0406    5.0422    5.2187    5.2347    5.2667    5.6187    5.6344    5.6785    5.7119    5.8020
  0.9207  -26.4616  -26.4595  -26.4567  -26.4523  -26.4504  -26.4502  -26.3965  -26.3962  -26.3945  -26.3939  -26.3909  -26.3905  -26.3889  -26.3884  -26.3853  -26.3852  -26.3850  -26.3850  -26.2140  -26.2121  -26.2102  -26.2079  -26.2078  -26.2049  -26.2043  -26.2030  -26.2026  -26.2010  -26.1931  -26.1929  -26.1925  -26.1901  -26.1843  -26.1836  -26.1818  -26.1812  -11.0300  -10.9654  -10.9608   -9.9902   -9.9835   -9.8321   -8.8584   -8.8582   -8.8574   -8.8571   -8.8561   -8.8554   -8.7964   -8.7961   -8.7952   -8.7950   -8.7935   -8.7933   -8.4027   -8.3297   -8.3270   -4.3324   -3.9433   -3.9410   -2.1342   -2.1271   -1.2773   -1.0040   -0.9820   -0.9747   -0.9534   -0.9289   -0.8833   -0.3776   -0.3544   -0.2873   -0.2554   -0.2522   -0.2216    1.4796    2.2651    2.2658    3.3681    3.3788    3.8259    4.6912    4.7350    4.7471    4.9948    5.0072    5.0371    5.0753    5.0808    5.2010    5.5251    5.5542    5.6252    5.6521    5.7179    5.8433
  0.9772  -26.4616  -26.4595  -26.4567  -26.4524  -26.4504  -26.4502  -26.3966  -26.3963  -26.3946  -26.3940  -26.3910  -26.3905  -26.3891  -26.3885  -26.3854  -26.3853  -26.3852  -26.3851  -26.2140  -26.2121  -26.2102  -26.2086  -26.2078  -26.2053  -26.2044  -26.2033  -26.2027  -26.2003  -26.1930  -26.1929  -26.1921  -26.1898  -26.1843  -26.1835  -26.1818  -26.1812  -11.0228  -10.9596  -10.9549   -9.9806   -9.9739   -9.8252   -8.8588   -8.8584   -8.8578   -8.8572   -8.8562   -8.8557   -8.7964   -8.7956   -8.7953   -8.7945   -8.7936   -8.7927   -8.3965   -8.3243   -8.3216   -4.3112   -3.9291   -3.9264   -2.1312   -2.1242   -1.2823   -1.1104   -1.0717   -1.0627   -1.0025   -0.9610   -0.9014   -0.4581   -0.4002   -0.3683   -0.3322   -0.2845   -0.2198    1.6182    2.3556    2.3621    3.4584    3.4778    3.9444    4.3929    4.5628    4.5763    4.9319    4.9744    5.0109    5.1122    5.1385    5.1508    5.3361    5.5544    5.5860    5.7092    5.8838    5.9762
  1.0337  -26.4616  -26.4596  -26.4566  -26.4525  -26.4505  -26.4503  -26.3968  -26.3965  -26.3947  -26.3942  -26.3912  -26.3907  -26.3893  -26.3886  -26.3855  -26.3854  -26.3854  -26.3853  -26.2140  -26.2121  -26.2102  -26.2095  -26.2079  -26.2059  -26.2044  -26.2039  -26.2027  -26.1994  -26.1929  -26.1928  -26.1915  -26.1892  -26.1843  -26.1834  -26.1818  -26.1811  -11.0112  -10.9502  -10.9456   -9.9651   -9.9584   -9.8142   -8.8595   -8.8585   -8.8585   -8.8574   -8.8567   -8.8561   -8.7966   -8.7954   -8.7948   -8.7937   -8.7937   -8.7919   -8.3864   -8.3156   -8.3128   -4.2764   -3.9065   -3.9023   -2.1286   -2.1218   -1.2998   -1.2608   -1.2500   -1.2018   -1.0397   -0.9796   -0.9298   -0.5787   -0.5580   -0.4571   -0.3904   -0.3208   -0.2267    1.8134    2.4687    2.4934    3.5522    3.6145    4.0126    4.1611    4.3897    4.4273    4.8257    4.9689    5.0117    5.0812    5.1212    5.1242    5.2158    5.4441    5.4633    5.9131    5.9778    6.1005
  1.0902  -26.4616  -26.4596  -26.4566  -26.4526  -26.4506  -26.4504  -26.3971  -26.3967  -26.3949  -26.3945  -26.3915  -26.3909  -26.3896  -26.3887  -26.3857  -26.3857  -26.3856  -26.3855  -26.2140  -26.2121  -26.2105  -26.2103  -26.2080  -26.2066  -26.2045  -26.2045  -26.2028  -26.1985  -26.1929  -26.1926  -26.1909  -26.1886  -26.1843  -26.1832  -26.1818  -26.1809  -10.9959  -10.9379  -10.9333   -9.9444   -9.9376   -9.7997   -8.8604   -8.8595   -8.8587   -8.8576   -8.8575   -8.8563   -8.7968   -8.7956   -8.7939   -8.7938   -8.7926   -8.7909   -8.3727   -8.3039   -8.3010   -4.2290   -3.8771   -3.8694   -2.1308   -2.1249   -1.4871   -1.4290   -1.3600   -1.3033   -1.0841   -1.0072   -0.9664   -0.7467   -0.7171   -0.6082   -0.4192   -0.3622   -0.2413    2.0352    2.5588    2.6246    3.5881    3.6928    3.7289    4.2435    4.3448    4.3856    4.7041    4.9141    4.9503    5.0006    5.0311    5.1444    5.2929    5.3378    5.3960    5.9044    6.0816    6.1491
  1.1467  -26.4617  -26.4596  -26.4566  -26.4528  -26.4507  -26.4505  -26.3974  -26.3969  -26.3952  -26.3948  -26.3918  -26.3911  -26.3900  -26.3889  -26.3861  -26.3860  -26.3859  -26.3857  -26.2141  -26.2121  -26.2114  -26.2103  -26.2081  -26.2073  -26.2052  -26.2045  -26.2028  -26.1977  -26.1927  -26.1924  -26.1902  -26.1879  -26.1843  -26.1831  -26.1817  -26.1808  -10.9776  -10.9234  -10.9187   -9.9197   -9.9125   -9.7827   -8.8616   -8.8607   -8.8589   -8.8588   -8.8577   -8.8566   -8.7970   -8.7958   -8.7941   -8.7925   -8.7914   -8.7896   -8.3557   -8.2898   -8.2866   -4.1706   -3.8425   -3.8288   -2.1479   -2.1418   -1.7180   -1.5926   -1.5198   -1.3346   -1.1329   -1.0414   -1.0084   -0.9420   -0.8615   -0.7691   -0.4526   -0.4067   -0.2619    2.2609    2.5779    2.7212    3.3674    3.5755    3.7190    4.2238    4.3597    4.5108    4.5787    4.8494    4.9082    4.9144    4.9942    5.1823    5.3216    5.3666    5.3872    5.8155    6.1177    6.2528
  1.2032  -26.4617  -26.4597  -26.4565  -26.4530  -26.4508  -26.4506  -26.3978  -26.3971  -26.3955  -26.3951  -26.3921  -26.3913  -26.3903  -26.3890  -26.3865  -26.3864  -26.3861  -26.3859  -26.2142  -26.2122  -26.2122  -26.2104  -26.2082  -26.2080  -26.2059  -26.2046  -26.2029  -26.1971  -26.1925  -26.1921  -26.1896  -26.1874  -26.1842  -26.1829  -26.1816  -26.1806  -10.9572  -10.9077  -10.9027   -9.8922   -9.8839   -9.7643   -8.8630   -8.8620   -8.8602   -8.8592   -8.8580   -8.8568   -8.7973   -8.7961   -8.7944   -8.7911   -8.7900   -8.7883   -8.3360   -8.2740   -8.2703   -4.1032   -3.8049   -3.7823   -2.2002   -2.1828   -1.9454   -1.7221   -1.6567   -1.3884   -1.1833   -1.1351   -1.0794   -1.0531   -0.9871   -0.9258   -0.4885   -0.4519   -0.2864    2.4738    2.5068    2.7608    3.0604    3.5682    3.5992    4.2491    4.3081    4.4574    4.5655    4.7792    4.8272    4.9291    5.0361    5.1825    5.3760    5.4116    5.4760    5.7993    6.2391    6.2893
  1.2597  -26.4618  -26.4597  -26.4565  -26.4532  -26.4510  -26.4508  -26.3982  -26.3973  -26.3959  -26.3954  -26.3925  -26.3916  -26.3907  -26.3892  -26.3869  -26.3867  -26.3864  -26.3861  -26.2144  -26.2129  -26.2123  -26.2105  -26.2086  -26.2084  -26.2065  -26.2047  -26.2030  -26.1966  -26.1922  -26.1918  -26.1891  -26.1869  -26.1840  -26.1827  -26.1815  -26.1804  -10.9360  -10.8919  -10.8861   -9.8636   -9.8532   -9.7458   -8.8645   -8.8635   -8.8616   -8.8594   -8.8582   -8.8570   -8.7976   -8.7964   -8.7947   -8.7897   -8.7886   -8.7868   -8.3145   -8.2575   -8.2528   -4.0292   -3.7669   -3.7317   -2.2971   -2.2601   -2.1590   -1.8007   -1.7510   -1.4719   -1.3153   -1.2326   -1.1186   -1.0977   -1.0792   -1.0668   -0.5247   -0.4958   -0.3127    2.3732    2.6617    2.7419    2.7782    3.4576    3.5672    4.1187    4.3454    4.4051    4.5289    4.7085    4.7436    4.8423    5.1246    5.2169    5.3484    5.5320    5.5878    5.9544    6.4257    6.4634
  1.3162  -26.4619  -26.4598  -26.4564  -26.4535  -26.4511  -26.4509  -26.3986  -26.3976  -26.3962  -26.3956  -26.3929  -26.3918  -26.3911  -26.3894  -26.3873  -26.3871  -26.3866  -26.3862  -26.2147  -26.2133  -26.2124  -26.2106  -26.2091  -26.2085  -26.2070  -26.2047  -26.2030  -26.1962  -26.1918  -26.1916  -26.1887  -26.1865  -26.1839  -26.1825  -26.1813  -26.1802  -10.9149  -10.8769  -10.8699   -9.8355   -9.8218   -9.7285   -8.8660   -8.8651   -8.8632   -8.8596   -8.8584   -8.8573   -8.7979   -8.7967   -8.7950   -8.7884   -8.7872   -8.7855   -8.2921   -8.2415   -8.2352   -3.9521   -3.7311   -3.6795   -2.4209   -2.3687   -2.3510   -1.8421   -1.8039   -1.5764   -1.4737   -1.2785   -1.1831   -1.1562   -1.1401   -1.1391   -0.5592   -0.5365   -0.3388    2.2186    2.5230    2.6814    2.8188    3.3280    3.5422    4.0203    4.2464    4.4636    4.4854    4.6418    4.6673    4.7585    5.0421    5.2781    5.3589    5.5618    5.7689    6.2261    6.5510    6.6880
  1.3727  -26.4619  -26.4598  -26.4563  -26.4537  -26.4513  -26.4510  -26.3989  -26.3978  -26.3966  -26.3958  -26.3932  -26.3920  -26.3914  -26.3895  -26.3877  -26.3874  -26.3868  -26.3864  -26.2150  -26.2137  -26.2125  -26.2107  -26.2096  -26.2086  -26.2075  -26.2048  -26.2031  -26.1960  -26.1914  -26.1913  -26.1884  -26.1862  -26.1837  -26.1823  -26.1812  -26.1800  -10.8950  -10.8638  -10.8551   -9.8095   -9.7912   -9.7139   -8.8675   -8.8665   -8.8646   -8.8598   -8.8586   -8.8575   -8.7982   -8.7970   -8.7953   -8.7871   -8.7860   -8.7842   -8.2700   -8.2272   -8.2185   -3.8759   -3.7001   -3.6285   -2.5455   -2.5165   -2.4859   -1.8697   -1.8362   -1.6832   -1.6012   -1.3189   -1.2663   -1.1901   -1.1823   -1.1771   -0.5900   -0.5721   -0.3628    2.0719    2.3023    2.6029    2.9388    3.2173    3.4833    3.9695    4.1628    4.3839    4.5420    4.5829    4.6012    4.7206    4.9552    5.2027    5.4111    5.5965    5.8832    6.4892    6.6546    6.9718
  1.4292  -26.4619  -26.4598  -26.4562  -26.4539  -26.4514  -26.4511  -26.3992  -26.3980  -26.3969  -26.3960  -26.3935  -26.3922  -26.3917  -26.3897  -26.3881  -26.3876  -26.3870  -26.3866  -26.2152  -26.2140  -26.2126  -26.2108  -26.2099  -26.2087  -26.2078  -26.2048  -26.2031  -26.1958  -26.1911  -26.1911  -26.1882  -26.1859  -26.1835  -26.1821  -26.1810  -26.1799  -10.8775  -10.8536  -10.8425   -9.7873   -9.7630   -9.7034   -8.8688   -8.8679   -8.8660   -8.8600   -8.8588   -8.8577   -8.7984   -8.7973   -8.7956   -8.7860   -8.7849   -8.7831   -8.2495   -8.2159   -8.2039   -3.8052   -3.6765   -3.5820   -2.6548   -2.6488   -2.5938   -1.8956   -1.8692   -1.7778   -1.6874   -1.3520   -1.3144   -1.2186   -1.2174   -1.2081   -0.6156   -0.6014   -0.3832    1.9508    2.1190    2.5258    3.0264    3.1283    3.4053    3.9565    4.0962    4.2911    4.5345    4.5473    4.5772    4.7480    4.8774    5.1361    5.3883    5.6263    5.8980    6.5240    6.7222    6.8953
  1.4857  -26.4620  -26.4599  -26.4561  -26.4541  -26.4515  -26.4511  -26.3994  -26.3981  -26.3971  -26.3962  -26.3938  -26.3923  -26.3919  -26.3898  -26.3884  -26.3878  -26.3871  -26.3867  -26.2154  -26.2142  -26.2127  -26.2108  -26.2102  -26.2087  -26.2081  -26.2049  -26.2032  -26.1957  -26.1910  -26.1909  -26.1880  -26.1858  -26.1834  -26.1820  -26.1809  -26.1798  -10.8631  -10.8468  -10.8330   -9.7702   -9.7388   -9.6979   -8.8699   -8.8689   -8.8670   -8.8602   -8.8590   -8.8578   -8.7986   -8.7975   -8.7958   -8.7852   -8.7841   -8.7823   -8.2318   -8.2086   -8.1926   -3.7452   -3.6624   -3.5438   -2.7449   -2.7394   -2.6796   -1.9202   -1.9087   -1.8521   -1.7305   -1.3765   -1.3316   -1.2499   -1.2396   -1.2312   -0.6346   -0.6231   -0.3987    1.8659    1.9768    2.4632    3.0629    3.0910    3.3267    3.9685    4.0479    4.1982    4.4990    4.5075    4.5967    4.8166    4.8295    5.0847    5.3168    5.6469    5.8490    6.5306    6.7121    6.9849
  1.5422  -26.4620  -26.4599  -26.4561  -26.4542  -26.4515  -26.4512  -26.3996  -26.3982  -26.3972  -26.3962  -26.3939  -26.3924  -26.3920  -26.3898  -26.3885  -26.3880  -26.3872  -26.3867  -26.2155  -26.2143  -26.2127  -26.2109  -26.2103  -26.2088  -26.2083  -26.2049  -26.2032  -26.1956  -26.1909  -26.1907  -26.1879  -26.1857  -26.1833  -26.1820  -26.1808  -26.1797  -10.8526  -10.8441  -10.8270   -9.7595   -9.7198   -9.6981   -8.8705   -8.8696   -8.8677   -8.8602   -8.8590   -8.8579   -8.7987   -8.7976   -8.7959   -8.7847   -8.7836   -8.7818   -8.2183   -8.2062   -8.1853   -3.6999   -3.6599   -3.5182   -2.8009   -2.7949   -2.7348   -1.9458   -1.9309   -1.9021   -1.7470   -1.3917   -1.3264   -1.2802   -1.2527   -1.2454   -0.6464   -0.6365   -0.4083    1.8236    1.8789    2.4229    3.0229    3.1442    3.2567    3.9998    4.0186    4.1160    4.4774    4.4828    4.6059    4.7785    4.9454    5.0522    5.2078    5.6761    5.7826    6.5744    6.6632    7.0921
  1.5987  -26.4620  -26.4599  -26.4560  -26.4543  -26.4516  -26.4512  -26.3996  -26.3982  -26.3973  -26.3963  -26.3940  -26.3925  -26.3921  -26.3898  -26.3886  -26.3880  -26.3872  -26.3868  -26.2156  -26.2143  -26.2127  -26.2109  -26.2104  -26.2088  -26.2083  -26.2049  -26.2032  -26.1956  -26.1909  -26.1907  -26.1879  -26.1856  -26.1832  -26.1819  -26.1808  -26.1797  -10.8475  -10.8448  -10.8250   -9.7558   -9.7094   -9.7021   -8.8708   -8.8698   -8.8679   -8.8603   -8.8591   -8.8579   -8.7988   -8.7976   -8.7960   -8.7846   -8.7834   -8.7816   -8.2109   -8.2082   -8.1828   -3.6724   -3.6709   -3.5091   -2.8178   -2.8158   -2.7539   -1.9578   -1.9315   -1.9244   -1.7511   -1.3968   -1.3099   -1.3043   -1.2571   -1.2503   -0.6504   -0.6410   -0.4116    1.8258    1.8294    2.4091    3.0094    3.1941    3.1999    4.0087    4.0465    4.0519    4.4703    4.4743    4.6086    4.7653    5.0411    5.0749    5.0804    5.7201    5.7237    6.6095    6.6321    7.1098
  1.5987  -26.4620  -26.4599  -26.4561  -26.4542  -26.4516  -26.4512  -26.3998  -26.3981  -26.3975  -26.3961  -26.3940  -26.3925  -26.3917  -26.3902  -26.3888  -26.3882  -26.3871  -26.3866  -26.2155  -26.2146  -26.2128  -26.2109  -26.2101  -26.2087  -26.2082  -26.2052  -26.2034  -26.1955  -26.1909  -26.1907  -26.1881  -26.1856  -26.1828  -26.1823  -26.1807  -26.1797  -10.8522  -10.8340  -10.8300   -9.7413   -9.7352   -9.6891   -8.8708   -8.8698   -8.8682   -8.8603   -8.8592   -8.8577   -8.7988   -8.7976   -8.7960   -8.7845   -8.7834   -8.7816   -8.2180   -8.1931   -8.1898   -3.7024   -3.5798   -3.5767   -2.9003   -2.7064   -2.7027   -2.1334   -2.1284   -1.6512   -1.4648   -1.4627   -1.4100   -1.3613   -1.3583   -1.1797   -0.7537   -0.4895   -0.4812    1.7879    2.1079    2.1092    3.0364    3.1947    3.1970    4.1412    4.1448    4.2277    4.2508    4.2572    4.6687    4.7557    4.8667    4.8766    5.5568    5.5596    5.9143    6.5409    6.5514    6.9354
  1.6561  -26.4620  -26.4599  -26.4561  -26.4542  -26.4516  -26.4512  -26.3997  -26.3981  -26.3974  -26.3961  -26.3939  -26.3925  -26.3917  -26.3902  -26.3887  -26.3882  -26.3870  -26.3866  -26.2154  -26.2145  -26.2128  -26.2109  -26.2100  -26.2087  -26.2081  -26.2052  -26.2034  -26.1955  -26.1909  -26.1908  -26.1881  -26.1857  -26.1828  -26.1823  -26.1808  -26.1797  -10.8541  -10.8399  -10.8287   -9.7540   -9.7285   -9.6932   -8.8706   -8.8695   -8.8680   -8.8602   -8.8591   -8.8576   -8.7987   -8.7976   -8.7959   -8.7847   -8.7836   -8.7818   -8.2202   -8.2014   -8.1873   -3.7097   -3.6161   -3.5577   -2.8800   -2.7053   -2.6659   -2.1621   -2.0783   -1.6385   -1.4886   -1.4267   -1.4117   -1.3614   -1.3477   -1.1762   -0.7479   -0.4942   -0.4700    1.8100    2.1189    2.1391    3.0439    3.1752    3.2251    4.1313    4.1744    4.2189    4.2311    4.2946    4.6737    4.7778    4.8268    4.9205    5.4976    5.6298    5.9088    6.4694    6.7042    6.9495
  1.7135  -26.4620  -26.4599  -26.4561  -26.4541  -26.4515  -26.4511  -26.3996  -26.3980  -26.3973  -26.3960  -26.3938  -26.3924  -26.3915  -26.3901  -26.3885  -26.3880  -26.3870  -26.3865  -26.2153  -26.2144  -26.2127  -26.2108  -26.2099  -26.2086  -26.2080  -26.2051  -26.2034  -26.1956  -26.1911  -26.1909  -26.1882  -26.1858  -26.1829  -26.1824  -26.1808  -26.1798  -10.8599  -10.8515  -10.8306   -9.7747   -9.7255   -9.7051   -8.8699   -8.8688   -8.8673   -8.8601   -8.8591   -8.8575   -8.7986   -8.7975   -8.7958   -8.7852   -8.7841   -8.7823   -8.2265   -8.2163   -8.1892   -3.7303   -3.6720   -3.5522   -2.8204   -2.6642   -2.5964   -2.1745   -2.0029   -1.6030   -1.4941   -1.4155   -1.3818   -1.3523   -1.3256   -1.1659   -0.7308   -0.4956   -0.4496    1.8750    2.1677    2.2114    3.0651    3.1511    3.2709    4.1398    4.2006    4.2217    4.2292    4.3494    4.6885    4.7959    4.8373    4.9682    5.4477    5.7060    5.8866    6.4016    6.7655    6.9566
  1.7709  -26.4620  -26.4599  -26.4562  -26.4539  -26.4514  -26.4511  -26.3993  -26.3979  -26.3971  -26.3958  -26.3936  -26.3923  -26.3913  -26.3900  -26.3883  -26.3878  -26.3868  -26.3864  -26.2151  -26.2142  -26.2126  -26.2107  -26.2096  -26.2086  -26.2077  -26.2051  -26.2033  -26.1957  -26.1913  -26.1910  -26.1883  -26.1859  -26.1831  -26.1825  -26.1810  -26.1799  -10.8696  -10.8664  -10.8366   -9.8000   -9.7298   -9.7226   -8.8689   -8.8678   -8.8663   -8.8600   -8.8589   -8.8574   -8.7984   -8.7973   -8.7956   -8.7860   -8.7849   -8.7831   -8.2374   -8.2345   -8.1964   -3.7611   -3.7431   -3.5593   -2.7252   -2.5815   -2.5049   -2.1698   -1.9057   -1.5582   -1.4725   -1.4071   -1.3337   -1.3327   -1.2938   -1.1491   -0.7029   -0.4909   -0.4238    1.9791    2.2501    2.3248    3.0963    3.1079    3.3374    4.1683    4.1880    4.2375    4.2946    4.4095    4.7127    4.7915    4.9204    5.0133    5.4061    5.7694    5.8329    6.3787    6.7613    7.0773
  1.8283  -26.4619  -26.4598  -26.4563  -26.4537  -26.4513  -26.4510  -26.3990  -26.3977  -26.3968  -26.3957  -26.3933  -26.3921  -26.3911  -26.3899  -26.3879  -26.3876  -26.3866  -26.3862  -26.2148  -26.2139  -26.2125  -26.2107  -26.2093  -26.2085  -26.2073  -26.2050  -26.2033  -26.1959  -26.1917  -26.1912  -26.1886  -26.1861  -26.1832  -26.1827  -26.1811  -26.1801  -10.8868  -10.8798  -10.8464   -9.8285   -9.7512   -9.7339   -8.8676   -8.8665   -8.8650   -8.8598   -8.8587   -8.8572   -8.7982   -8.7970   -8.7953   -8.7871   -8.7860   -8.7842   -8.2585   -8.2483   -8.2081   -3.8246   -3.7983   -3.5778   -2.5993   -2.4606   -2.4075   -2.1413   -1.7904   -1.5378   -1.4177   -1.3541   -1.3055   -1.2798   -1.2535   -1.1268   -0.6655   -0.4807   -0.3936    2.1149    2.3587    2.4775    3.0297    3.1326    3.4255    4.1952    4.2173    4.2692    4.3799    4.4563    4.7451    4.8230    5.0133    5.0565    5.3711    5.7331    5.7860    6.3965    6.5744    7.0089
  1.8857  -26.4619  -26.4598  -26.4564  -26.4535  -26.4512  -26.4509  -26.3987  -26.3975  -26.3964  -26.3954  -26.3929  -26.3919  -26.3907  -26.3897  -26.3875  -26.3873  -26.3864  -26.3861  -26.2145  -26.2136  -26.2124  -26.2105  -26.2088  -26.2084  -26.2069  -26.2050  -26.2032  -26.1962  -26.1920  -26.1914  -26.1889  -26.1865  -26.1834  -26.1828  -26.1813  -26.1802  -10.9079  -10.8937  -10.8593   -9.8588   -9.7807   -9.7454   -8.8661   -8.8650   -8.8635   -8.8596   -8.8585   -8.8570   -8.7979   -8.7967   -8.7950   -8.7884   -8.7872   -8.7854   -8.2824   -8.2626   -8.2231   -3.9110   -3.8380   -3.6068   -2.4501   -2.3337   -2.3060   -2.0654   -1.6651   -1.5485   -1.3273   -1.2698   -1.2492   -1.2183   -1.2061   -1.1000   -0.6199   -0.4658   -0.3607    2.2682    2.4821    2.6664    2.9081    3.1714    3.5324    4.2350    4.2841    4.3209    4.4601    4.4800    4.7843    4.8883    5.0964    5.1026    5.3398    5.5906    5.7247    6.3084    6.4949    6.8271
  1.9431  -26.4618  -26.4597  -26.4565  -26.4532  -26.4510  -26.4508  -26.3983  -26.3972  -26.3960  -26.3952  -26.3925  -26.3916  -26.3904  -26.3895  -26.3871  -26.3869  -26.3862  -26.3859  -26.2143  -26.2131  -26.2123  -26.2104  -26.2083  -26.2083  -26.2064  -26.2049  -26.2032  -26.1965  -26.1924  -26.1917  -26.1892  -26.1869  -26.1836  -26.1830  -26.1815  -26.1804  -10.9303  -10.9084  -10.8745   -9.8891   -9.8134   -9.7594   -8.8645   -8.8635   -8.8619   -8.8594   -8.8583   -8.8568   -8.7976   -8.7964   -8.7947   -8.7897   -8.7886   -8.7868   -8.3067   -8.2774   -8.2402   -3.9974   -3.8770   -3.6448   -2.2976   -2.2887   -2.1234   -1.9315   -1.5665   -1.5432   -1.2281   -1.2035   -1.1537   -1.1402   -1.1121   -1.0703   -0.5682   -0.4476   -0.3267    2.4132    2.6038    2.7342    2.8973    3.2208    3.6500    4.3100    4.3683    4.3852    4.3986    4.5911    4.8283    4.9699    5.1195    5.1538    5.3011    5.4520    5.5960    6.0899    6.3304    6.6421
  2.0005  -26.4618  -26.4597  -26.4565  -26.4530  -26.4509  -26.4506  -26.3979  -26.3970  -26.3957  -26.3949  -26.3922  -26.3914  -26.3900  -26.3893  -26.3867  -26.3866  -26.3860  -26.3857  -26.2141  -26.2124  -26.2122  -26.2104  -26.2081  -26.2077  -26.2057  -26.2048  -26.2031  -26.1970  -26.1927  -26.1919  -26.1897  -26.1873  -26.1838  -26.1832  -26.1816  -26.1806  -10.9529  -10.9232  -10.8910   -9.9179   -9.8473   -9.7748   -8.8630   -8.8620   -8.8605   -8.8591   -8.8581   -8.8565   -8.7973   -8.7961   -8.7944   -8.7912   -8.7900   -8.7883   -8.3301   -8.2917   -8.2580   -4.0795   -3.9122   -3.6897   -2.2808   -2.1364   -1.9187   -1.7618   -1.5671   -1.4432   -1.1822   -1.0984   -1.0529   -1.0396   -1.0318   -0.9565   -0.5124   -0.4274   -0.2937    2.5091    2.5326    2.6988    3.1506    3.3039    3.7582    4.2863    4.4080    4.4370    4.4678    4.7099    4.8744    5.0156    5.0301    5.1611    5.2833    5.3910    5.4630    5.9868    6.1184    6.2630
  2.0579  -26.4617  -26.4596  -26.4566  -26.4528  -26.4507  -26.4505  -26.3975  -26.3968  -26.3953  -26.3947  -26.3918  -26.3911  -26.3896  -26.3891  -26.3863  -26.3862  -26.3857  -26.3855  -26.2140  -26.2121  -26.2116  -26.2103  -26.2080  -26.2071  -26.2051  -26.2048  -26.2030  -26.1977  -26.1929  -26.1922  -26.1903  -26.1879  -26.1839  -26.1834  -26.1817  -26.1808  -10.9745  -10.9370  -10.9077   -9.9437   -9.8806   -9.7903   -8.8617   -8.8606   -8.8591   -8.8589   -8.8578   -8.8563   -8.7970   -8.7958   -8.7941   -8.7925   -8.7914   -8.7896   -8.3514   -8.3048   -8.2754   -4.1540   -3.9412   -3.7387   -2.2680   -2.0300   -1.6998   -1.5766   -1.5178   -1.3727   -1.1345   -1.0434   -1.0099   -0.8953   -0.8811   -0.7903   -0.4552   -0.4067   -0.2639    2.3035    2.5239    2.7354    3.4312    3.4356    3.8016    4.2074    4.4174    4.4666    4.5789    4.8309    4.9127    4.9199    5.0396    5.1037    5.3245    5.3416    5.4013    5.9867    6.0606    6.2922
  2.1153  -26.4616  -26.4596  -26.4566  -26.4526  -26.4506  -26.4504  -26.3972  -26.3966  -26.3950  -26.3944  -26.3915  -26.3909  -26.3894  -26.3889  -26.3859  -26.3858  -26.3855  -26.3853  -26.2140  -26.2121  -26.2106  -26.2103  -26.2079  -26.2064  -26.2047  -26.2044  -26.2030  -26.1985  -26.1931  -26.1925  -26.1909  -26.1886  -26.1840  -26.1835  -26.1818  -26.1810  -10.9938  -10.9490  -10.9239   -9.9652   -9.9117   -9.8047   -8.8605   -8.8594   -8.8587   -8.8579   -8.8576   -8.8560   -8.7967   -8.7956   -8.7939   -8.7938   -8.7926   -8.7909   -8.3699   -8.3158   -8.2916   -4.2183   -3.9622   -3.7888   -2.2526   -1.9950   -1.4784   -1.4008   -1.3905   -1.3242   -1.0876   -0.9928   -0.9824   -0.7403   -0.7041   -0.6233   -0.4007   -0.3859   -0.2395    2.0632    2.4674    2.6903    3.5590    3.7170    3.7419    4.2560    4.2903    4.4220    4.6971    4.9474    4.9613    4.9836    5.0352    5.0855    5.2662    5.3632    5.4078    6.0267    6.0785    6.1137
  2.1727  -26.4616  -26.4596  -26.4567  -26.4525  -26.4505  -26.4503  -26.3969  -26.3964  -26.3948  -26.3942  -26.3912  -26.3907  -26.3891  -26.3887  -26.3856  -26.3856  -26.3853  -26.3852  -26.2140  -26.2121  -26.2102  -26.2096  -26.2078  -26.2057  -26.2046  -26.2037  -26.2029  -26.1994  -26.1931  -26.1927  -26.1915  -26.1892  -26.1841  -26.1836  -26.1818  -26.1811  -11.0100  -10.9584  -10.9383   -9.9813   -9.9393   -9.8170   -8.8595   -8.8585   -8.8584   -8.8574   -8.8570   -8.8558   -8.7966   -8.7954   -8.7948   -8.7937   -8.7937   -8.7920   -8.3848   -8.3242   -8.3056   -4.2703   -3.9739   -3.8371   -2.2318   -2.0098   -1.3195   -1.2484   -1.2381   -1.2179   -1.0442   -0.9652   -0.9444   -0.5902   -0.5327   -0.4677   -0.3730   -0.3448   -0.2229    1.8294    2.3748    2.5742    3.5707    3.5864    4.0658    4.1106    4.3921    4.4346    4.8152    4.9963    5.0102    5.0527    5.1105    5.1457    5.2089    5.4057    5.4797    5.9304    6.0346    6.1259
  2.2301  -26.4616  -26.4595  -26.4567  -26.4524  -26.4504  -26.4502  -26.3967  -26.3963  -26.3946  -26.3940  -26.3910  -26.3906  -26.3890  -26.3886  -26.3854  -26.3854  -26.3851  -26.3851  -26.2140  -26.2121  -26.2102  -26.2087  -26.2077  -26.2052  -26.2045  -26.2031  -26.2029  -26.2003  -26.1931  -26.1928  -26.1921  -26.1898  -26.1842  -26.1836  -26.1818  -26.1812  -11.0223  -10.9646  -10.9503   -9.9912   -9.9620   -9.8265   -8.8588   -8.8584   -8.8577   -8.8573   -8.8564   -8.8556   -8.7964   -8.7956   -8.7953   -8.7945   -8.7935   -8.7928   -8.3958   -8.3297   -8.3169   -4.3085   -3.9753   -3.8810   -2.2047   -2.0460   -1.2906   -1.1042   -1.0782   -1.0583   -1.0069   -0.9526   -0.9092   -0.4640   -0.3848   -0.3601   -0.3390   -0.2994   -0.2157    1.6255    2.2833    2.4293    3.4399    3.4963    3.9402    4.4013    4.5627    4.5763    4.9217    4.9739    5.0240    5.1190    5.1278    5.1376    5.3668    5.4841    5.6073    5.6856    5.9183    5.9821
  2.2875  -26.4616  -26.4595  -26.4567  -26.4523  -26.4504  -26.4502  -26.3965  -26.3962  -26.3945  -26.3939  -26.3909  -26.3905  -26.3889  -26.3884  -26.3853  -26.3852  -26.3850  -26.3850  -26.2140  -26.2121  -26.2102  -26.2080  -26.2076  -26.2049  -26.2044  -26.2029  -26.2027  -26.2010  -26.1931  -26.1929  -26.1925  -26.1901  -26.1843  -26.1836  -26.1818  -26.1813  -11.0299  -10.9673  -10.9590   -9.9946   -9.9787   -9.8324   -8.8584   -8.8582   -8.8573   -8.8572   -8.8561   -8.8553   -8.7963   -8.7961   -8.7952   -8.7950   -8.7935   -8.7933   -8.4025   -8.3318   -8.3250   -4.3318   -3.9663   -3.9182   -2.1711   -2.0889   -1.2793   -1.0004   -0.9853   -0.9779   -0.9501   -0.9261   -0.8866   -0.3792   -0.3523   -0.2801   -0.2626   -0.2551   -0.2193    1.4815    2.2267    2.3031    3.3542    3.3929    3.8245    4.6947    4.7325    4.7502    4.9951    5.0002    5.0416    5.0758    5.0839    5.1944    5.5444    5.5630    5.5946    5.6090    5.7325    5.8338
  2.3449  -26.4615  -26.4595  -26.4567  -26.4523  -26.4503  -26.4502  -26.3965  -26.3961  -26.3945  -26.3938  -26.3908  -26.3904  -26.3889  -26.3884  -26.3852  -26.3852  -26.3850  -26.3850  -26.2140  -26.2121  -26.2102  -26.2077  -26.2075  -26.2048  -26.2043  -26.2028  -26.2026  -26.2013  -26.1931  -26.1929  -26.1926  -26.1903  -26.1843  -26.1836  -26.1818  -26.1813  -11.0324  -10.9674  -10.9628   -9.9934   -9.9867   -9.8344   -8.8583   -8.8581   -8.8572   -8.8571   -8.8560   -8.8553   -8.7963   -8.7963   -8.7952   -8.7951   -8.7934   -8.7934   -8.4047   -8.3315   -8.3288   -4.3396   -3.9481   -3.9459   -2.1354   -2.1282   -1.2759   -0.9616   -0.9595   -0.9568   -0.9548   -0.8789   -0.8770   -0.3498   -0.3491   -0.2406   -0.2383   -0.2304   -0.2289    1.4287    2.2302    2.2309    3.3327    3.3429    3.7835    4.7901    4.8325    4.8338    5.0367    5.0393    5.0400    5.0440    5.2169    5.2348    5.2808    5.6198    5.6260    5.6591    5.7543    5.7877
  2.3449  -26.4615  -26.4595  -26.4567  -26.4523  -26.4503  -26.4502  -26.3965  -26.3961  -26.3945  -26.3938  -26.3908  -26.3904  -26.3889  -26.3884  -26.3852  -26.3852  -26.3850  -26.3850  -26.2140  -26.2121  -26.2102  -26.2077  -26.2075  -26.2048  -26.2043  -26.2028  -26.2026  -26.2013  -26.1931  -26.1929  -26.1926  -26.1903  -26.1843  -26.1836  -26.1818  -26.1813  -11.0324  -10.9674  -10.9628   -9.9934   -9.9867   -9.8344   -8.8583   -8.8581   -8.8572   -8.8571   -8.8560   -8.8553   -8.7963   -8.7963   -8.7952   -8.7951   -8.7934   -8.7934   -8.4047   -8.3315   -8.3288   -4.3396   -3.9481   -3.9459   -2.1354   -2.1282   -1.2759   -0.9616   -0.9595   -0.9568   -0.9548   -0.8789   -0.8770   -0.3498   -0.3491   -0.2406   -0.2383   -0.2304   -0.2289    1.4287    2.2302    2.2309    3.3327    3.3429    3.7835    4.7901    4.8325    4.8339    5.0361    5.0398    5.0422    5.0446    5.2195    5.2308    5.2396    5.6199    5.6298    5.6878    5.7483    5.7928
  2.4023  -26.4616  -26.4595  -26.4567  -26.4523  -26.4504  -26.4502  -26.3965  -26.3962  -26.3945  -26.3939  -26.3909  -26.3905  -26.3889  -26.3884  -26.3853  -26.3852  -26.3850  -26.3850  -26.2140  -26.2121  -26.2102  -26.2079  -26.2078  -26.2049  -26.2043  -26.2030  -26.2026  -26.2010  -26.1931  -26.1929  -26.1925  -26.1901  -26.1843  -26.1836  -26.1818  -26.1812  -11.0299  -10.9673  -10.9590   -9.9946   -9.9787   -9.8324   -8.8584   -8.8582   -8.8574   -8.8571   -8.8561   -8.8554   -8.7964   -8.7961   -8.7952   -8.7950   -8.7935   -8.7933   -8.4025   -8.3318   -8.3250   -4.3318   -3.9661   -3.9183   -2.1710   -2.0890   -1.2794   -1.0063   -0.9783   -0.9720   -0.9571   -0.9302   -0.8821   -0.3756   -0.3560   -0.2929   -0.2501   -0.2486   -0.2255    1.4814    2.2273    2.3025    3.3526    3.3947    3.8243    4.6928    4.7240    4.7595    4.9934    5.0149    5.0335    5.0751    5.0864    5.2006    5.5084    5.5687    5.6436    5.6679    5.6889    5.7914
  2.4597  -26.4616  -26.4595  -26.4567  -26.4524  -26.4504  -26.4502  -26.3966  -26.3963  -26.3946  -26.3940  -26.3910  -26.3905  -26.3891  -26.3885  -26.3854  -26.3853  -26.3852  -26.3851  -26.2140  -26.2121  -26.2102  -26.2086  -26.2078  -26.2053  -26.2044  -26.2033  -26.2027  -26.2003  -26.1930  -26.1929  -26.1921  -26.1898  -26.1843  -26.1835  -26.1818  -26.1812  -11.0223  -10.9645  -10.9504   -9.9910   -9.9622   -9.8265   -8.8588   -8.8584   -8.8578   -8.8572   -8.8562   -8.8557   -8.7964   -8.7956   -8.7953   -8.7945   -8.7936   -8.7928   -8.3958   -8.3296   -8.3170   -4.3086   -3.9744   -3.8819   -2.2041   -2.0461   -1.2931   -1.1143   -1.0681   -1.0579   -0.9978   -0.9698   -0.8968   -0.4517   -0.4135   -0.3747   -0.3265   -0.2714   -0.2270    1.6247    2.2902    2.4230    3.4275    3.5132    3.9321    4.4034    4.5537    4.5861    4.9433    4.9745    4.9956    5.1053    5.1467    5.1541    5.3102    5.5961    5.6269    5.7540    5.8592    5.9709
  2.5170  -26.4616  -26.4596  -26.4566  -26.4525  -26.4505  -26.4503  -26.3968  -26.3965  -26.3947  -26.3942  -26.3912  -26.3907  -26.3893  -26.3886  -26.3855  -26.3854  -26.3854  -26.3853  -26.2140  -26.2121  -26.2102  -26.2095  -26.2079  -26.2059  -26.2044  -26.2039  -26.2027  -26.1994  -26.1929  -26.1928  -26.1915  -26.1892  -26.1843  -26.1834  -26.1818  -26.1811  -11.0102  -10.9581  -10.9386   -9.9808   -9.9401   -9.8169   -8.8595   -8.8585   -8.8585   -8.8574   -8.8567   -8.8561   -8.7966   -8.7954   -8.7948   -8.7937   -8.7937   -8.7919   -8.3850   -8.3240   -8.3058   -4.2709   -3.9712   -3.8397   -2.2305   -2.0084   -1.3511   -1.2666   -1.2199   -1.1854   -1.0334   -0.9948   -0.9198   -0.5847   -0.5638   -0.4509   -0.4042   -0.2982   -0.2367    1.8259    2.3995    2.5509    3.5295    3.6596    3.9423    4.2286    4.3813    4.4221    4.8422    4.9378    5.0155    5.0945    5.0966    5.1297    5.2255    5.4159    5.5003    5.8641    5.9190    6.0335
  2.5744  -26.4616  -26.4596  -26.4566  -26.4526  -26.4506  -26.4504  -26.3971  -26.3967  -26.3949  -26.3945  -26.3915  -26.3909  -26.3896  -26.3887  -26.3857  -26.3857  -26.3856  -26.3855  -26.2140  -26.2121  -26.2105  -26.2103  -26.2080  -26.2066  -26.2045  -26.2045  -26.2028  -26.1985  -26.1929  -26.1926  -26.1909  -26.1886  -26.1843  -26.1832  -26.1818  -26.1809  -10.9941  -10.9483  -10.9245   -9.9642   -9.9135   -9.8042   -8.8604   -8.8595   -8.8587   -8.8576   -8.8575   -8.8563   -8.7968   -8.7956   -8.7939   -8.7938   -8.7926   -8.7909   -8.3702   -8.3152   -8.2921   -4.2200   -3.9561   -3.7944   -2.2499   -1.9862   -1.5374   -1.4448   -1.3294   -1.2788   -1.0763   -1.0300   -0.9494   -0.7794   -0.7047   -0.6031   -0.4425   -0.3282   -0.2540    2.0529    2.5292    2.6316    3.6291    3.6432    3.7441    4.2314    4.3518    4.3993    4.7255    4.8600    4.9330    5.0330    5.0344    5.1724    5.2785    5.3052    5.4448    5.8216    6.0394    6.1522
  2.6318  -26.4617  -26.4596  -26.4566  -26.4528  -26.4507  -26.4505  -26.3974  -26.3969  -26.3952  -26.3948  -26.3918  -26.3911  -26.3900  -26.3889  -26.3861  -26.3860  -26.3859  -26.3857  -26.2141  -26.2121  -26.2114  -26.2103  -26.2081  -26.2073  -26.2052  -26.2045  -26.2028  -26.1977  -26.1927  -26.1924  -26.1902  -26.1879  -26.1843  -26.1831  -26.1817  -26.1808  -10.9751  -10.9356  -10.9088   -9.9419   -9.8841   -9.7891   -8.8616   -8.8607   -8.8589   -8.8588   -8.8577   -8.8566   -8.7970   -8.7958   -8.7941   -8.7925   -8.7914   -8.7896   -8.3522   -8.3035   -8.2763   -4.1579   -3.9296   -3.7487   -2.2630   -1.9988   -1.7681   -1.6331   -1.4581   -1.3075   -1.1233   -1.0730   -0.9859   -0.9834   -0.8542   -0.7665   -0.4870   -0.3595   -0.2778    2.2800    2.6233    2.6563    3.3151    3.6381    3.7338    4.2409    4.2622    4.5972    4.6062    4.7666    4.9184    4.9449    4.9705    5.1977    5.2633    5.3879    5.4786    5.6838    6.1373    6.2274
  2.6891  -26.4617  -26.4597  -26.4565  -26.4530  -26.4508  -26.4506  -26.3978  -26.3971  -26.3955  -26.3951  -26.3921  -26.3913  -26.3903  -26.3890  -26.3865  -26.3864  -26.3861  -26.3859  -26.2142  -26.2122  -26.2122  -26.2104  -26.2082  -26.2080  -26.2059  -26.2046  -26.2029  -26.1971  -26.1925  -26.1921  -26.1896  -26.1874  -26.1842  -26.1829  -26.1816  -26.1806  -10.9542  -10.9208  -10.8925   -9.9151   -9.8532   -9.7723   -8.8630   -8.8620   -8.8602   -8.8592   -8.8580   -8.8568   -8.7973   -8.7961   -8.7944   -8.7911   -8.7900   -8.7883   -8.3315   -8.2894   -8.2593   -4.0874   -3.8923   -3.7052   -2.2727   -2.0689   -1.9990   -1.8175   -1.5388   -1.3388   -1.1893   -1.1715   -1.1204   -1.0195   -0.9992   -0.9274   -0.5348   -0.3903   -0.3062    2.4840    2.5350    2.7629    3.0080    3.4283    3.8446    4.1038    4.3044    4.4922    4.6642    4.7150    4.8024    4.9097    5.0527    5.1778    5.3587    5.4675    5.5054    5.7409    6.2768    6.4423
  2.7465  -26.4618  -26.4597  -26.4565  -26.4532  -26.4510  -26.4508  -26.3982  -26.3973  -26.3959  -26.3954  -26.3925  -26.3916  -26.3907  -26.3892  -26.3869  -26.3867  -26.3864  -26.3861  -26.2144  -26.2129  -26.2123  -26.2105  -26.2086  -26.2084  -26.2065  -26.2047  -26.2030  -26.1966  -26.1922  -26.1918  -26.1891  -26.1869  -26.1840  -26.1827  -26.1815  -26.1804  -10.9325  -10.9047  -10.8766   -9.8853   -9.8227   -9.7548   -8.8645   -8.8635   -8.8616   -8.8594   -8.8582   -8.8570   -8.7976   -8.7964   -8.7947   -8.7897   -8.7886   -8.7868   -8.3093   -8.2735   -8.2420   -4.0117   -3.8460   -3.6664   -2.2856   -2.2170   -2.1906   -1.9845   -1.5735   -1.3806   -1.3743   -1.2182   -1.1693   -1.1268   -1.0750   -1.0554   -0.5829   -0.4190   -0.3374    2.4086    2.5952    2.7867    2.8305    3.2162    3.8952    3.9751    4.3333    4.3899    4.5597    4.6662    4.7297    4.8526    5.1059    5.2254    5.4687    5.5260    5.5299    5.9727    6.3456    6.4516
  2.8039  -26.4619  -26.4598  -26.4564  -26.4535  -26.4511  -26.4509  -26.3986  -26.3976  -26.3962  -26.3956  -26.3929  -26.3918  -26.3911  -26.3894  -26.3873  -26.3871  -26.3866  -26.3862  -26.2147  -26.2133  -26.2124  -26.2106  -26.2091  -26.2085  -26.2070  -26.2047  -26.2030  -26.1962  -26.1918  -26.1916  -26.1887  -26.1865  -26.1839  -26.1825  -26.1813  -26.1802  -10.9114  -10.8883  -10.8620   -9.8539   -9.7944   -9.7376   -8.8660   -8.8651   -8.8632   -8.8596   -8.8584   -8.8573   -8.7979   -8.7967   -8.7950   -8.7884   -8.7872   -8.7855   -8.2867   -8.2565   -8.2256   -3.9351   -3.7929   -3.6337   -2.4132   -2.3331   -2.3195   -2.1123   -1.6273   -1.4957   -1.4354   -1.2610   -1.2260   -1.2167   -1.2013   -1.0891   -0.6288   -0.4442   -0.3693    2.2795    2.4150    2.8054    2.8472    3.0812    3.7386    4.0382    4.3025    4.3355    4.4592    4.5458    4.7063    4.8011    4.9898    5.3417    5.4836    5.5633    5.6958    6.2739    6.4441    6.8526
  2.8612  -26.4619  -26.4598  -26.4563  -26.4537  -26.4513  -26.4510  -26.3989  -26.3978  -26.3966  -26.3958  -26.3932  -26.3920  -26.3914  -26.3895  -26.3877  -26.3874  -26.3868  -26.3864  -26.2150  -26.2137  -26.2125  -26.2107  -26.2096  -26.2086  -26.2075  -26.2048  -26.2031  -26.1960  -26.1914  -26.1913  -26.1884  -26.1862  -26.1837  -26.1823  -26.1812  -26.1800  -10.8921  -10.8725  -10.8494   -9.8230   -9.7700   -9.7217   -8.8675   -8.8665   -8.8646   -8.8598   -8.8586   -8.8575   -8.7982   -8.7970   -8.7953   -8.7871   -8.7860   -8.7842   -8.2652   -8.2394   -8.2111   -3.8623   -3.7366   -3.6078   -2.5822   -2.4689   -2.3994   -2.1745   -1.7552   -1.5116   -1.5010   -1.3013   -1.2977   -1.2950   -1.2599   -1.1190   -0.6699   -0.4645   -0.4001    2.1698    2.2010    2.6574    2.9351    3.0674    3.5859    4.0935    4.2327    4.3326    4.3673    4.4414    4.6937    4.7568    4.8719    5.3492    5.5116    5.5770    5.8173    6.4799    6.5589    6.8011
  2.9186  -26.4619  -26.4598  -26.4562  -26.4539  -26.4514  -26.4511  -26.3992  -26.3980  -26.3969  -26.3960  -26.3935  -26.3922  -26.3917  -26.3897  -26.3881  -26.3876  -26.3870  -26.3866  -26.2152  -26.2140  -26.2126  -26.2108  -26.2099  -26.2087  -26.2078  -26.2048  -26.2031  -26.1958  -26.1911  -26.1911  -26.1882  -26.1859  -26.1835  -26.1821  -26.1810  -26.1799  -10.8757  -10.8583  -10.8396   -9.7944   -9.7512   -9.7081   -8.8688   -8.8679   -8.8660   -8.8600   -8.8588   -8.8577   -8.7984   -8.7973   -8.7956   -8.7860   -8.7849   -8.7831   -8.2463   -8.2234   -8.1996   -3.7985   -3.6815   -3.5888   -2.7189   -2.5828   -2.5015   -2.1911   -1.8833   -1.5632   -1.5021   -1.3735   -1.3431   -1.3267   -1.2971   -1.1436   -0.7041   -0.4792   -0.4281    2.0231    2.0926    2.4836    2.9910    3.0900    3.4553    4.1355    4.1817    4.2880    4.3326    4.3549    4.7032    4.7211    4.7824    5.2659    5.5323    5.5799    5.8807    6.5456    6.6069    7.0068
  2.9760  -26.4620  -26.4599  -26.4561  -26.4541  -26.4515  -26.4511  -26.3994  -26.3981  -26.3971  -26.3962  -26.3938  -26.3923  -26.3919  -26.3898  -26.3884  -26.3878  -26.3871  -26.3867  -26.2154  -26.2142  -26.2127  -26.2108  -26.2102  -26.2087  -26.2081  -26.2049  -26.2032  -26.1957  -26.1910  -26.1909  -26.1880  -26.1858  -26.1834  -26.1820  -26.1809  -26.1798  -10.8632  -10.8465  -10.8332   -9.7699   -9.7392   -9.6977   -8.8699   -8.8689   -8.8670   -8.8602   -8.8590   -8.8578   -8.7986   -8.7975   -8.7958   -8.7852   -8.7841   -8.7823   -8.2315   -8.2094   -8.1921   -3.7486   -3.6336   -3.5764   -2.8194   -2.6640   -2.5946   -2.1879   -1.9903   -1.6107   -1.4906   -1.4210   -1.3772   -1.3467   -1.3263   -1.1619   -0.7297   -0.4875   -0.4518    1.8913    2.0551    2.3269    3.0203    3.1189    3.3484    4.1504    4.1730    4.2238    4.2900    4.3249    4.6947    4.7264    4.7471    5.1379    5.5439    5.5742    5.9037    6.5457    6.6052    6.9736
  3.0333  -26.4620  -26.4599  -26.4561  -26.4542  -26.4515  -26.4512  -26.3996  -26.3982  -26.3972  -26.3962  -26.3939  -26.3924  -26.3920  -26.3898  -26.3885  -26.3880  -26.3872  -26.3867  -26.2155  -26.2143  -26.2127  -26.2109  -26.2103  -26.2088  -26.2083  -26.2049  -26.2032  -26.1956  -26.1909  -26.1907  -26.1879  -26.1857  -26.1833  -26.1820  -26.1808  -26.1797  -10.8555  -10.8380  -10.8303   -9.7514   -9.7348   -9.6911   -8.8705   -8.8696   -8.8677   -8.8602   -8.8590   -8.8579   -8.7987   -8.7976   -8.7959   -8.7847   -8.7836   -8.7818   -8.2220   -8.1987   -8.1892   -3.7167   -3.5981   -3.5718   -2.8810   -2.7054   -2.6652   -2.1690   -2.0730   -1.6394   -1.4797   -1.4499   -1.3986   -1.3569   -1.3464   -1.1731   -0.7456   -0.4891   -0.4699    1.8104    2.0607    2.2001    3.0330    3.1542    3.2645    4.1392    4.1767    4.2120    4.2500    4.2973    4.6787    4.7485    4.7807    4.9989    5.5507    5.5653    5.9081    6.5521    6.5749    6.9389
  3.0907  -26.4620  -26.4599  -26.4560  -26.4543  -26.4516  -26.4512  -26.3996  -26.3982  -26.3973  -26.3963  -26.3940  -26.3925  -26.3921  -26.3898  -26.3886  -26.3880  -26.3872  -26.3868  -26.2156  -26.2143  -26.2128  -26.2109  -26.2104  -26.2088  -26.2083  -26.2049  -26.2032  -26.1956  -26.1909  -26.1907  -26.1879  -26.1856  -26.1832  -26.1819  -26.1808  -26.1797  -10.8528  -10.8343  -10.8302   -9.7419   -9.7364   -9.6889   -8.8708   -8.8698   -8.8679   -8.8603   -8.8591   -8.8579   -8.7988   -8.7976   -8.7960   -8.7846   -8.7834   -8.7816   -8.2187   -8.1933   -8.1899   -3.7058   -3.5791   -3.5765   -2.9017   -2.7065   -2.7026   -2.1329   -2.1307   -1.6488   -1.4693   -1.4657   -1.4060   -1.3578   -1.3558   -1.1769   -0.7510   -0.4864   -0.4793    1.7831    2.1080    2.1117    3.0364    3.2005    3.2017    4.1458    4.1507    4.2346    4.2526    4.2597    4.6734    4.7573    4.8672    4.8776    5.5563    5.5582    5.9080    6.5475    6.5648    6.9534
  3.0907  -26.4620  -26.4599  -26.4561  -26.4542  -26.4516  -26.4512  -26.3998  -26.3981  -26.3975  -26.3961  -26.3940  -26.3925  -26.3917  -26.3902  -26.3888  -26.3882  -26.3871  -26.3866  -26.2155  -26.2146  -26.2128  -26.2109  -26.2101  -26.2087  -26.2082  -26.2052  -26.2034  -26.1955  -26.1909  -26.1907  -26.1881  -26.1856  -26.1828  -26.1823  -26.1807  -26.1797  -10.8472  -10.8441  -10.8249   -9.7546   -9.7090   -9.7021   -8.8708   -8.8698   -8.8682   -8.8603   -8.8592   -8.8577   -8.7988   -8.7976   -8.7960   -8.7845   -8.7834   -8.7816   -8.2105   -8.2075   -8.1829   -3.6701   -3.6688   -3.5111   -2.8153   -2.8148   -2.7552   -1.9548   -1.9323   -1.9286   -1.7463   -1.3997   -1.3073   -1.3070   -1.2607   -1.2525   -0.6537   -0.6429   -0.4140    1.8297    1.8302    2.4067    3.0031    3.1946    3.1969    4.0035    4.0412    4.0470    4.4660    4.4688    4.6073    4.7613    5.0435    5.0745    5.0761    5.7242    5.7301    6.6038    6.6205    7.0979
  3.1472  -26.4620  -26.4599  -26.4561  -26.4542  -26.4516  -26.4512  -26.3997  -26.3981  -26.3974  -26.3961  -26.3939  -26.3925  -26.3917  -26.3902  -26.3887  -26.3882  -26.3870  -26.3866  -26.2154  -26.2145  -26.2128  -26.2109  -26.2100  -26.2087  -26.2081  -26.2052  -26.2034  -26.1955  -26.1909  -26.1908  -26.1881  -26.1857  -26.1828  -26.1823  -26.1808  -26.1797  -10.8522  -10.8435  -10.8270   -9.7582   -9.7195   -9.6980   -8.8706   -8.8695   -8.8680   -8.8602   -8.8591   -8.8576   -8.7987   -8.7976   -8.7959   -8.7847   -8.7836   -8.7818   -8.2178   -8.2057   -8.1854   -3.6978   -3.6577   -3.5202   -2.7991   -2.7933   -2.7361   -1.9435   -1.9324   -1.9048   -1.7423   -1.3946   -1.3264   -1.2803   -1.2562   -1.2477   -0.6497   -0.6384   -0.4107    1.8259    1.8814    2.4205    3.0166    3.1431    3.2555    3.9947    4.0133    4.1109    4.4730    4.4773    4.6044    4.7746    4.9427    5.0547    5.2055    5.6813    5.7880    6.5642    6.6497    7.0407
  3.2038  -26.4620  -26.4599  -26.4561  -26.4541  -26.4515  -26.4511  -26.3996  -26.3980  -26.3973  -26.3960  -26.3938  -26.3924  -26.3915  -26.3901  -26.3886  -26.3880  -26.3870  -26.3865  -26.2153  -26.2144  -26.2127  -26.2108  -26.2099  -26.2086  -26.2080  -26.2051  -26.2034  -26.1956  -26.1911  -26.1909  -26.1882  -26.1858  -26.1829  -26.1824  -26.1808  -26.1798  -10.8627  -10.8463  -10.8329   -9.7690   -9.7386   -9.6977   -8.8699   -8.8689   -8.8673   -8.8601   -8.8591   -8.8575   -8.7986   -8.7975   -8.7958   -8.7852   -8.7841   -8.7823   -8.2314   -8.2081   -8.1926   -3.7433   -3.6601   -3.5457   -2.7431   -2.7378   -2.6808   -1.9226   -1.9056   -1.8546   -1.7261   -1.3794   -1.3316   -1.2499   -1.2429   -1.2335   -0.6377   -0.6252   -0.4010    1.8680    1.9794    2.4608    3.0568    3.0901    3.3258    3.9635    4.0427    4.1934    4.4946    4.5021    4.5949    4.8132    4.8264    5.0873    5.3148    5.6521    5.8545    6.5208    6.7376    7.0128
  3.2603  -26.4620  -26.4599  -26.4562  -26.4539  -26.4514  -26.4511  -26.3993  -26.3979  -26.3971  -26.3958  -26.3936  -26.3923  -26.3913  -26.3900  -26.3883  -26.3878  -26.3868  -26.3864  -26.2151  -26.2142  -26.2126  -26.2107  -26.2096  -26.2086  -26.2077  -26.2051  -26.2033  -26.1957  -26.1913  -26.1910  -26.1883  -26.1859  -26.1831  -26.1825  -26.1810  -26.1799  -10.8771  -10.8531  -10.8425   -9.7862   -9.7629   -9.7032   -8.8689   -8.8678   -8.8663   -8.8600   -8.8589   -8.8574   -8.7984   -8.7973   -8.7956   -8.7860   -8.7849   -8.7831   -8.2490   -8.2154   -8.2040   -3.8036   -3.6743   -3.5838   -2.6530   -2.6474   -2.5950   -1.8985   -1.8655   -1.7802   -1.6834   -1.3547   -1.3144   -1.2214   -1.2173   -1.2105   -0.6183   -0.6035   -0.3855    1.9527    2.1218    2.5234    3.0259    3.1226    3.4051    3.9514    4.0912    4.2867    4.5304    4.5419    4.5753    4.7445    4.8741    5.1390    5.3872    5.6309    5.9035    6.4835    6.7459    6.8366
  3.3169  -26.4619  -26.4598  -26.4563  -26.4537  -26.4513  -26.4510  -26.3990  -26.3977  -26.3968  -26.3957  -26.3933  -26.3921  -26.3911  -26.3899  -26.3879  -26.3876  -26.3866  -26.3862  -26.2148  -26.2139  -26.2125  -26.2107  -26.2093  -26.2085  -26.2073  -26.2050  -26.2033  -26.1959  -26.1917  -26.1912  -26.1886  -26.1861  -26.1832  -26.1827  -26.1811  -26.1801  -10.8947  -10.8634  -10.8551   -9.8085   -9.7911   -9.7138   -8.8676   -8.8665   -8.8650   -8.8598   -8.8587   -8.8572   -8.7982   -8.7970   -8.7953   -8.7871   -8.7860   -8.7842   -8.2696   -8.2268   -8.2186   -3.8745   -3.6979   -3.6302   -2.5441   -2.5150   -2.4869   -1.8724   -1.8324   -1.6854   -1.5975   -1.3215   -1.2663   -1.1928   -1.1819   -1.1796   -0.5923   -0.5743   -0.3650    2.0735    2.3053    2.6006    2.9386    3.2120    3.4840    3.9642    4.1579    4.3800    4.5399    4.5790    4.5957    4.7169    4.9521    5.2059    5.4119    5.5993    5.8874    6.4786    6.5260    6.7706
  3.3734  -26.4619  -26.4598  -26.4564  -26.4535  -26.4512  -26.4509  -26.3987  -26.3975  -26.3964  -26.3954  -26.3929  -26.3919  -26.3907  -26.3897  -26.3875  -26.3873  -26.3864  -26.3861  -26.2145  -26.2136  -26.2124  -26.2105  -26.2088  -26.2084  -26.2069  -26.2050  -26.2032  -26.1962  -26.1920  -26.1914  -26.1889  -26.1865  -26.1834  -26.1828  -26.1813  -26.1802  -10.9146  -10.8765  -10.8699   -9.8347   -9.8217   -9.7283   -8.8661   -8.8650   -8.8635   -8.8596   -8.8585   -8.8570   -8.7979   -8.7967   -8.7950   -8.7884   -8.7872   -8.7854   -8.2918   -8.2411   -8.2353   -3.9510   -3.7290   -3.6811   -2.4199   -2.3692   -2.3496   -1.8443   -1.8005   -1.5785   -1.4702   -1.2809   -1.1833   -1.1585   -1.1422   -1.1389   -0.5612   -0.5387   -0.3408    2.2198    2.5260    2.6792    2.8189    3.3233    3.5439    4.0152    4.2418    4.4602    4.4835    4.6381    4.6618    4.7551    5.0388    5.2815    5.3622    5.5621    5.7718    6.2467    6.6239    6.7948
  3.4300  -26.4618  -26.4597  -26.4565  -26.4532  -26.4510  -26.4508  -26.3983  -26.3972  -26.3960  -26.3952  -26.3925  -26.3916  -26.3904  -26.3895  -26.3871  -26.3869  -26.3862  -26.3859  -26.2143  -26.2131  -26.2123  -26.2104  -26.2083  -26.2083  -26.2064  -26.2049  -26.2032  -26.1965  -26.1924  -26.1917  -26.1892  -26.1869  -26.1836  -26.1830  -26.1815  -26.1804  -10.9357  -10.8915  -10.8861   -9.8630   -9.8532   -9.7456   -8.8645   -8.8635   -8.8619   -8.8594   -8.8583   -8.8568   -8.7976   -8.7964   -8.7947   -8.7897   -8.7886   -8.7868   -8.3143   -8.2572   -8.2529   -4.0283   -3.7650   -3.7332   -2.2969   -2.2601   -2.1574   -1.8020   -1.7483   -1.4737   -1.3119   -1.2348   -1.1206   -1.1001   -1.0793   -1.0665   -0.5264   -0.4981   -0.3146    2.3740    2.6616    2.7399    2.7816    3.4535    3.5695    4.1142    4.3412    4.4032    4.5262    4.7051    4.7381    4.8396    5.1214    5.2207    5.3516    5.5318    5.5896    5.9559    6.4728    6.5504
  3.4865  -26.4618  -26.4597  -26.4565  -26.4530  -26.4509  -26.4506  -26.3979  -26.3970  -26.3957  -26.3949  -26.3922  -26.3914  -26.3900  -26.3893  -26.3867  -26.3866  -26.3860  -26.3857  -26.2141  -26.2124  -26.2122  -26.2104  -26.2081  -26.2077  -26.2057  -26.2048  -26.2031  -26.1970  -26.1927  -26.1919  -26.1897  -26.1873  -26.1838  -26.1832  -26.1816  -26.1806  -10.9571  -10.9075  -10.9026   -9.8918   -9.8838   -9.7642   -8.8630   -8.8620   -8.8605   -8.8591   -8.8581   -8.8565   -8.7973   -8.7961   -8.7944   -8.7912   -8.7900   -8.7883   -8.3359   -8.2737   -8.2703   -4.1025   -3.8032   -3.7836   -2.2008   -2.1821   -1.9437   -1.7222   -1.6551   -1.3898   -1.1852   -1.1318   -1.0811   -1.0553   -0.9870   -0.9259   -0.4898   -0.4541   -0.2881    2.4740    2.5069    2.7594    3.0637    3.5711    3.5952    4.2459    4.3066    4.4535    4.5637    4.7761    4.8216    4.9270    5.0398    5.1797    5.3768    5.4141    5.4765    5.8053    6.2487    6.5125
  3.5430  -26.4617  -26.4596  -26.4566  -26.4528  -26.4507  -26.4505  -26.3975  -26.3968  -26.3953  -26.3947  -26.3918  -26.3911  -26.3896  -26.3891  -26.3863  -26.3862  -26.3857  -26.3855  -26.2140  -26.2121  -26.2116  -26.2103  -26.2080  -26.2071  -26.2051  -26.2048  -26.2030  -26.1977  -26.1929  -26.1922  -26.1903  -26.1879  -26.1839  -26.1834  -26.1817  -26.1808  -10.9774  -10.9233  -10.9187   -9.9194   -9.9124   -9.7826   -8.8617   -8.8606   -8.8591   -8.8589   -8.8578   -8.8563   -8.7970   -8.7958   -8.7941   -8.7925   -8.7914   -8.7896   -8.3556   -8.2896   -8.2866   -4.1702   -3.8411   -3.8300   -2.1489   -2.1409   -1.7163   -1.5919   -1.5190   -1.3355   -1.1346   -1.0427   -1.0105   -0.9388   -0.8617   -0.7691   -0.4535   -0.4088   -0.2635    2.2610    2.5774    2.7204    3.3706    3.5783    3.7154    4.2231    4.3579    4.5103    4.5753    4.8466    4.9081    4.9121    4.9913    5.1806    5.3256    5.3654    5.3886    5.8181    6.1073    6.2598
  3.5996  -26.4616  -26.4596  -26.4566  -26.4526  -26.4506  -26.4504  -26.3972  -26.3966  -26.3950  -26.3944  -26.3915  -26.3909  -26.3894  -26.3889  -26.3859  -26.3858  -26.3855  -26.3853  -26.2140  -26.2121  -26.2106  -26.2103  -26.2079  -26.2064  -26.2047  -26.2044  -26.2030  -26.1985  -26.1931  -26.1925  -26.1909  -26.1886  -26.1840  -26.1835  -26.1818  -26.1810  -10.9958  -10.9378  -10.9332   -9.9443   -9.9375   -9.7996   -8.8605   -8.8594   -8.8587   -8.8579   -8.8576   -8.8560   -8.7967   -8.7956   -8.7939   -8.7938   -8.7926   -8.7909   -8.3726   -8.3038   -8.3010   -4.2287   -3.8760   -3.8703   -2.1311   -2.1247   -1.4853   -1.4280   -1.3596   -1.3039   -1.0855   -1.0082   -0.9684   -0.7435   -0.7177   -0.6081   -0.4198   -0.3642   -0.2428    2.0353    2.5580    2.6242    3.5904    3.6958    3.7262    4.2423    4.3452    4.3868    4.7011    4.9114    4.9522    4.9950    5.0276    5.1439    5.2947    5.3447    5.3946    5.9465    6.0248    6.1048
  3.6561  -26.4616  -26.4596  -26.4566  -26.4525  -26.4505  -26.4503  -26.3969  -26.3964  -26.3948  -26.3942  -26.3912  -26.3907  -26.3891  -26.3887  -26.3856  -26.3856  -26.3853  -26.3852  -26.2140  -26.2121  -26.2102  -26.2096  -26.2078  -26.2057  -26.2046  -26.2037  -26.2029  -26.1994  -26.1931  -26.1927  -26.1915  -26.1892  -26.1841  -26.1836  -26.1818  -26.1811  -11.0112  -10.9501  -10.9456   -9.9650   -9.9583   -9.8141   -8.8595   -8.8585   -8.8584   -8.8574   -8.8570   -8.8558   -8.7966   -8.7954   -8.7948   -8.7937   -8.7937   -8.7920   -8.3864   -8.3155   -8.3128   -4.2762   -3.9058   -3.9029   -2.1286   -2.1218   -1.2993   -1.2594   -1.2494   -1.2016   -1.0409   -0.9804   -0.9317   -0.5781   -0.5562   -0.4567   -0.3908   -0.3226   -0.2281    1.8135    2.4680    2.4934    3.5536    3.6129    4.0135    4.1635    4.3875    4.4305    4.8232    4.9671    5.0098    5.0755    5.1222    5.1259    5.2164    5.4500    5.4539    5.8752    5.9602    6.0719
  3.7127  -26.4616  -26.4595  -26.4567  -26.4524  -26.4504  -26.4502  -26.3967  -26.3963  -26.3946  -26.3940  -26.3910  -26.3906  -26.3890  -26.3886  -26.3854  -26.3854  -26.3851  -26.3851  -26.2140  -26.2121  -26.2102  -26.2087  -26.2077  -26.2052  -26.2045  -26.2031  -26.2029  -26.2003  -26.1931  -26.1928  -26.1921  -26.1898  -26.1842  -26.1836  -26.1818  -26.1812  -11.0228  -10.9595  -10.9549   -9.9805   -9.9739   -9.8252   -8.8588   -8.8584   -8.8577   -8.8573   -8.8564   -8.8556   -8.7964   -8.7956   -8.7953   -8.7945   -8.7935   -8.7928   -8.3965   -8.3243   -8.3216   -4.3111   -3.9288   -3.9266   -2.1312   -2.1242   -1.2823   -1.1093   -1.0706   -1.0620   -1.0034   -0.9616   -0.9032   -0.4580   -0.3982   -0.3685   -0.3315   -0.2862   -0.2211    1.6183    2.3551    2.3623    3.4591    3.4770    3.9441    4.3961    4.5666    4.5737    4.9299    4.9742    5.0083    5.1158    5.1388    5.1459    5.3393    5.5268    5.5929    5.7466    5.8771    5.9846
  3.7692  -26.4616  -26.4595  -26.4567  -26.4523  -26.4504  -26.4502  -26.3965  -26.3962  -26.3945  -26.3939  -26.3909  -26.3905  -26.3889  -26.3884  -26.3853  -26.3852  -26.3850  -26.3850  -26.2140  -26.2121  -26.2102  -26.2080  -26.2076  -26.2049  -26.2044  -26.2029  -26.2027  -26.2010  -26.1931  -26.1929  -26.1925  -26.1901  -26.1843  -26.1836  -26.1818  -26.1813  -11.0300  -10.9654  -10.9608   -9.9902   -9.9835   -9.8321   -8.8584   -8.8582   -8.8573   -8.8572   -8.8561   -8.8553   -8.7963   -8.7961   -8.7952   -8.7950   -8.7935   -8.7933   -8.4027   -8.3297   -8.3270   -4.3324   -3.9433   -3.9410   -2.1342   -2.1271   -1.2773   -1.0030   -0.9817   -0.9755   -0.9539   -0.9273   -0.8850   -0.3776   -0.3545   -0.2854   -0.2570   -0.2512   -0.2229    1.4797    2.2649    2.2659    3.3682    3.3787    3.8258    4.6926    4.7389    4.7447    4.9961    5.0051    5.0347    5.0751    5.0848    5.1991    5.5244    5.5730    5.6178    5.6463    5.7292    5.8457
  3.8257  -26.4615  -26.4595  -26.4567  -26.4523  -26.4503  -26.4502  -26.3965  -26.3961  -26.3945  -26.3938  -26.3908  -26.3904  -26.3889  -26.3884  -26.3852  -26.3852  -26.3850  -26.3850  -26.2140  -26.2121  -26.2102  -26.2077  -26.2075  -26.2048  -26.2043  -26.2028  -26.2026  -26.2013  -26.1931  -26.1929  -26.1926  -26.1903  -26.1843  -26.1836  -26.1818  -26.1813  -11.0324  -10.9674  -10.9628   -9.9934   -9.9867   -9.8344   -8.8583   -8.8581   -8.8572   -8.8571   -8.8560   -8.8553   -8.7963   -8.7963   -8.7952   -8.7951   -8.7934   -8.7934   -8.4047   -8.3315   -8.3288   -4.3396   -3.9481   -3.9459   -2.1354   -2.1282   -1.2759   -0.9616   -0.9595   -0.9568   -0.9548   -0.8789   -0.8770   -0.3498   -0.3491   -0.2406   -0.2383   -0.2304   -0.2289    1.4287    2.2302    2.2309    3.3327    3.3429    3.7835    4.7900    4.8324    4.8338    5.0359    5.0399    5.0402    5.0456    5.2216    5.2342    5.2440    5.6177    5.6341    5.6717    5.7297    5.7893
  3.8257  -26.4615  -26.4595  -26.4567  -26.4523  -26.4503  -26.4502  -26.3965  -26.3961  -26.3945  -26.3938  -26.3908  -26.3904  -26.3889  -26.3884  -26.3852  -26.3852  -26.3850  -26.3850  -26.2140  -26.2121  -26.2102  -26.2077  -26.2075  -26.2048  -26.2043  -26.2028  -26.2026  -26.2013  -26.1931  -26.1929  -26.1926  -26.1903  -26.1843  -26.1836  -26.1818  -26.1813  -11.0324  -10.9674  -10.9628   -9.9934   -9.9867   -9.8344   -8.8583   -8.8581   -8.8572   -8.8571   -8.8560   -8.8553   -8.7963   -8.7963   -8.7952   -8.7951   -8.7934   -8.7934   -8.4047   -8.3315   -8.3288   -4.3396   -3.9481   -3.9459   -2.1354   -2.1282   -1.2759   -0.9616   -0.9595   -0.9568   -0.9548   -0.8789   -0.8770   -0.3498   -0.3491   -0.2406   -0.2383   -0.2304   -0.2289    1.4287    2.2302    2.2309    3.3327    3.3429    3.7835    4.7901    4.8324    4.8339    5.0357    5.0396    5.0400    5.0432    5.2188    5.2228    5.2360    5.6199    5.6228    5.6466    5.7701    5.8013
  3.8831  -26.4616  -26.4595  -26.4567  -26.4523  -26.4504  -26.4502  -26.3965  -26.3962  -26.3945  -26.3939  -26.3909  -26.3905  -26.3889  -26.3884  -26.3853  -26.3852  -26.3850  -26.3850  -26.2140  -26.2121  -26.2102  -26.2080  -26.2076  -26.2048  -26.2044  -26.2030  -26.2026  -26.2010  -26.1931  -26.1929  -26.1925  -26.1901  -26.1843  -26.1836  -26.1818  -26.1813  -11.0299  -10.9673  -10.9590   -9.9947   -9.9786   -9.8324   -8.8585   -8.8582   -8.8573   -8.8572   -8.8562   -8.8553   -8.7963   -8.7961   -8.7952   -8.7950   -8.7935   -8.7933   -8.4025   -8.3318   -8.3250   -4.3318   -3.9664   -3.9181   -2.1714   -2.0886   -1.2795   -1.0060   -0.9788   -0.9725   -0.9565   -0.9294   -0.8830   -0.3762   -0.3555   -0.2917   -0.2515   -0.2481   -0.2258    1.4815    2.2279    2.3019    3.3532    3.3943    3.8241    4.6948    4.7271    4.7569    4.9948    5.0128    5.0307    5.0748    5.0824    5.1961    5.5136    5.5733    5.6333    5.6610    5.6919    5.8045
  3.9405  -26.4616  -26.4595  -26.4567  -26.4524  -26.4504  -26.4502  -26.3966  -26.3963  -26.3946  -26.3940  -26.3910  -26.3906  -26.3890  -26.3885  -26.3854  -26.3854  -26.3851  -26.3850  -26.2140  -26.2121  -26.2102  -26.2088  -26.2076  -26.2050  -26.2047  -26.2033  -26.2026  -26.2003  -26.1931  -26.1928  -26.1921  -26.1898  -26.1842  -26.1836  -26.1817  -26.1813  -11.0223  -10.9646  -10.9504   -9.9911   -9.9620   -9.8265   -8.8589   -8.8582   -8.8577   -8.8573   -8.8566   -8.8554   -8.7964   -8.7956   -8.7953   -8.7945   -8.7935   -8.7928   -8.3958   -8.3296   -8.3169   -4.3085   -3.9750   -3.8813   -2.2050   -2.0453   -1.2934   -1.1138   -1.0666   -1.0591   -0.9982   -0.9695   -0.8977   -0.4521   -0.4123   -0.3743   -0.3263   -0.2727   -0.2274    1.6248    2.2911    2.4217    3.4285    3.5123    3.9311    4.4083    4.5563    4.5814    4.9430    4.9746    4.9952    5.1060    5.1475    5.1500    5.3119    5.5790    5.6578    5.7257    5.7843    5.9272
  3.9979  -26.4616  -26.4596  -26.4566  -26.4525  -26.4505  -26.4503  -26.3967  -26.3965  -26.3949  -26.3941  -26.3911  -26.3908  -26.3892  -26.3887  -26.3857  -26.3856  -26.3853  -26.3852  -26.2140  -26.2121  -26.2102  -26.2097  -26.2077  -26.2056  -26.2048  -26.2039  -26.2027  -26.1994  -26.1931  -26.1927  -26.1915  -26.1892  -26.1841  -26.1836  -26.1816  -26.1813  -11.0101  -10.9582  -10.9385   -9.9809   -9.9397   -9.8169   -8.8596   -8.8584   -8.8584   -8.8574   -8.8573   -8.8555   -8.7965   -8.7954   -8.7948   -8.7937   -8.7937   -8.7920   -8.3849   -8.3241   -8.3057   -4.2706   -3.9720   -3.8389   -2.2317   -2.0073   -1.3513   -1.2661   -1.2191   -1.1860   -1.0340   -0.9946   -0.9208   -0.5820   -0.5656   -0.4509   -0.4040   -0.2996   -0.2371    1.8261    2.4003    2.5492    3.5309    3.6582    3.9411    4.2344    4.3770    4.4243    4.8412    4.9374    5.0144    5.0899    5.0965    5.1286    5.2297    5.4207    5.4959    5.8577    5.9276    6.1491
  4.0553  -26.4616  -26.4596  -26.4566  -26.4526  -26.4506  -26.4504  -26.3969  -26.3968  -26.3952  -26.3943  -26.3913  -26.3911  -26.3894  -26.3889  -26.3860  -26.3858  -26.3855  -26.3853  -26.2140  -26.2121  -26.2107  -26.2102  -26.2078  -26.2062  -26.2049  -26.2046  -26.2027  -26.1985  -26.1931  -26.1924  -26.1909  -26.1886  -26.1840  -26.1835  -26.1814  -26.1813  -10.9940  -10.9484  -10.9243   -9.9643   -9.9131   -9.8043   -8.8606   -8.8594   -8.8586   -8.8583   -8.8576   -8.8557   -8.7967   -8.7956   -8.7939   -8.7938   -8.7926   -8.7909   -8.3701   -8.3153   -8.2919   -4.2194   -3.9571   -3.7934   -2.2512   -1.9850   -1.5368   -1.4444   -1.3296   -1.2790   -1.0771   -1.0301   -0.9505   -0.7769   -0.7063   -0.6032   -0.4425   -0.3297   -0.2545    2.0533    2.5298    2.6298    3.6306    3.6456    3.7412    4.2288    4.3520    4.4025    4.7238    4.8598    4.9347    5.0282    5.0318    5.1688    5.2844    5.3104    5.4398    5.8832    6.0830    6.1774
  4.1127  -26.4617  -26.4596  -26.4566  -26.4528  -26.4507  -26.4505  -26.3973  -26.3970  -26.3955  -26.3945  -26.3915  -26.3914  -26.3897  -26.3891  -26.3863  -26.3862  -26.3857  -26.3855  -26.2140  -26.2121  -26.2116  -26.2103  -26.2079  -26.2070  -26.2052  -26.2049  -26.2028  -26.1977  -26.1930  -26.1922  -26.1902  -26.1880  -26.1839  -26.1834  -26.1813  -26.1812  -10.9749  -10.9357  -10.9086   -9.9420   -9.8835   -9.7891   -8.8618   -8.8606   -8.8595   -8.8588   -8.8578   -8.8559   -8.7970   -8.7958   -8.7941   -8.7925   -8.7914   -8.7896   -8.3520   -8.3037   -8.2761   -4.1570   -3.9307   -3.7475   -2.2644   -1.9981   -1.7674   -1.6328   -1.4574   -1.3084   -1.1243   -1.0733   -0.9848   -0.9830   -0.8559   -0.7664   -0.4873   -0.3611   -0.2784    2.2808    2.6216    2.6564    3.3181    3.6337    3.7356    4.2404    4.2596    4.5994    4.6038    4.7658    4.9213    4.9424    4.9662    5.1918    5.2664    5.3951    5.4732    5.7153    6.1906    6.3191
  4.1701  -26.4617  -26.4597  -26.4565  -26.4530  -26.4508  -26.4506  -26.3976  -26.3973  -26.3959  -26.3947  -26.3918  -26.3917  -26.3900  -26.3893  -26.3867  -26.3866  -26.3859  -26.3857  -26.2141  -26.2125  -26.2122  -26.2103  -26.2081  -26.2076  -26.2059  -26.2050  -26.2029  -26.1970  -26.1927  -26.1919  -26.1896  -26.1875  -26.1838  -26.1832  -26.1811  -26.1811  -10.9539  -10.9209  -10.8923   -9.9151   -9.8525   -9.7724   -8.8632   -8.8620   -8.8608   -8.8590   -8.8581   -8.8561   -8.7972   -8.7961   -8.7944   -8.7912   -8.7900   -8.7882   -8.3312   -8.2896   -8.2591   -4.0860   -3.8937   -3.7041   -2.2737   -2.0690   -1.9983   -1.8176   -1.5368   -1.3404   -1.1864   -1.1728   -1.1210   -1.0208   -1.0011   -0.9270   -0.5354   -0.3920   -0.3069    2.4852    2.5336    2.7625    3.0117    3.4232    3.8469    4.0999    4.3036    4.4895    4.6630    4.7154    4.7995    4.9057    5.0558    5.1710    5.3613    5.4722    5.5063    5.7191    6.2503    6.3802
  4.2276  -26.4618  -26.4597  -26.4565  -26.4532  -26.4510  -26.4508  -26.3980  -26.3975  -26.3963  -26.3949  -26.3922  -26.3919  -26.3904  -26.3895  -26.3871  -26.3869  -26.3862  -26.3859  -26.2143  -26.2132  -26.2123  -26.2104  -26.2083  -26.2082  -26.2065  -26.2051  -26.2029  -26.1965  -26.1924  -26.1916  -26.1891  -26.1870  -26.1836  -26.1830  -26.1810  -26.1809  -10.9321  -10.9047  -10.8764   -9.8851   -9.8219   -9.7549   -8.8647   -8.8634   -8.8623   -8.8592   -8.8583   -8.8564   -8.7975   -8.7964   -8.7947   -8.7897   -8.7886   -8.7868   -8.3089   -8.2736   -8.2418   -4.0099   -3.8474   -3.6653   -2.2858   -2.2162   -2.1916   -1.9855   -1.5708   -1.3829   -1.3709   -1.2198   -1.1702   -1.1289   -1.0742   -1.0569   -0.5839   -0.4208   -0.3382    2.4072    2.5978    2.7899    2.8296    3.2108    3.8963    3.9718    4.3321    4.3868    4.5580    4.6619    4.7291    4.8489    5.1005    5.2281    5.4713    5.5299    5.5336    5.9696    6.3562    6.4609
  4.2850  -26.4618  -26.4598  -26.4564  -26.4534  -26.4511  -26.4509  -26.3984  -26.3977  -26.3967  -26.3952  -26.3926  -26.3921  -26.3908  -26.3897  -26.3875  -26.3873  -26.3864  -26.3860  -26.2145  -26.2137  -26.2124  -26.2105  -26.2088  -26.2083  -26.2070  -26.2051  -26.2030  -26.1961  -26.1921  -26.1914  -26.1887  -26.1866  -26.1835  -26.1828  -26.1808  -26.1807  -10.9110  -10.8883  -10.8617   -9.8537   -9.7935   -9.7377   -8.8662   -8.8650   -8.8639   -8.8595   -8.8585   -8.8566   -8.7979   -8.7967   -8.7950   -8.7884   -8.7872   -8.7854   -8.2862   -8.2566   -8.2253   -3.9328   -3.7944   -3.6329   -2.4125   -2.3341   -2.3183   -2.1148   -1.6251   -1.4912   -1.4385   -1.2627   -1.2284   -1.2178   -1.1999   -1.0907   -0.6300   -0.4460   -0.3702    2.2780    2.4194    2.8036    2.8494    3.0759    3.7356    4.0385    4.2992    4.3338    4.4569    4.5401    4.7056    4.7975    4.9860    5.3434    5.4858    5.5662    5.7014    6.2692    6.4432    6.6502
  4.3424  -26.4619  -26.4598  -26.4563  -26.4537  -26.4513  -26.4510  -26.3988  -26.3979  -26.3970  -26.3954  -26.3929  -26.3923  -26.3911  -26.3899  -26.3880  -26.3876  -26.3866  -26.3862  -26.2148  -26.2140  -26.2125  -26.2106  -26.2092  -26.2084  -26.2075  -26.2052  -26.2031  -26.1959  -26.1917  -26.1912  -26.1884  -26.1863  -26.1833  -26.1827  -26.1807  -26.1805  -10.8916  -10.8724  -10.8491   -9.8226   -9.7690   -9.7219   -8.8677   -8.8665   -8.8653   -8.8597   -8.8587   -8.8568   -8.7981   -8.7970   -8.7953   -8.7871   -8.7859   -8.7842   -8.2646   -8.2395   -8.2108   -3.8595   -3.7381   -3.6074   -2.5814   -2.4702   -2.3975   -2.1774   -1.7529   -1.5072   -1.5041   -1.3001   -1.2995   -1.2971   -1.2614   -1.1207   -0.6714   -0.4665   -0.4012    2.1680    2.2059    2.6541    2.9375    3.0628    3.5820    4.0941    4.2292    4.3308    4.3647    4.4347    4.6933    4.7534    4.8686    5.3488    5.5140    5.5805    5.8239    6.4681    6.5554    6.9715
  4.3998  -26.4619  -26.4599  -26.4562  -26.4539  -26.4514  -26.4511  -26.3991  -26.3981  -26.3973  -26.3956  -26.3932  -26.3925  -26.3914  -26.3900  -26.3883  -26.3878  -26.3868  -26.3864  -26.2151  -26.2143  -26.2126  -26.2107  -26.2096  -26.2085  -26.2078  -26.2052  -26.2031  -26.1957  -26.1914  -26.1910  -26.1882  -26.1860  -26.1831  -26.1825  -26.1805  -26.1804  -10.8752  -10.8581  -10.8393   -9.7939   -9.7502   -9.7083   -8.8690   -8.8678   -8.8667   -8.8599   -8.8589   -8.8570   -8.7984   -8.7973   -8.7955   -8.7860   -8.7849   -8.7831   -8.2457   -8.2234   -8.1994   -3.7951   -3.6830   -3.5887   -2.7181   -2.5841   -2.5003   -2.1931   -1.8811   -1.5673   -1.4971   -1.3707   -1.3465   -1.3287   -1.2987   -1.1454   -0.7058   -0.4812   -0.4292    2.0284    2.0904    2.4799    2.9935    3.0853    3.4510    4.1360    4.1782    4.2849    4.3310    4.3477    4.7033    4.7177    4.7788    5.2636    5.5351    5.5841    5.8875    6.5543    6.6041    6.8855
  4.4572  -26.4620  -26.4599  -26.4561  -26.4540  -26.4515  -26.4511  -26.3993  -26.3983  -26.3976  -26.3957  -26.3935  -26.3926  -26.3916  -26.3901  -26.3886  -26.3880  -26.3869  -26.3865  -26.2153  -26.2145  -26.2127  -26.2108  -26.2099  -26.2086  -26.2081  -26.2053  -26.2031  -26.1956  -26.1911  -26.1908  -26.1880  -26.1859  -26.1830  -26.1824  -26.1804  -26.1802  -10.8627  -10.8463  -10.8329   -9.7693   -9.7381   -9.6979   -8.8700   -8.8688   -8.8677   -8.8600   -8.8591   -8.8571   -8.7986   -8.7975   -8.7957   -8.7852   -8.7841   -8.7823   -8.2308   -8.2093   -8.1919   -3.7447   -3.6349   -3.5767   -2.8187   -2.6652   -2.5941   -2.1888   -1.9883   -1.6150   -1.4856   -1.4175   -1.3813   -1.3489   -1.3281   -1.1637   -0.7316   -0.4895   -0.4530    1.8969    2.0524    2.3231    3.0229    3.1141    3.3438    4.1466    4.1736    4.2204    4.2822    4.3241    4.6914    4.7271    4.7428    5.1345    5.5472    5.5788    5.9100    6.5443    6.5925    6.9870
  4.5146  -26.4620  -26.4599  -26.4561  -26.4541  -26.4515  -26.4512  -26.3994  -26.3983  -26.3977  -26.3958  -26.3936  -26.3927  -26.3917  -26.3902  -26.3887  -26.3882  -26.3870  -26.3865  -26.2154  -26.2146  -26.2127  -26.2108  -26.2100  -26.2086  -26.2082  -26.2053  -26.2032  -26.1955  -26.1910  -26.1907  -26.1879  -26.1858  -26.1829  -26.1823  -26.1803  -26.1802  -10.8548  -10.8378  -10.8301   -9.7507   -9.7337   -9.6914   -8.8707   -8.8695   -8.8684   -8.8601   -8.8591   -8.8572   -8.7987   -8.7976   -8.7959   -8.7847   -8.7836   -8.7818   -8.2213   -8.1986   -8.1891   -3.7126   -3.5992   -3.5724   -2.8802   -2.7064   -2.6654   -2.1690   -2.0714   -1.6439   -1.4748   -1.4458   -1.4032   -1.3593   -1.3482   -1.1750   -0.7475   -0.4913   -0.4711    1.8162    2.0576    2.1963    3.0356    3.1493    3.2597    4.1356    4.1732    4.2123    4.2421    4.2969    4.6755    4.7495    4.7762    4.9947    5.5543    5.5702    5.9138    6.5480    6.5987    6.9464
  4.5720  -26.4620  -26.4599  -26.4561  -26.4542  -26.4516  -26.4512  -26.3995  -26.3984  -26.3978  -26.3958  -26.3937  -26.3928  -26.3918  -26.3902  -26.3888  -26.3882  -26.3870  -26.3866  -26.2154  -26.2147  -26.2127  -26.2109  -26.2101  -26.2086  -26.2083  -26.2053  -26.2032  -26.1955  -26.1909  -26.1907  -26.1879  -26.1858  -26.1829  -26.1823  -26.1803  -26.1802  -10.8522  -10.8340  -10.8300   -9.7415   -9.7351   -9.6892   -8.8709   -8.8697   -8.8686   -8.8601   -8.8592   -8.8572   -8.7988   -8.7976   -8.7959   -8.7845   -8.7834   -8.7816   -8.2180   -8.1931   -8.1899   -3.7016   -3.5795   -3.5780   -2.9010   -2.7062   -2.7043   -2.1334   -2.1285   -1.6534   -1.4643   -1.4615   -1.4108   -1.3608   -1.3569   -1.1788   -0.7530   -0.4892   -0.4799    1.7889    2.1047    2.1080    3.0389    3.1958    3.1966    4.1434    4.1458    4.2273    4.2532    4.2585    4.6701    4.7585    4.8640    4.8719    5.5586    5.5643    5.9135    6.5435    6.5549    6.9361
