#K-Path     Band-1    Band-2    Band-3    Band-4      ...     Band-n
  0.0000  -43.9929  -43.9863  -43.9863  -43.9857  -23.6323  -23.6114  -23.5958  -23.5781  -23.5771  -23.5759  -23.5631  -23.5629  -23.5576  -23.5296  -23.5161  -23.5025  -17.6275  -17.6265  -17.6078  -17.5874  -17.5807  -17.5726  -17.5661  -17.5577  -17.5569  -17.5474  -17.5336  -17.5299  -17.5192  -17.5187  -17.5003  -17.4944  -17.4917  -17.4866  -17.4588  -17.4564  -12.9607  -11.8457  -11.6866  -10.7252  -10.7021  -10.5949  -10.5840  -10.4316   -7.4715   -6.1988   -6.1925   -5.2828   -4.3749   -4.2003   -4.1885   -4.0316   -3.8432   -3.2923   -3.1826   -2.8274   -2.5215   -2.4899   -2.3314   -2.2456   -1.9753   -1.8464   -1.6096   -1.6035   -1.3756   -0.3636   -0.3164   -0.2439    1.8456    2.3011    2.6250    3.1897    3.3211    3.3316    3.6481    3.7758    3.8080    3.8843    4.0558    4.1295    4.2394    4.3317    4.6413    4.7672    4.8722    5.0750    5.1098    5.2584    5.5425    5.5472    5.8590    6.1901    6.2337    6.2922    6.3857    6.4394
  0.0638  -43.9929  -43.9868  -43.9859  -43.9857  -23.6318  -23.6106  -23.5948  -23.5814  -23.5764  -23.5753  -23.5639  -23.5606  -23.5574  -23.5303  -23.5163  -23.5035  -17.6274  -17.6265  -17.6075  -17.5872  -17.5815  -17.5738  -17.5645  -17.5577  -17.5566  -17.5470  -17.5338  -17.5302  -17.5192  -17.5187  -17.5003  -17.4946  -17.4914  -17.4866  -17.4587  -17.4564  -12.9501  -11.9312  -11.6051  -10.7275  -10.7011  -10.5987  -10.5870  -10.4346   -7.4498   -6.2281   -6.1762   -5.2784   -4.4760   -4.1777   -4.0826   -4.0212   -3.8574   -3.2778   -3.1815   -2.8098   -2.5364   -2.4715   -2.3651   -2.2824   -1.9238   -1.8185   -1.6487   -1.6401   -1.3750   -0.4068   -0.3765   -0.2808    1.9298    2.3259    2.6491    3.1929    3.3225    3.3415    3.6719    3.6880    3.8722    3.9908    4.0337    4.0870    4.2879    4.3884    4.6313    4.7798    4.8643    5.0585    5.1340    5.1401    5.5806    5.6171    5.8487    6.0561    6.1680    6.1962    6.3783    6.4290
  0.1275  -43.9926  -43.9875  -43.9856  -43.9856  -23.6300  -23.6083  -23.5919  -23.5871  -23.5764  -23.5745  -23.5642  -23.5574  -23.5567  -23.5323  -23.5170  -23.5066  -17.6274  -17.6266  -17.6066  -17.5867  -17.5840  -17.5756  -17.5621  -17.5578  -17.5555  -17.5459  -17.5346  -17.5310  -17.5192  -17.5187  -17.5001  -17.4952  -17.4909  -17.4868  -17.4586  -17.4565  -12.9182  -12.0674  -11.4797  -10.7316  -10.6990  -10.6411  -10.5675  -10.4430   -7.3867   -6.3075   -6.1283   -5.2818   -4.6025   -4.1573   -3.9923   -3.8931   -3.8912   -3.2373   -3.1663   -2.7632   -2.6209   -2.4236   -2.4183   -2.3247   -1.8577   -1.7694   -1.7292   -1.7249   -1.3577   -0.6465   -0.4157   -0.3850    2.1680    2.3880    2.6901    3.2047    3.2960    3.3724    3.5685    3.7773    3.9421    4.0493    4.0860    4.1957    4.3231    4.4770    4.6671    4.8068    4.8579    4.8870    5.0515    5.1991    5.6409    5.6885    5.8301    5.9210    6.0233    6.2358    6.3434    6.4004
  0.1913  -43.9922  -43.9881  -43.9856  -43.9854  -23.6271  -23.6048  -23.5936  -23.5876  -23.5789  -23.5713  -23.5648  -23.5554  -23.5548  -23.5351  -23.5181  -23.5111  -17.6274  -17.6267  -17.6052  -17.5873  -17.5859  -17.5773  -17.5605  -17.5580  -17.5531  -17.5443  -17.5360  -17.5323  -17.5192  -17.5188  -17.4997  -17.4959  -17.4902  -17.4870  -17.4583  -17.4567  -12.8658  -12.2086  -11.3536  -10.7327  -10.7107  -10.6939  -10.5440  -10.4548   -7.2880   -6.4211   -6.0511   -5.3244   -4.6805   -4.1763   -3.9358   -3.9082   -3.6872   -3.1750   -3.1182   -2.7615   -2.7068   -2.5054   -2.3396   -2.3371   -1.9321   -1.8383   -1.7718   -1.6648   -1.2823   -0.9684   -0.5444   -0.4786    2.4603    2.5208    2.7082    3.2247    3.2645    3.3883    3.5011    3.8352    3.8574    4.2196    4.2290    4.3863    4.3917    4.5342    4.6066    4.8043    4.8167    4.8732    5.0709    5.2817    5.5026    5.7073    5.8184    5.9632    5.9717    6.2626    6.2979    6.3847
  0.2550  -43.9917  -43.9889  -43.9855  -43.9853  -23.6232  -23.6004  -23.6002  -23.5826  -23.5822  -23.5672  -23.5662  -23.5542  -23.5533  -23.5379  -23.5194  -23.5161  -17.6273  -17.6268  -17.6032  -17.5909  -17.5849  -17.5789  -17.5597  -17.5583  -17.5498  -17.5424  -17.5378  -17.5340  -17.5191  -17.5188  -17.4993  -17.4967  -17.4896  -17.4874  -17.4581  -17.4569  -12.7939  -12.3469  -11.2309  -10.7933  -10.7288  -10.6969  -10.5222  -10.4674   -7.1616   -6.5566   -5.9482   -5.4185   -4.6903   -4.2736   -3.8669   -3.8655   -3.4811   -3.0910   -3.0327   -2.9056   -2.6723   -2.6220   -2.3300   -2.2469   -2.0842   -1.9367   -1.7674   -1.5582   -1.3228   -1.1314   -0.7370   -0.5695    2.5219    2.6863    2.9486    3.2449    3.2452    3.4006    3.4708    3.7706    3.8942    4.2137    4.2796    4.3673    4.5269    4.6558    4.6626    4.7376    4.8924    4.9717    5.1615    5.2959    5.4622    5.6796    5.7455    5.9663    5.9738    6.1848    6.3719    6.6014
  0.3188  -43.9911  -43.9896  -43.9854  -43.9852  -23.6184  -23.6067  -23.5956  -23.5862  -23.5773  -23.5687  -23.5628  -23.5559  -23.5499  -23.5410  -23.5207  -23.5199  -17.6272  -17.6270  -17.6007  -17.5945  -17.5836  -17.5806  -17.5593  -17.5586  -17.5463  -17.5403  -17.5402  -17.5360  -17.5190  -17.5189  -17.4988  -17.4974  -17.4889  -17.4878  -17.4577  -17.4571  -12.7039  -12.4777  -11.1124  -10.8913  -10.7207  -10.7020  -10.5047  -10.4794   -7.0164   -6.7058   -5.8249   -5.5474   -4.6373   -4.4072   -3.8089   -3.8079   -3.2995   -3.0368   -2.9832   -2.9182   -2.7431   -2.6994   -2.3145   -2.2444   -2.1047   -1.9481   -1.8649   -1.6304   -1.3689   -0.9768   -0.9481   -0.6852    2.5699    2.6527    3.2432    3.2547    3.3547    3.4361    3.4600    3.7110    3.9741    4.1502    4.1940    4.3027    4.4720    4.5799    4.7190    4.8165    4.9948    5.1396    5.3366    5.4367    5.4924    5.5936    5.7643    5.8857    5.8989    6.0000    6.3985    6.4389
  0.3825  -43.9904  -43.9904  -43.9853  -43.9853  -23.6129  -23.6129  -23.5907  -23.5907  -23.5725  -23.5725  -23.5590  -23.5590  -23.5453  -23.5453  -23.5212  -23.5212  -17.6271  -17.6271  -17.5978  -17.5978  -17.5821  -17.5821  -17.5589  -17.5589  -17.5430  -17.5430  -17.5381  -17.5381  -17.5190  -17.5190  -17.4981  -17.4981  -17.4884  -17.4883  -17.4574  -17.4574  -12.5977  -12.5977  -10.9987  -10.9987  -10.7108  -10.7108  -10.4911  -10.4911   -6.8617   -6.8616   -5.6880   -5.6880   -4.5368   -4.5368   -3.7842   -3.7841   -3.1588   -3.1588   -2.8631   -2.8631   -2.7945   -2.7945   -2.2907   -2.2907   -2.0029   -2.0029   -1.8380   -1.8380   -1.1634   -1.1634   -0.8230   -0.8230    2.6119    2.6120    3.2505    3.2506    3.4405    3.4406    3.6467    3.6467    4.0737    4.0737    4.2207    4.2207    4.3921    4.3923    4.8087    4.8092    5.2184    5.2184    5.3353    5.3354    5.6780    5.6790    5.7336    5.7352    5.8998    5.9010    6.3207    6.3231
  0.3825  -43.9895  -43.9895  -43.9862  -43.9862  -23.6256  -23.6256  -23.5802  -23.5802  -23.5759  -23.5759  -23.5666  -23.5665  -23.5406  -23.5406  -23.5125  -23.5125  -17.6270  -17.6270  -17.6011  -17.6011  -17.5740  -17.5740  -17.5650  -17.5650  -17.5497  -17.5497  -17.5308  -17.5308  -17.5188  -17.5188  -17.4975  -17.4975  -17.4890  -17.4890  -17.4571  -17.4571  -12.4503  -12.4503  -11.2694  -11.2693  -10.7236  -10.7236  -10.5098  -10.5098   -6.4175   -6.4175   -5.9213   -5.9213   -4.6254   -4.6254   -3.4929   -3.4929   -3.3022   -3.3021   -2.9383   -2.9383   -2.5295   -2.5295   -2.3370   -2.3370   -1.8973   -1.8973   -1.5777   -1.5777   -1.1148   -1.1148   -1.0337   -1.0337    1.4746    1.4746    2.6788    2.6788    3.3163    3.3163    3.4145    3.4146    4.2293    4.2294    4.4406    4.4406    4.8150    4.8151    5.1015    5.1100    5.3592    5.3599    5.6694    5.6882    5.8134    5.8312    6.0866    6.1463    6.2896    6.3344    6.3971    6.4657
  0.4465  -43.9902  -43.9887  -43.9862  -43.9862  -23.6251  -23.6246  -23.5903  -23.5786  -23.5735  -23.5720  -23.5668  -23.5648  -23.5423  -23.5393  -23.5152  -23.5101  -17.6271  -17.6268  -17.6030  -17.5989  -17.5753  -17.5730  -17.5655  -17.5643  -17.5506  -17.5489  -17.5313  -17.5304  -17.5189  -17.5188  -17.4981  -17.4968  -17.4895  -17.4884  -17.4574  -17.4568  -12.5733  -12.3214  -11.3665  -11.1711  -10.7341  -10.7024  -10.5284  -10.4915   -6.6144   -6.2627   -5.9482   -5.8713   -4.6901   -4.5289   -3.7371   -3.4466   -3.3364   -3.0925   -3.0352   -2.9298   -2.5107   -2.4845   -2.4283   -2.1902   -1.9769   -1.8318   -1.6136   -1.5717   -1.2905   -1.1619   -0.9380   -0.9022    1.5355    1.5399    2.5518    2.8179    3.2070    3.3594    3.4315    3.4860    4.1147    4.2568    4.4706    4.5203    4.7478    4.8314    5.0190    5.1156    5.1157    5.4963    5.5793    5.5983    5.7008    5.9328    6.0286    6.1278    6.1715    6.3033    6.3701    6.4310
  0.5105  -43.9910  -43.9880  -43.9862  -43.9861  -23.6233  -23.6226  -23.6001  -23.5808  -23.5714  -23.5696  -23.5667  -23.5599  -23.5449  -23.5373  -23.5181  -23.5079  -17.6272  -17.6267  -17.6046  -17.5965  -17.5766  -17.5723  -17.5659  -17.5632  -17.5518  -17.5483  -17.5318  -17.5301  -17.5189  -17.5188  -17.4987  -17.4962  -17.4901  -17.4879  -17.4577  -17.4566  -12.6849  -12.1937  -11.4569  -11.0778  -10.7299  -10.6757  -10.5460  -10.4743   -6.8247   -6.1800   -5.9756   -5.7724   -4.7138   -4.4139   -3.9953   -3.4682   -3.3403   -3.1445   -3.0759   -2.8331   -2.5010   -2.4844   -2.4120   -2.0272   -1.9242   -1.7935   -1.6798   -1.5875   -1.4904   -1.2463   -0.8065   -0.7364    1.6918    1.7182    2.4780    2.9222    3.1115    3.3134    3.5442    3.5830    4.0032    4.2162    4.4277    4.6488    4.7234    4.7724    4.8028    5.0323    5.0914    5.1524    5.4538    5.5779    5.7290    5.8982    5.9748    6.0690    6.1678    6.1777    6.3593    6.5019
  0.5745  -43.9916  -43.9873  -43.9862  -43.9861  -23.6208  -23.6206  -23.6074  -23.5823  -23.5704  -23.5695  -23.5660  -23.5570  -23.5483  -23.5336  -23.5207  -23.5061  -17.6273  -17.6266  -17.6058  -17.5940  -17.5779  -17.5719  -17.5660  -17.5620  -17.5530  -17.5479  -17.5324  -17.5299  -17.5190  -17.5187  -17.4993  -17.4956  -17.4906  -17.4874  -17.4580  -17.4565  -12.7808  -12.0761  -11.5359  -10.9931  -10.7112  -10.6479  -10.5619  -10.4593   -7.0282   -6.1578   -6.0160   -5.6381   -4.6928   -4.2964   -4.1954   -3.4890   -3.4036   -3.2524   -3.1832   -2.7410   -2.5634   -2.4710   -2.3352   -1.9607   -1.8170   -1.7479   -1.6672   -1.6312   -1.6026   -1.2834   -0.6651   -0.5883    1.8345    1.9834    2.5272    2.8906    3.1089    3.2721    3.6362    3.6801    3.9304    4.1686    4.2723    4.4543    4.5912    4.6507    4.8738    4.9497    5.0376    5.1453    5.3456    5.3611    5.7375    5.8332    5.9976    6.0918    6.1254    6.2324    6.3230    6.3667
  0.6385  -43.9922  -43.9868  -43.9863  -43.9860  -23.6232  -23.6173  -23.6078  -23.5829  -23.5709  -23.5700  -23.5648  -23.5576  -23.5521  -23.5295  -23.5219  -23.5046  -17.6273  -17.6266  -17.6067  -17.5916  -17.5790  -17.5719  -17.5661  -17.5606  -17.5542  -17.5476  -17.5328  -17.5298  -17.5191  -17.5187  -17.4997  -17.4951  -17.4911  -17.4871  -17.4583  -17.4564  -12.8581  -11.9773  -11.6003  -10.9154  -10.6868  -10.6226  -10.5752  -10.4473   -7.2084   -6.1633   -6.0715   -5.5023   -4.6284   -4.3196   -4.1923   -3.5374   -3.5318   -3.4230   -3.1315   -2.8227   -2.6020   -2.3838   -2.2769   -1.9325   -1.9057   -1.8856   -1.6688   -1.5833   -1.5221   -1.0694   -0.5301   -0.4636    1.8817    2.2470    2.7459    2.7808    3.1843    3.2364    3.6609    3.6948    3.9407    4.0887    4.1250    4.2223    4.3308    4.4783    4.9495    5.0167    5.0724    5.1251    5.2102    5.2716    5.6981    5.7827    5.8553    5.9154    6.2148    6.2608    6.2897    6.3476
  0.7026  -43.9926  -43.9865  -43.9863  -43.9859  -23.6278  -23.6142  -23.6034  -23.5821  -23.5730  -23.5711  -23.5638  -23.5599  -23.5553  -23.5286  -23.5199  -23.5034  -17.6274  -17.6265  -17.6073  -17.5895  -17.5799  -17.5721  -17.5661  -17.5594  -17.5553  -17.5475  -17.5332  -17.5299  -17.5192  -17.5187  -17.5000  -17.4947  -17.4914  -17.4868  -17.4586  -17.4564  -12.9147  -11.9043  -11.6477  -10.8410  -10.6714  -10.6029  -10.5848  -10.4386   -7.3499   -6.1768   -6.1325   -5.3875   -4.5231   -4.3728   -4.1119   -3.7454   -3.6720   -3.4198   -3.0287   -2.9586   -2.6035   -2.3032   -2.2859   -2.1224   -1.9756   -1.8557   -1.6360   -1.5664   -1.4918   -0.7175   -0.4177   -0.3661    1.8711    2.3604    2.7147    3.0399    3.2101    3.3436    3.5357    3.7347    3.8604    3.9756    3.9795    4.0411    4.3429    4.4822    4.7876    4.9233    5.0017    5.0988    5.2610    5.3184    5.5529    5.6293    5.8172    5.9073    6.2281    6.3251    6.3730    6.3914
  0.7666  -43.9929  -43.9864  -43.9863  -43.9858  -23.6312  -23.6121  -23.5984  -23.5798  -23.5762  -23.5732  -23.5632  -23.5621  -23.5571  -23.5292  -23.5172  -23.5027  -17.6274  -17.6265  -17.6077  -17.5880  -17.5805  -17.5724  -17.5661  -17.5583  -17.5563  -17.5474  -17.5335  -17.5299  -17.5192  -17.5187  -17.5003  -17.4944  -17.4916  -17.4866  -17.4587  -17.4564  -12.9492  -11.8603  -11.6768  -10.7718  -10.6780  -10.5940  -10.5871  -10.4334   -7.4404   -6.1881   -6.1805   -5.3101   -4.3793   -4.3780   -4.0564   -3.9788   -3.7905   -3.3551   -3.0953   -2.9024   -2.5686   -2.3908   -2.2711   -2.2586   -1.9811   -1.8485   -1.6120   -1.5975   -1.4094   -0.4481   -0.3428   -0.2909    1.8530    2.3274    2.6627    3.1931    3.2656    3.3722    3.5985    3.7757    3.7838    3.9085    3.9562    3.9703    4.4504    4.4519    4.5773    4.8235    4.8811    5.0733    5.2358    5.3040    5.4352    5.6124    5.8494    6.0538    6.2182    6.2804    6.3204    6.3964
  0.8306  -43.9929  -43.9863  -43.9863  -43.9857  -23.6323  -23.6114  -23.5958  -23.5781  -23.5771  -23.5759  -23.5631  -23.5629  -23.5576  -23.5296  -23.5161  -23.5025  -17.6275  -17.6265  -17.6078  -17.5874  -17.5807  -17.5726  -17.5661  -17.5577  -17.5569  -17.5474  -17.5336  -17.5299  -17.5192  -17.5187  -17.5003  -17.4944  -17.4917  -17.4866  -17.4588  -17.4564  -12.9607  -11.8457  -11.6866  -10.7252  -10.7021  -10.5949  -10.5840  -10.4316   -7.4715   -6.1988   -6.1925   -5.2828   -4.3749   -4.2003   -4.1885   -4.0316   -3.8432   -3.2923   -3.1826   -2.8274   -2.5215   -2.4899   -2.3314   -2.2456   -1.9753   -1.8464   -1.6096   -1.6035   -1.3756   -0.3636   -0.3164   -0.2439    1.8456    2.3011    2.6250    3.1898    3.3211    3.3316    3.6481    3.7759    3.8085    3.8843    4.0558    4.1295    4.2394    4.3315    4.6413    4.7668    4.8715    5.0746    5.1084    5.2591    5.5392    5.5433    5.8188    6.1588    6.2194    6.2495    6.3401    6.4784
  0.8306  -43.9929  -43.9863  -43.9863  -43.9857  -23.6323  -23.6114  -23.5958  -23.5781  -23.5771  -23.5759  -23.5631  -23.5629  -23.5576  -23.5296  -23.5161  -23.5025  -17.6275  -17.6265  -17.6078  -17.5874  -17.5807  -17.5726  -17.5661  -17.5577  -17.5569  -17.5474  -17.5336  -17.5299  -17.5192  -17.5187  -17.5003  -17.4944  -17.4917  -17.4866  -17.4588  -17.4564  -12.9607  -11.8457  -11.6866  -10.7252  -10.7021  -10.5949  -10.5840  -10.4316   -7.4715   -6.1988   -6.1925   -5.2828   -4.3749   -4.2003   -4.1885   -4.0316   -3.8432   -3.2923   -3.1826   -2.8274   -2.5215   -2.4899   -2.3314   -2.2456   -1.9753   -1.8464   -1.6096   -1.6035   -1.3756   -0.3636   -0.3164   -0.2439    1.8456    2.3011    2.6251    3.1898    3.3211    3.3316    3.6481    3.7753    3.8084    3.8843    4.0558    4.1295    4.2394    4.3314    4.6413    4.7669    4.8715    5.0747    5.1086    5.2585    5.5393    5.5436    5.8524    6.1614    6.2332    6.2546    6.3220    6.4251
  0.8887  -43.9929  -43.9863  -43.9863  -43.9857  -23.6323  -23.6114  -23.5958  -23.5781  -23.5771  -23.5759  -23.5631  -23.5629  -23.5576  -23.5296  -23.5161  -23.5025  -17.6274  -17.6264  -17.6077  -17.5874  -17.5806  -17.5726  -17.5661  -17.5577  -17.5569  -17.5474  -17.5336  -17.5299  -17.5192  -17.5187  -17.5003  -17.4944  -17.4917  -17.4866  -17.4588  -17.4564  -12.9527  -11.8438  -11.6927  -10.7312  -10.6959  -10.6149  -10.5776  -10.4343   -7.4727   -6.2145   -6.1622   -5.2918   -4.3690   -4.2474   -4.1363   -4.0329   -3.8320   -3.2650   -3.1850   -2.8036   -2.6231   -2.4052   -2.3227   -2.2405   -1.9457   -1.8479   -1.5990   -1.5918   -1.3744   -0.4358   -0.3353   -0.2817    1.8489    2.2859    2.7067    3.0399    3.3289    3.4248    3.6435    3.7790    3.8328    3.8458    4.0425    4.1160    4.1994    4.3289    4.5890    4.8387    4.8761    4.9678    5.1927    5.3755    5.4248    5.6369    5.7424    6.1146    6.2483    6.2653    6.3786    6.5202
  0.9468  -43.9929  -43.9863  -43.9863  -43.9857  -23.6323  -23.6114  -23.5958  -23.5781  -23.5771  -23.5759  -23.5631  -23.5629  -23.5576  -23.5296  -23.5161  -23.5025  -17.6274  -17.6264  -17.6077  -17.5873  -17.5806  -17.5726  -17.5662  -17.5578  -17.5570  -17.5473  -17.5336  -17.5299  -17.5193  -17.5187  -17.5004  -17.4944  -17.4916  -17.4865  -17.4589  -17.4563  -12.9290  -11.8384  -11.7117  -10.7415  -10.6849  -10.6512  -10.5790  -10.4420   -7.4753   -6.2596   -6.0765   -5.3162   -4.3528   -4.2847   -4.0822   -4.0410   -3.7907   -3.1958   -3.1818   -2.7461   -2.7367   -2.3527   -2.2791   -2.2296   -1.8599   -1.8489   -1.5713   -1.5574   -1.3691   -0.6656   -0.3896   -0.3492    1.8591    2.2583    2.7983    2.8770    3.3710    3.4941    3.6212    3.7280    3.7921    3.8947    4.0131    4.0275    4.1827    4.3261    4.5744    4.7805    4.9041    5.0267    5.2589    5.2759    5.5534    5.5945    5.6796    5.8248    6.1958    6.2675    6.3572    6.4400
  1.0049  -43.9929  -43.9863  -43.9863  -43.9857  -23.6323  -23.6114  -23.5958  -23.5781  -23.5772  -23.5759  -23.5631  -23.5629  -23.5576  -23.5296  -23.5161  -23.5025  -17.6273  -17.6263  -17.6075  -17.5873  -17.5806  -17.5726  -17.5662  -17.5578  -17.5570  -17.5472  -17.5337  -17.5299  -17.5193  -17.5187  -17.5005  -17.4945  -17.4916  -17.4865  -17.4591  -17.4562  -12.8911  -11.8302  -11.7442  -10.7514  -10.6942  -10.6746  -10.5891  -10.4533   -7.4769   -6.3282   -5.9501   -5.3490   -4.3288   -4.2966   -4.0604   -4.0342   -3.7090   -3.2126   -3.0534   -2.8624   -2.6403   -2.3854   -2.2233   -2.1665   -1.8443   -1.7387   -1.5347   -1.5026   -1.3572   -0.9960   -0.4735   -0.4349    1.8767    2.2261    2.5395    2.9822    3.4087    3.5078    3.5634    3.6776    3.7210    3.9012    3.9898    4.0041    4.2430    4.3598    4.6195    4.6764    4.8821    5.0356    5.2288    5.3187    5.4729    5.6267    5.6845    5.7433    6.1869    6.2976    6.3280    6.4072
  1.0630  -43.9929  -43.9864  -43.9863  -43.9857  -23.6322  -23.6115  -23.5958  -23.5781  -23.5772  -23.5759  -23.5631  -23.5629  -23.5576  -23.5296  -23.5161  -23.5025  -17.6272  -17.6262  -17.6074  -17.5872  -17.5806  -17.5727  -17.5664  -17.5579  -17.5571  -17.5471  -17.5337  -17.5299  -17.5193  -17.5188  -17.5006  -17.4946  -17.4915  -17.4864  -17.4593  -17.4561  -12.8417  -11.8203  -11.7902  -10.7595  -10.7359  -10.6666  -10.6048  -10.4662   -7.4751   -6.4109   -5.8070   -5.3812   -4.3004   -4.2707   -4.0871   -3.9895   -3.5909   -3.2408   -2.9636   -2.8884   -2.5348   -2.4377   -2.2304   -2.0461   -1.8470   -1.6074   -1.4976   -1.4312   -1.3918   -1.2963   -0.5789   -0.5389    1.9035    2.1850    2.2988    2.9649    3.2138    3.4868    3.5825    3.6635    3.6841    3.8225    4.0223    4.1045    4.3223    4.3641    4.5908    4.7179    4.9194    4.9299    5.2221    5.3788    5.4197    5.5735    5.6851    5.8713    6.1271    6.2962    6.3497    6.4133
  1.1211  -43.9929  -43.9864  -43.9863  -43.9857  -23.6322  -23.6115  -23.5958  -23.5781  -23.5773  -23.5759  -23.5631  -23.5629  -23.5576  -23.5296  -23.5161  -23.5025  -17.6272  -17.6261  -17.6073  -17.5871  -17.5805  -17.5727  -17.5665  -17.5580  -17.5571  -17.5470  -17.5338  -17.5299  -17.5193  -17.5188  -17.5006  -17.4946  -17.4914  -17.4863  -17.4595  -17.4560  -12.7857  -11.8463  -11.8102  -10.7697  -10.7654  -10.6618  -10.6231  -10.4785   -7.4688   -6.4959   -5.6798   -5.4020   -4.2709   -4.1933   -4.1150   -3.9455   -3.4523   -3.2767   -3.0441   -2.7072   -2.5323   -2.3931   -2.2528   -1.9557   -1.9440   -1.6327   -1.4841   -1.4645   -1.3488   -1.2750   -0.6969   -0.6554    1.9411    2.1105    2.1337    2.8979    3.0137    3.3813    3.4281    3.6286    3.7100    3.7765    4.0180    4.1368    4.3177    4.5236    4.7368    4.8505    4.8782    4.9978    5.1124    5.4321    5.4637    5.5496    5.7726    5.9753    6.1782    6.3199    6.4154    6.4796
  1.1792  -43.9929  -43.9864  -43.9863  -43.9857  -23.6321  -23.6115  -23.5958  -23.5781  -23.5773  -23.5759  -23.5631  -23.5629  -23.5576  -23.5296  -23.5161  -23.5025  -17.6271  -17.6260  -17.6071  -17.5870  -17.5805  -17.5727  -17.5666  -17.5581  -17.5572  -17.5469  -17.5338  -17.5299  -17.5193  -17.5188  -17.5007  -17.4947  -17.4914  -17.4863  -17.4597  -17.4559  -12.7306  -11.9039  -11.8015  -10.7925  -10.7692  -10.6601  -10.6403  -10.4880   -7.4591   -6.5703   -5.6000   -5.4005   -4.2436   -4.1395   -4.0615   -3.9033   -3.3176   -3.3144   -3.1008   -2.5931   -2.5353   -2.3248   -2.2930   -2.2063   -1.8764   -1.6952   -1.4409   -1.3847   -1.2587   -1.2135   -0.8195   -0.7774    1.9433    2.0495    2.0802    2.8355    2.8369    3.1255    3.3961    3.5988    3.6361    3.7410    3.8966    4.1158    4.5418    4.6821    4.8710    4.9247    4.9806    5.0479    5.0954    5.4058    5.4089    5.5957    5.9145    6.0447    6.0986    6.3015    6.3577    6.4342
  1.2373  -43.9929  -43.9864  -43.9863  -43.9857  -23.6321  -23.6115  -23.5958  -23.5781  -23.5773  -23.5759  -23.5631  -23.5628  -23.5576  -23.5296  -23.5161  -23.5024  -17.6270  -17.6259  -17.6071  -17.5870  -17.5805  -17.5727  -17.5666  -17.5582  -17.5572  -17.5468  -17.5338  -17.5299  -17.5194  -17.5188  -17.5007  -17.4947  -17.4913  -17.4862  -17.4598  -17.4559  -12.6882  -11.9494  -11.7955  -10.8047  -10.7712  -10.6602  -10.6528  -10.4939   -7.4501   -6.6216   -5.5706   -5.3829   -4.2223   -4.1580   -3.9156   -3.8625   -3.3445   -3.2186   -3.1307   -2.6408   -2.5812   -2.3851   -2.2713   -2.2176   -1.8449   -1.7173   -1.4261   -1.3218   -1.1605   -1.1326   -0.9400   -0.8965    1.8927    2.0394    2.1351    2.6790    2.7971    2.9076    3.3878    3.5567    3.5850    3.7121    3.8102    4.1245    4.6678    4.8233    4.8512    5.0352    5.0456    5.1214    5.2247    5.3736    5.3887    5.5958    6.0138    6.0811    6.2581    6.3058    6.3758    6.4309
  1.2954  -43.9929  -43.9864  -43.9863  -43.9857  -23.6321  -23.6116  -23.5958  -23.5781  -23.5773  -23.5759  -23.5631  -23.5628  -23.5576  -23.5297  -23.5161  -23.5025  -17.6270  -17.6259  -17.6070  -17.5870  -17.5805  -17.5727  -17.5666  -17.5582  -17.5572  -17.5467  -17.5339  -17.5299  -17.5194  -17.5188  -17.5008  -17.4947  -17.4913  -17.4862  -17.4599  -17.4558  -12.6719  -11.9671  -11.7934  -10.8084  -10.7718  -10.6605  -10.6574  -10.4958   -7.4464   -6.6400   -5.5651   -5.3737   -4.2131   -4.1661   -3.8739   -3.8125   -3.3562   -3.1869   -3.1341   -2.7010   -2.6593   -2.3188   -2.2971   -2.1891   -1.8378   -1.7282   -1.4211   -1.3007   -1.0643   -1.0545   -1.0538   -0.9779    1.8764    2.0243    2.2047    2.5821    2.7846    2.8307    3.3907    3.5200    3.5823    3.7019    3.7824    4.1271    4.7067    4.8240    4.8815    5.0765    5.1082    5.1280    5.2984    5.3453    5.4252    5.5465    6.0167    6.1717    6.2403    6.3017    6.4343    6.5451
  1.2954  -43.9885  -43.9885  -43.9872  -43.9872  -23.6054  -23.6054  -23.5912  -23.5912  -23.5709  -23.5709  -23.5707  -23.5707  -23.5447  -23.5447  -23.5190  -23.5190  -17.6265  -17.6265  -17.5958  -17.5958  -17.5865  -17.5865  -17.5603  -17.5602  -17.5400  -17.5400  -17.5376  -17.5376  -17.5192  -17.5192  -17.4975  -17.4975  -17.4891  -17.4891  -17.4573  -17.4573  -12.2447  -12.2447  -11.4097  -11.4097  -10.7933  -10.7933  -10.7009  -10.7009   -6.3245   -6.3244   -5.8090   -5.8089   -3.8974   -3.8974   -3.7635   -3.7634   -3.3290   -3.3290   -2.7193   -2.7193   -2.5932   -2.5932   -2.1960   -2.1960   -1.8280   -1.8280   -1.7974   -1.7973   -1.4357   -1.4357   -1.3440   -1.3440    2.0569    2.0569    2.7954    2.7954    3.1753    3.1753    3.3918    3.3918    3.5529    3.5529    3.8351    3.8351    4.6079    4.6080    4.7500    4.7510    5.0711    5.0713    5.1214    5.1215    5.3981    5.3997    5.8729    5.8924    6.0585    6.1758    6.2525    6.3614
  1.3530  -43.9886  -43.9884  -43.9872  -43.9871  -23.6068  -23.6057  -23.5915  -23.5894  -23.5722  -23.5710  -23.5704  -23.5694  -23.5451  -23.5446  -23.5190  -23.5186  -17.6265  -17.6265  -17.5962  -17.5957  -17.5864  -17.5860  -17.5603  -17.5602  -17.5407  -17.5403  -17.5373  -17.5370  -17.5192  -17.5192  -17.4976  -17.4975  -17.4891  -17.4891  -17.4573  -17.4573  -12.2558  -12.2428  -11.4205  -11.3981  -10.8020  -10.7935  -10.6944  -10.6791   -6.3565   -6.3410   -5.7935   -5.7830   -3.9243   -3.8731   -3.7682   -3.7333   -3.3629   -3.3401   -2.8294   -2.7270   -2.5728   -2.4903   -2.2148   -2.1949   -1.8665   -1.8468   -1.7963   -1.7683   -1.4399   -1.4334   -1.3222   -1.3112    2.0547    2.0629    2.6766    2.7959    3.1345    3.1580    3.3870    3.5136    3.5539    3.6015    3.8548    3.9091    4.5253    4.6257    4.7667    4.8689    5.0366    5.0529    5.1170    5.1863    5.4046    5.4452    5.8719    5.8794    5.9897    6.0828    6.2571    6.4017
  1.4107  -43.9890  -43.9884  -43.9871  -43.9868  -23.6096  -23.6064  -23.5926  -23.5859  -23.5735  -23.5708  -23.5699  -23.5679  -23.5461  -23.5442  -23.5192  -23.5176  -17.6265  -17.6265  -17.5972  -17.5954  -17.5862  -17.5849  -17.5604  -17.5602  -17.5420  -17.5410  -17.5368  -17.5361  -17.5192  -17.5191  -17.4978  -17.4974  -17.4892  -17.4889  -17.4574  -17.4571  -12.2886  -12.2369  -11.4477  -11.3646  -10.8120  -10.7917  -10.6773  -10.6355   -6.4358   -6.3793   -5.7579   -5.7230   -3.9751   -3.8157   -3.7917   -3.6708   -3.4478   -3.3510   -2.9796   -2.7436   -2.5275   -2.3848   -2.2700   -2.1895   -1.8981   -1.8757   -1.7928   -1.7292   -1.4374   -1.4315   -1.2863   -1.2472    2.0586    2.0728    2.4795    2.7962    3.0599    3.1546    3.4311    3.5564    3.6229    3.6704    3.9115    4.0941    4.5266    4.6574    4.8188    4.9343    5.0061    5.0886    5.1309    5.3097    5.4178    5.5612    5.7728    5.8747    5.9151    6.0904    6.3132    6.4170
  1.4683  -43.9895  -43.9883  -43.9870  -43.9864  -23.6123  -23.6076  -23.5943  -23.5827  -23.5745  -23.5703  -23.5690  -23.5659  -23.5476  -23.5435  -23.5196  -23.5163  -17.6266  -17.6265  -17.5985  -17.5949  -17.5859  -17.5834  -17.5606  -17.5601  -17.5436  -17.5417  -17.5363  -17.5351  -17.5192  -17.5191  -17.4980  -17.4972  -17.4893  -17.4887  -17.4576  -17.4570  -12.3416  -12.2267  -11.4799  -11.3125  -10.8132  -10.7835  -10.6539  -10.5930   -6.5384   -6.4179   -5.7227   -5.6539   -4.0332   -3.8737   -3.7471   -3.6175   -3.5041   -3.3280   -3.1192   -2.7605   -2.4869   -2.4204   -2.2737   -2.1846   -1.9183   -1.8593   -1.7730   -1.6660   -1.4492   -1.4306   -1.2609   -1.1956    2.0516    2.0894    2.3731    2.7938    3.0171    3.1475    3.4826    3.5810    3.6076    3.7552    3.9758    4.2842    4.6621    4.7080    4.8927    4.9069    4.9990    5.1211    5.2346    5.4530    5.4863    5.6565    5.6768    5.8279    5.8939    6.1078    6.3888    6.4547
  1.5259  -43.9900  -43.9882  -43.9869  -43.9862  -23.6143  -23.6092  -23.5965  -23.5811  -23.5751  -23.5698  -23.5678  -23.5633  -23.5490  -23.5425  -23.5202  -23.5146  -17.6267  -17.6265  -17.6000  -17.5942  -17.5855  -17.5817  -17.5609  -17.5600  -17.5454  -17.5426  -17.5358  -17.5342  -17.5192  -17.5190  -17.4984  -17.4970  -17.4895  -17.4884  -17.4578  -17.4568  -12.4115  -12.2116  -11.5071  -11.2461  -10.8064  -10.7667  -10.6277  -10.5629   -6.6525   -6.4401   -5.7036   -5.5885   -4.1099   -3.9677   -3.7732   -3.6385   -3.4200   -3.2664   -3.2046   -2.7873   -2.5083   -2.4659   -2.2527   -2.1884   -1.9570   -1.7674   -1.7548   -1.5803   -1.4928   -1.4421   -1.2394   -1.1652    1.9992    2.1589    2.4004    2.7913    3.0189    3.1196    3.4135    3.5841    3.7056    3.8807    4.0370    4.3539    4.7620    4.8030    4.8198    5.0181    5.0401    5.2531    5.2889    5.4818    5.5736    5.6744    5.7260    5.7903    5.8661    6.2081    6.3727    6.4696
  1.5836  -43.9906  -43.9881  -43.9867  -43.9859  -23.6156  -23.6114  -23.5987  -23.5808  -23.5751  -23.5696  -23.5667  -23.5605  -23.5498  -23.5410  -23.5210  -23.5129  -17.6268  -17.6265  -17.6014  -17.5934  -17.5850  -17.5801  -17.5612  -17.5599  -17.5472  -17.5433  -17.5354  -17.5333  -17.5192  -17.5189  -17.4987  -17.4967  -17.4897  -17.4881  -17.4580  -17.4566  -12.4934  -12.1907  -11.5244  -11.1701  -10.7935  -10.7425  -10.6014  -10.5488   -6.7730   -6.4385   -5.7082   -5.5330   -4.2165   -4.0487   -3.8497   -3.6573   -3.4317   -3.1885   -3.1273   -2.8357   -2.5333   -2.4610   -2.2431   -2.1851   -1.9763   -1.7607   -1.6819   -1.5816   -1.5323   -1.4254   -1.2058   -1.1202    1.9906    2.2583    2.4925    2.7875    3.0100    3.0871    3.3700    3.5867    3.8655    4.0259    4.0873    4.3220    4.6816    4.8000    4.9107    5.0183    5.2028    5.2449    5.3256    5.5102    5.6318    5.6620    5.7615    5.7884    5.9366    6.2749    6.3867    6.5019
  1.6412  -43.9910  -43.9880  -43.9865  -43.9858  -23.6164  -23.6138  -23.6005  -23.5813  -23.5748  -23.5698  -23.5658  -23.5590  -23.5499  -23.5386  -23.5219  -23.5112  -17.6269  -17.6266  -17.6028  -17.5925  -17.5844  -17.5785  -17.5615  -17.5598  -17.5491  -17.5441  -17.5350  -17.5325  -17.5192  -17.5189  -17.4991  -17.4964  -17.4900  -17.4877  -17.4583  -17.4564  -12.5811  -12.1632  -11.5328  -11.0890  -10.7756  -10.7141  -10.5805  -10.5458   -6.8965   -6.4138   -5.7390   -5.4902   -4.3272   -4.1180   -3.8990   -3.7211   -3.4670   -3.1341   -3.0957   -2.7822   -2.5501   -2.4445   -2.1939   -2.1622   -1.9808   -1.8248   -1.6661   -1.6240   -1.5725   -1.3981   -1.1160   -1.0260    2.0556    2.3604    2.6007    2.7266    2.9561    3.1588    3.4073    3.5911    4.0330    4.0607    4.1645    4.3394    4.5483    4.7634    4.9078    5.0266    5.1071    5.2271    5.3820    5.4994    5.5662    5.7101    5.7998    5.9091    6.0946    6.3025    6.4218    6.5320
  1.6989  -43.9915  -43.9878  -43.9864  -43.9857  -23.6186  -23.6145  -23.6017  -23.5818  -23.5745  -23.5703  -23.5651  -23.5587  -23.5499  -23.5357  -23.5225  -23.5095  -17.6270  -17.6265  -17.6041  -17.5914  -17.5838  -17.5772  -17.5618  -17.5597  -17.5510  -17.5448  -17.5347  -17.5318  -17.5192  -17.5188  -17.4994  -17.4961  -17.4902  -17.4874  -17.4585  -17.4563  -12.6686  -12.1286  -11.5367  -11.0074  -10.7551  -10.6849  -10.5802  -10.5332   -7.0197   -6.3724   -5.7965   -5.4581   -4.4157   -4.1712   -3.9200   -3.8071   -3.4997   -3.2000   -3.0577   -2.6738   -2.5898   -2.4450   -2.1233   -2.0644   -1.9723   -1.9259   -1.6922   -1.6344   -1.6119   -1.3997   -0.9687   -0.8947    2.1819    2.4311    2.5715    2.7209    3.0066    3.2630    3.4825    3.5985    3.9774    4.1644    4.1989    4.4002    4.4922    4.7109    4.7858    4.9725    5.0434    5.1237    5.3234    5.4416    5.5966    5.7973    5.8364    6.0338    6.1153    6.2103    6.3695    6.6713
  1.7565  -43.9919  -43.9875  -43.9862  -43.9856  -23.6220  -23.6138  -23.6020  -23.5821  -23.5743  -23.5712  -23.5646  -23.5590  -23.5507  -23.5329  -23.5223  -23.5079  -17.6271  -17.6265  -17.6052  -17.5903  -17.5831  -17.5760  -17.5623  -17.5595  -17.5527  -17.5455  -17.5344  -17.5312  -17.5192  -17.5188  -17.4996  -17.4957  -17.4905  -17.4872  -17.4586  -17.4563  -12.7505  -12.0866  -11.5426  -10.9301  -10.7347  -10.6587  -10.5928  -10.5103   -7.1381   -6.3239   -5.8761   -5.4297   -4.4727   -4.2013   -3.9343   -3.8764   -3.5682   -3.2603   -3.0339   -2.6622   -2.6068   -2.4381   -2.1423   -2.0788   -1.9684   -1.8033   -1.7193   -1.6684   -1.5507   -1.3986   -0.8037   -0.7485    2.2650    2.4730    2.4944    2.8160    3.1074    3.3560    3.5754    3.6133    3.8708    4.1740    4.2068    4.2750    4.5052    4.6436    4.7875    4.8336    4.9312    5.1769    5.1978    5.4173    5.6898    5.7015    5.9360    5.9856    6.1791    6.2445    6.3253    6.5142
  1.8142  -43.9923  -43.9873  -43.9861  -43.9857  -23.6253  -23.6128  -23.6013  -23.5822  -23.5746  -23.5719  -23.5642  -23.5593  -23.5524  -23.5311  -23.5210  -23.5063  -17.6272  -17.6265  -17.6061  -17.5894  -17.5824  -17.5751  -17.5629  -17.5592  -17.5541  -17.5461  -17.5341  -17.5307  -17.5192  -17.5188  -17.4999  -17.4953  -17.4908  -17.4870  -17.4587  -17.4563  -12.8225  -12.0374  -11.5567  -10.8618  -10.7170  -10.6393  -10.5996  -10.4864   -7.2467   -6.2780   -5.9671   -5.3980   -4.4969   -4.2153   -3.9699   -3.8978   -3.6758   -3.2839   -3.0507   -2.7008   -2.6156   -2.4123   -2.2310   -2.1411   -1.9055   -1.7760   -1.7441   -1.6614   -1.4318   -1.2599   -0.6439   -0.6029    2.1566    2.4660    2.6468    2.9010    3.2027    3.4226    3.5852    3.6849    3.8336    4.0744    4.0941    4.2641    4.2828    4.6176    4.6914    4.8480    4.9073    5.1455    5.2729    5.4351    5.5411    5.7870    5.9027    6.0040    6.1094    6.1271    6.2851    6.3551
  1.8718  -43.9926  -43.9870  -43.9860  -43.9857  -23.6283  -23.6121  -23.5999  -23.5817  -23.5755  -23.5725  -23.5639  -23.5597  -23.5547  -23.5302  -23.5192  -23.5048  -17.6273  -17.6265  -17.6068  -17.5885  -17.5817  -17.5742  -17.5638  -17.5588  -17.5553  -17.5466  -17.5339  -17.5304  -17.5192  -17.5187  -17.5001  -17.4950  -17.4911  -17.4868  -17.4587  -17.4563  -12.8814  -11.9825  -11.5833  -10.8069  -10.7031  -10.6286  -10.5942  -10.4646   -7.3396   -6.2413   -6.0556   -5.3609   -4.4898   -4.2261   -4.0015   -3.9108   -3.7874   -3.2979   -3.0807   -2.7762   -2.5782   -2.4002   -2.2949   -2.2130   -1.8910   -1.7954   -1.7166   -1.6411   -1.4196   -0.9466   -0.5075   -0.4664    2.0293    2.4184    2.8088    2.9517    3.2865    3.4743    3.5711    3.6608    3.9115    3.9924    4.0185    4.0672    4.2144    4.5422    4.6165    4.8024    4.9578    5.1788    5.2315    5.4786    5.5386    5.7661    5.8879    6.0268    6.1201    6.1486    6.2785    6.3499
  1.9294  -43.9928  -43.9868  -43.9860  -43.9858  -23.6305  -23.6116  -23.5980  -23.5807  -23.5766  -23.5732  -23.5637  -23.5606  -23.5565  -23.5298  -23.5175  -23.5036  -17.6274  -17.6265  -17.6074  -17.5879  -17.5812  -17.5735  -17.5648  -17.5584  -17.5561  -17.5470  -17.5337  -17.5301  -17.5192  -17.5187  -17.5002  -17.4947  -17.4914  -17.4867  -17.4588  -17.4563  -12.9250  -11.9247  -11.6217  -10.7667  -10.6950  -10.6181  -10.5855  -10.4470   -7.4110   -6.2165   -6.1285   -5.3230   -4.4548   -4.2367   -4.0196   -3.9851   -3.8381   -3.3083   -3.1114   -2.8306   -2.5334   -2.4241   -2.3302   -2.2528   -1.9205   -1.8251   -1.6536   -1.6239   -1.4048   -0.6521   -0.4054   -0.3506    1.9293    2.3618    2.7907    3.0249    3.3982    3.4153    3.6051    3.6973    3.8338    3.9116    3.9898    4.0665    4.1901    4.4881    4.6038    4.7892    4.9285    5.0464    5.3017    5.4748    5.5016    5.6238    5.8718    6.0043    6.1536    6.1894    6.2998    6.5381
  1.9871  -43.9929  -43.9865  -43.9861  -43.9857  -23.6319  -23.6114  -23.5964  -23.5790  -23.5774  -23.5744  -23.5635  -23.5620  -23.5574  -23.5296  -23.5165  -23.5028  -17.6274  -17.6265  -17.6077  -17.5875  -17.5808  -17.5728  -17.5657  -17.5579  -17.5566  -17.5473  -17.5336  -17.5300  -17.5192  -17.5187  -17.5003  -17.4944  -17.4916  -17.4866  -17.4588  -17.4564  -12.9517  -11.8716  -11.6640  -10.7387  -10.6966  -10.6040  -10.5821  -10.4356   -7.4561   -6.2029   -6.1761   -5.2938   -4.4038   -4.2357   -4.1005   -4.0279   -3.8433   -3.3028   -3.1552   -2.8362   -2.5110   -2.4778   -2.3326   -2.2538   -1.9571   -1.8418   -1.6151   -1.6130   -1.3852   -0.4397   -0.3409   -0.2722    1.8668    2.3175    2.6782    3.1282    3.3468    3.3799    3.6546    3.7444    3.8304    3.8918    3.9806    4.0567    4.2550    4.4135    4.6328    4.8060    4.8294    5.0185    5.2626    5.2934    5.5216    5.5696    5.8352    6.1479    6.1978    6.2218    6.3789    6.4411
  2.0447  -43.9929  -43.9863  -43.9863  -43.9857  -23.6323  -23.6114  -23.5958  -23.5781  -23.5771  -23.5759  -23.5631  -23.5629  -23.5576  -23.5296  -23.5161  -23.5025  -17.6275  -17.6265  -17.6078  -17.5874  -17.5807  -17.5726  -17.5661  -17.5577  -17.5569  -17.5474  -17.5336  -17.5299  -17.5192  -17.5187  -17.5003  -17.4944  -17.4917  -17.4866  -17.4588  -17.4564  -12.9607  -11.8457  -11.6866  -10.7252  -10.7021  -10.5949  -10.5840  -10.4316   -7.4715   -6.1988   -6.1925   -5.2828   -4.3749   -4.2003   -4.1885   -4.0316   -3.8432   -3.2923   -3.1826   -2.8274   -2.5215   -2.4899   -2.3314   -2.2456   -1.9753   -1.8464   -1.6096   -1.6035   -1.3756   -0.3636   -0.3164   -0.2439    1.8456    2.3011    2.6251    3.1898    3.3211    3.3316    3.6481    3.7758    3.8080    3.8843    4.0558    4.1295    4.2394    4.3314    4.6413    4.7668    4.8716    5.0747    5.1085    5.2588    5.5396    5.5448    5.8296    6.1626    6.2314    6.2615    6.3323    6.4240
  2.0447  -43.9929  -43.9863  -43.9863  -43.9857  -23.6323  -23.6114  -23.5958  -23.5781  -23.5771  -23.5759  -23.5631  -23.5629  -23.5576  -23.5296  -23.5161  -23.5025  -17.6275  -17.6265  -17.6078  -17.5874  -17.5807  -17.5726  -17.5661  -17.5577  -17.5569  -17.5474  -17.5336  -17.5299  -17.5192  -17.5187  -17.5003  -17.4944  -17.4917  -17.4866  -17.4588  -17.4564  -12.9607  -11.8457  -11.6866  -10.7252  -10.7021  -10.5949  -10.5840  -10.4316   -7.4715   -6.1988   -6.1925   -5.2828   -4.3749   -4.2003   -4.1885   -4.0316   -3.8432   -3.2923   -3.1826   -2.8274   -2.5215   -2.4899   -2.3314   -2.2456   -1.9753   -1.8464   -1.6096   -1.6035   -1.3756   -0.3636   -0.3164   -0.2439    1.8456    2.3011    2.6251    3.1898    3.3211    3.3316    3.6481    3.7754    3.8084    3.8843    4.0558    4.1295    4.2394    4.3315    4.6413    4.7668    4.8716    5.0751    5.1085    5.2586    5.5379    5.5449    5.8335    6.1590    6.2418    6.3072    6.3461    6.4292
  2.1033  -43.9929  -43.9864  -43.9863  -43.9858  -23.6319  -23.6117  -23.5969  -23.5787  -23.5772  -23.5742  -23.5632  -23.5626  -23.5574  -23.5294  -23.5165  -23.5026  -17.6274  -17.6265  -17.6077  -17.5876  -17.5806  -17.5725  -17.5661  -17.5580  -17.5566  -17.5474  -17.5335  -17.5299  -17.5192  -17.5187  -17.5003  -17.4944  -17.4916  -17.4866  -17.4588  -17.4564  -12.9513  -11.8493  -11.6864  -10.7420  -10.6956  -10.6076  -10.5799  -10.4362   -7.4565   -6.1951   -6.1751   -5.3003   -4.3704   -4.2692   -4.0988   -4.0287   -3.8402   -3.3105   -3.1434   -2.8456   -2.5173   -2.4642   -2.3230   -2.2440   -1.9693   -1.8468   -1.6053   -1.6050   -1.3898   -0.4605   -0.3280   -0.2726    1.8499    2.3167    2.6899    3.1095    3.3494    3.3944    3.6480    3.7841    3.8043    3.8708    3.9622    4.0202    4.2900    4.3903    4.6423    4.7880    4.8436    5.0131    5.3097    5.3424    5.4998    5.5549    5.8389    6.1380    6.2136    6.2832    6.2939    6.3743
  2.1619  -43.9928  -43.9864  -43.9863  -43.9858  -23.6304  -23.6126  -23.5996  -23.5806  -23.5753  -23.5725  -23.5633  -23.5616  -23.5568  -23.5291  -23.5178  -23.5028  -17.6274  -17.6265  -17.6075  -17.5883  -17.5803  -17.5724  -17.5661  -17.5586  -17.5561  -17.5473  -17.5335  -17.5299  -17.5192  -17.5187  -17.5002  -17.4945  -17.4915  -17.4866  -17.4588  -17.4563  -12.9235  -11.8606  -11.6862  -10.7712  -10.6959  -10.6284  -10.5831  -10.4495   -7.4128   -6.1858   -6.1268   -5.3503   -4.3546   -4.3241   -4.0168   -3.9856   -3.8379   -3.3278   -3.0596   -2.8668   -2.5617   -2.3600   -2.2980   -2.2391   -1.9486   -1.8495   -1.6107   -1.5927   -1.4292   -0.7147   -0.3626   -0.3526    1.8627    2.3613    2.8117    2.9781    3.4152    3.4158    3.5412    3.6903    3.8319    3.8857    3.9734    4.0366    4.3046    4.3423    4.6550    4.7315    4.9153    5.0818    5.4191    5.4674    5.5843    5.6035    5.8666    6.0691    6.1395    6.2298    6.2881    6.3381
  2.2204  -43.9926  -43.9865  -43.9863  -43.9859  -23.6281  -23.6140  -23.6029  -23.5820  -23.5732  -23.5712  -23.5637  -23.5601  -23.5555  -23.5286  -23.5196  -23.5033  -17.6273  -17.6265  -17.6072  -17.5893  -17.5799  -17.5722  -17.5661  -17.5593  -17.5556  -17.5473  -17.5333  -17.5298  -17.5192  -17.5187  -17.5001  -17.4947  -17.4913  -17.4867  -17.4589  -17.4562  -12.8782  -11.8810  -11.6866  -10.8024  -10.7095  -10.6482  -10.5972  -10.4702   -7.3443   -6.1758   -6.0600   -5.4251   -4.3655   -4.3219   -3.9958   -3.8553   -3.8423   -3.3209   -2.9499   -2.8589   -2.6259   -2.2645   -2.2313   -2.2255   -1.9090   -1.8601   -1.6191   -1.5781   -1.4842   -1.0467   -0.4744   -0.4193    1.8835    2.4233    2.8260    2.8360    3.2531    3.3855    3.4837    3.6351    3.9139    4.0143    4.1125    4.1239    4.2340    4.3546    4.6788    4.6962    4.8317    5.2489    5.3523    5.4623    5.6564    5.7758    5.9250    5.9287    6.0588    6.2036    6.2684    6.3356
  2.2790  -43.9924  -43.9867  -43.9863  -43.9860  -23.6252  -23.6159  -23.6061  -23.5828  -23.5716  -23.5703  -23.5643  -23.5586  -23.5537  -23.5287  -23.5213  -23.5040  -17.6272  -17.6264  -17.6068  -17.5905  -17.5794  -17.5721  -17.5662  -17.5601  -17.5550  -17.5472  -17.5331  -17.5298  -17.5192  -17.5188  -17.5000  -17.4950  -17.4911  -17.4868  -17.4589  -17.4561  -12.8173  -11.9113  -11.6877  -10.8368  -10.7306  -10.6619  -10.6205  -10.4966   -7.2563   -6.1700   -5.9972   -5.5117   -4.3926   -4.2679   -3.9860   -3.8307   -3.7069   -3.2912   -2.8247   -2.8178   -2.6908   -2.2313   -2.2000   -2.1019   -1.8943   -1.8490   -1.6280   -1.5863   -1.5442   -1.3504   -0.6263   -0.4961    1.9104    2.4780    2.6698    2.6830    3.0404    3.3108    3.5413    3.5770    3.9538    4.1417    4.1483    4.2449    4.2803    4.3974    4.6541    4.6592    4.8949    5.0959    5.3150    5.4914    5.6234    5.8244    5.9447    6.0622    6.2368    6.2670    6.2915    6.3005
  2.3376  -43.9921  -43.9869  -43.9863  -43.9860  -23.6222  -23.6179  -23.6083  -23.5830  -23.5707  -23.5698  -23.5650  -23.5573  -23.5514  -23.5301  -23.5219  -23.5048  -17.6270  -17.6264  -17.6062  -17.5919  -17.5788  -17.5720  -17.5663  -17.5609  -17.5544  -17.5472  -17.5329  -17.5298  -17.5191  -17.5188  -17.4998  -17.4953  -17.4908  -17.4870  -17.4589  -17.4560  -12.7436  -11.9512  -11.6882  -10.8840  -10.7457  -10.6688  -10.6470  -10.5269   -7.1547   -6.1713   -5.9711   -5.5930   -4.3906   -4.2001   -3.9982   -3.7746   -3.5437   -3.2475   -2.7970   -2.7260   -2.6717   -2.2935   -2.1128   -1.9932   -1.9651   -1.7714   -1.7206   -1.6315   -1.5864   -1.4308   -0.7962   -0.5892    1.9391    2.4238    2.5155    2.5262    2.8683    3.2557    3.4818    3.5744    4.0017    4.0529    4.1265    4.2250    4.3002    4.4433    4.5725    4.7690    4.9766    5.0893    5.3538    5.5584    5.5778    5.8599    5.8809    6.1879    6.2927    6.3300    6.4142    6.5863
  2.3962  -43.9917  -43.9872  -43.9863  -43.9861  -23.6206  -23.6200  -23.6081  -23.5827  -23.5704  -23.5695  -23.5658  -23.5570  -23.5490  -23.5327  -23.5211  -23.5058  -17.6269  -17.6264  -17.6056  -17.5934  -17.5780  -17.5720  -17.5663  -17.5618  -17.5536  -17.5473  -17.5326  -17.5298  -17.5191  -17.5188  -17.4996  -17.4957  -17.4905  -17.4872  -17.4588  -17.4560  -12.6608  -11.9989  -11.6850  -10.9514  -10.7469  -10.6889  -10.6522  -10.5580   -7.0448   -6.1781   -6.0076   -5.6574   -4.3416   -4.1662   -3.9619   -3.6913   -3.3798   -3.1950   -2.8120   -2.7006   -2.5990   -2.4329   -2.0082   -2.0063   -1.9158   -1.8410   -1.6832   -1.6180   -1.5796   -1.4041   -0.9704   -0.6931    1.9599    2.2285    2.3527    2.4742    2.7535    3.1840    3.3675    3.5820    3.8292    3.8782    4.0541    4.2742    4.2836    4.4120    4.5393    4.8869    5.0685    5.1631    5.3892    5.5696    5.6831    5.7924    5.8918    6.1694    6.2382    6.2765    6.3946    6.5364
  2.4548  -43.9913  -43.9876  -43.9862  -43.9861  -23.6219  -23.6211  -23.6046  -23.5819  -23.5707  -23.5694  -23.5664  -23.5579  -23.5467  -23.5355  -23.5196  -23.5069  -17.6268  -17.6265  -17.6048  -17.5949  -17.5772  -17.5721  -17.5664  -17.5627  -17.5528  -17.5475  -17.5323  -17.5299  -17.5191  -17.5188  -17.4994  -17.4962  -17.4901  -17.4874  -17.4586  -17.4561  -12.5737  -12.0514  -11.6730  -11.0362  -10.7408  -10.7187  -10.6381  -10.5843   -6.9318   -6.1843   -6.0964   -5.7168   -4.2440   -4.1840   -3.8400   -3.6041   -3.2474   -3.1237   -2.8572   -2.8233   -2.6623   -2.3184   -2.0586   -1.9145   -1.8735   -1.8658   -1.5999   -1.5683   -1.5436   -1.3682   -1.1262   -0.8008    1.9445    2.0668    2.2512    2.3682    2.6819    3.0627    3.2528    3.5132    3.5669    3.6639    3.9733    4.3496    4.3735    4.4429    4.5473    4.9051    5.0610    5.1298    5.3460    5.5036    5.6517    5.8257    5.8803    5.9743    6.0876    6.2829    6.3409    6.3781
  2.5133  -43.9909  -43.9880  -43.9862  -43.9861  -23.6235  -23.6226  -23.5993  -23.5809  -23.5717  -23.5697  -23.5667  -23.5603  -23.5447  -23.5376  -23.5179  -23.5082  -17.6267  -17.6265  -17.6038  -17.5964  -17.5763  -17.5723  -17.5664  -17.5637  -17.5520  -17.5478  -17.5320  -17.5301  -17.5190  -17.5188  -17.4992  -17.4967  -17.4898  -17.4877  -17.4583  -17.4562  -12.4877  -12.1060  -11.6461  -11.1333  -10.7448  -10.7397  -10.6188  -10.5976   -6.8207   -6.2078   -6.1805   -5.7864   -4.1992   -4.1207   -3.6816   -3.5306   -3.1857   -3.1417   -3.0152   -2.8183   -2.6225   -2.1777   -2.1457   -1.9058   -1.8516   -1.7991   -1.5279   -1.5013   -1.4858   -1.3672   -1.2005   -0.9035    1.8732    1.9592    2.2302    2.2569    2.6303    2.8985    3.1564    3.1776    3.4206    3.5990    3.9004    4.4219    4.4580    4.5508    4.5757    4.8191    4.9662    5.0742    5.2700    5.3801    5.4975    5.6725    5.6967    6.1564    6.1752    6.2043    6.2936    6.3558
  2.5719  -43.9904  -43.9885  -43.9862  -43.9862  -23.6246  -23.6239  -23.5930  -23.5795  -23.5731  -23.5708  -23.5668  -23.5636  -23.5430  -23.5389  -23.5160  -23.5095  -17.6266  -17.6265  -17.6028  -17.5979  -17.5754  -17.5726  -17.5663  -17.5646  -17.5511  -17.5482  -17.5317  -17.5303  -17.5190  -17.5188  -17.4988  -17.4971  -17.4894  -17.4880  -17.4580  -17.4565  -12.4079  -12.1610  -11.5994  -11.2375  -10.7634  -10.7493  -10.6004  -10.5956   -6.7161   -6.3218   -6.1570   -5.8673   -4.1864   -4.0168   -3.5168   -3.4840   -3.3686   -3.1620   -2.9187   -2.8053   -2.5728   -2.2433   -2.0540   -1.9292   -1.8411   -1.7714   -1.4985   -1.4467   -1.4198   -1.3650   -1.1732   -0.9898    1.7980    1.8985    2.1108    2.3249    2.5736    2.7385    2.8737    3.1438    3.2268    3.5415    3.8767    4.2845    4.5748    4.6796    4.7058    4.7545    4.8325    5.0453    5.2184    5.2839    5.4081    5.5345    5.5867    5.9446    6.2575    6.2754    6.3061    6.4099
  2.6305  -43.9900  -43.9890  -43.9862  -43.9862  -23.6253  -23.6249  -23.5865  -23.5781  -23.5746  -23.5743  -23.5668  -23.5658  -23.5417  -23.5398  -23.5143  -23.5110  -17.6265  -17.6265  -17.6017  -17.5992  -17.5745  -17.5731  -17.5661  -17.5653  -17.5502  -17.5488  -17.5313  -17.5306  -17.5189  -17.5189  -17.4985  -17.4976  -17.4890  -17.4883  -17.4576  -17.4568  -12.3368  -12.2164  -11.5309  -11.3431  -10.7727  -10.7628  -10.5876  -10.5876   -6.6194   -6.4285   -6.1083   -5.9537   -4.1376   -3.9949   -3.4788   -3.4723   -3.3668   -3.1839   -2.8499   -2.7991   -2.5050   -2.3334   -1.9803   -1.9550   -1.8494   -1.7860   -1.4862   -1.4108   -1.3676   -1.3346   -1.1255   -1.0482    1.7618    1.8382    2.0934    2.3316    2.5263    2.6181    2.7477    3.0250    3.1980    3.4373    3.9029    4.1146    4.6150    4.6953    4.7113    4.8474    4.9424    5.0057    5.2056    5.2157    5.3645    5.4104    5.5196    5.7415    6.2664    6.2712    6.3796    6.4019
  2.6891  -43.9895  -43.9895  -43.9862  -43.9862  -23.6254  -23.6254  -23.5802  -23.5802  -23.5762  -23.5762  -23.5665  -23.5665  -23.5407  -23.5407  -23.5126  -23.5126  -17.6265  -17.6265  -17.6005  -17.6005  -17.5737  -17.5737  -17.5658  -17.5658  -17.5495  -17.5495  -17.5309  -17.5309  -17.5189  -17.5189  -17.4981  -17.4981  -17.4886  -17.4886  -17.4571  -17.4571  -12.2739  -12.2739  -11.4434  -11.4434  -10.7720  -10.7720  -10.5834  -10.5834   -6.5261   -6.5261   -6.0374   -6.0374   -4.0600   -4.0600   -3.4855   -3.4855   -3.2521   -3.2521   -2.8115   -2.8115   -2.4217   -2.4217   -1.9661   -1.9661   -1.8228   -1.8228   -1.4421   -1.4421   -1.3307   -1.3307   -1.0858   -1.0857    1.7783    1.7784    2.1952    2.1952    2.5501    2.5502    2.8404    2.8404    3.3088    3.3088    3.9808    3.9808    4.6314    4.6314    4.8106    4.8107    5.0720    5.0721    5.1486    5.1486    5.3498    5.3498    5.5808    5.5815    6.2660    6.2910    6.3927    6.6882
  2.6891  -43.9904  -43.9904  -43.9853  -43.9853  -23.6127  -23.6127  -23.5910  -23.5910  -23.5724  -23.5724  -23.5590  -23.5590  -23.5453  -23.5453  -23.5212  -23.5212  -17.6266  -17.6266  -17.5975  -17.5975  -17.5820  -17.5820  -17.5590  -17.5590  -17.5432  -17.5432  -17.5383  -17.5383  -17.5190  -17.5190  -17.4985  -17.4985  -17.4881  -17.4881  -17.4577  -17.4577  -12.4208  -12.4208  -11.2478  -11.2478  -10.7497  -10.7497  -10.5495  -10.5495   -7.0057   -7.0056   -5.1707   -5.1706   -4.2407   -4.2407   -3.5327   -3.5327   -3.3555   -3.3555   -3.1467   -3.1467   -2.6016   -2.6016   -2.1115   -2.1114   -1.9686   -1.9686   -1.5693   -1.5693   -1.4839   -1.4839   -1.2947   -1.2947    2.1559    2.1559    3.0188    3.0189    3.4684    3.4684    3.7737    3.7737    4.0450    4.0450    4.2950    4.2954    4.4218    4.4219    4.6834    4.6838    5.1012    5.1058    5.2793    5.2841    5.3797    5.3838    5.6290    5.6531    6.0811    6.2262    6.3631    6.7984
  2.7438  -43.9908  -43.9900  -43.9853  -43.9853  -23.6158  -23.6094  -23.5936  -23.5884  -23.5750  -23.5702  -23.5610  -23.5572  -23.5479  -23.5429  -23.5211  -23.5208  -17.6267  -17.6265  -17.5991  -17.5958  -17.5827  -17.5811  -17.5592  -17.5588  -17.5449  -17.5416  -17.5395  -17.5371  -17.5191  -17.5190  -17.4988  -17.4981  -17.4884  -17.4878  -17.4580  -17.4574  -12.4665  -12.3814  -11.3064  -11.1751  -10.7689  -10.7288  -10.5643  -10.5356   -7.0569   -6.9510   -5.1960   -5.1752   -4.2883   -4.2077   -3.5985   -3.4700   -3.4477   -3.2976   -3.1751   -3.0657   -2.6888   -2.5094   -2.1594   -2.0744   -2.0136   -1.9106   -1.6446   -1.5326   -1.4824   -1.4323   -1.3438   -1.2277    2.1565    2.1853    2.9913    3.0264    3.3752    3.5304    3.7120    3.7847    4.0377    4.0466    4.1964    4.2974    4.4563    4.5505    4.6297    4.7658    5.0412    5.1450    5.1935    5.2426    5.2932    5.5189    5.5807    5.7088    6.0745    6.1189    6.2607    6.4918
  2.7985  -43.9911  -43.9896  -43.9854  -43.9853  -23.6187  -23.6060  -23.5962  -23.5860  -23.5778  -23.5683  -23.5632  -23.5557  -23.5502  -23.5407  -23.5206  -23.5196  -17.6268  -17.6265  -17.6006  -17.5940  -17.5835  -17.5803  -17.5594  -17.5587  -17.5467  -17.5406  -17.5401  -17.5359  -17.5191  -17.5190  -17.4991  -17.4976  -17.4887  -17.4875  -17.4582  -17.4571  -12.5214  -12.3438  -11.3505  -11.0920  -10.7840  -10.7087  -10.5795  -10.5228   -7.1089   -6.8886   -5.2597   -5.1955   -4.3465   -4.1894   -3.6794   -3.5315   -3.3877   -3.3594   -3.0725   -3.0033   -2.7389   -2.4265   -2.1937   -2.0842   -2.0397   -1.8550   -1.6812   -1.5339   -1.4952   -1.3774   -1.3272   -1.1336    2.1762    2.2476    2.9117    3.0472    3.2794    3.5367    3.6691    3.7435    3.9501    4.0535    4.2208    4.2594    4.5006    4.5838    4.7276    4.7801    4.9238    5.1094    5.1659    5.2223    5.3317    5.5227    5.6890    5.8578    6.0503    6.1572    6.2686    6.5350
  2.8532  -43.9915  -43.9891  -43.9854  -43.9853  -23.6214  -23.6025  -23.5989  -23.5838  -23.5806  -23.5669  -23.5656  -23.5546  -23.5522  -23.5390  -23.5199  -23.5177  -17.6269  -17.6264  -17.6020  -17.5922  -17.5842  -17.5794  -17.5597  -17.5585  -17.5485  -17.5417  -17.5388  -17.5348  -17.5191  -17.5189  -17.4994  -17.4972  -17.4891  -17.4873  -17.4584  -17.4569  -12.5848  -12.3036  -11.3830  -11.0044  -10.7920  -10.6910  -10.5941  -10.5109   -7.1635   -6.8153   -5.3552   -5.2252   -4.4094   -4.1804   -3.7804   -3.5981   -3.4141   -3.2863   -3.1048   -2.8840   -2.7101   -2.3744   -2.2141   -2.1249   -2.0226   -1.8230   -1.7100   -1.5309   -1.5089   -1.3744   -1.2262   -1.0103    2.2107    2.3236    2.7962    3.0773    3.2206    3.4761    3.6560    3.7164    3.8713    4.0584    4.1750    4.3036    4.4850    4.5707    4.6354    4.7864    4.8706    5.1147    5.1677    5.3316    5.3775    5.4863    5.7497    5.9245    5.9761    6.1180    6.2822    6.4571
  2.9080  -43.9918  -43.9887  -43.9855  -43.9853  -23.6239  -23.6014  -23.5989  -23.5835  -23.5817  -23.5680  -23.5658  -23.5542  -23.5537  -23.5375  -23.5191  -23.5152  -17.6270  -17.6264  -17.6032  -17.5902  -17.5849  -17.5786  -17.5601  -17.5584  -17.5504  -17.5428  -17.5376  -17.5337  -17.5192  -17.5189  -17.4997  -17.4968  -17.4895  -17.4871  -17.4586  -17.4567  -12.6534  -12.2578  -11.4093  -10.9204  -10.7896  -10.6774  -10.6069  -10.4996   -7.2206   -6.7303   -5.4745   -5.2571   -4.4688   -4.1738   -3.8865   -3.6562   -3.4368   -3.2569   -3.1100   -2.8514   -2.5984   -2.4077   -2.2581   -2.0465   -1.9696   -1.8230   -1.7382   -1.5794   -1.5036   -1.3384   -1.1095   -0.8723    2.2630    2.3792    2.6740    3.1000    3.2195    3.4183    3.6139    3.7532    3.7993    4.0576    4.1305    4.3005    4.3388    4.5356    4.6099    4.8324    4.8667    5.0795    5.1939    5.3522    5.4616    5.5000    5.7646    5.9582    6.1014    6.1453    6.3418    6.5191
  2.9627  -43.9921  -43.9883  -43.9855  -43.9853  -23.6260  -23.6038  -23.5953  -23.5863  -23.5798  -23.5703  -23.5651  -23.5549  -23.5544  -23.5359  -23.5184  -23.5125  -17.6271  -17.6264  -17.6044  -17.5883  -17.5855  -17.5777  -17.5605  -17.5583  -17.5522  -17.5438  -17.5366  -17.5328  -17.5192  -17.5188  -17.4999  -17.4963  -17.4899  -17.4869  -17.4587  -17.4566  -12.7229  -12.2054  -11.4353  -10.8502  -10.7723  -10.6685  -10.6161  -10.4882   -7.2779   -6.6352   -5.6102   -5.2837   -4.5159   -4.1662   -3.9763   -3.7127   -3.4822   -3.2942   -3.0332   -2.8503   -2.5536   -2.4520   -2.3118   -1.9481   -1.8699   -1.8058   -1.7225   -1.6384   -1.5170   -1.3158   -0.9683   -0.7341    2.3349    2.3947    2.5491    3.1098    3.2714    3.4003    3.5948    3.7269    3.7914    4.0367    4.0831    4.1644    4.3347    4.4701    4.6739    4.8239    4.9423    4.9966    5.2016    5.3569    5.4344    5.5416    5.8317    5.9835    6.1258    6.2089    6.2449    6.3168
  3.0174  -43.9923  -43.9879  -43.9856  -43.9854  -23.6279  -23.6060  -23.5917  -23.5889  -23.5781  -23.5724  -23.5646  -23.5558  -23.5554  -23.5344  -23.5178  -23.5098  -17.6272  -17.6264  -17.6054  -17.5864  -17.5860  -17.5768  -17.5611  -17.5581  -17.5538  -17.5447  -17.5357  -17.5319  -17.5192  -17.5188  -17.5000  -17.4959  -17.4903  -17.4868  -17.4588  -17.4565  -12.7887  -12.1460  -11.4660  -10.8040  -10.7378  -10.6639  -10.6188  -10.4761   -7.3322   -6.5341   -5.7532   -5.2999   -4.5436   -4.1612   -4.0361   -3.7736   -3.5755   -3.2861   -3.0173   -2.7995   -2.6258   -2.4380   -2.3652   -1.9560   -1.8295   -1.7778   -1.6830   -1.5612   -1.4792   -1.3215   -0.8152   -0.6051    2.3467    2.3956    2.4785    3.1071    3.3437    3.4321    3.5720    3.6907    3.7867    3.9791    4.0279    4.1436    4.3275    4.4687    4.6806    4.8396    4.8739    5.0025    5.1703    5.3268    5.4579    5.5554    5.8466    5.9007    6.1098    6.1759    6.2281    6.3382
  3.0721  -43.9926  -43.9876  -43.9856  -43.9855  -23.6295  -23.6078  -23.5912  -23.5882  -23.5768  -23.5741  -23.5643  -23.5568  -23.5565  -23.5328  -23.5172  -23.5073  -17.6273  -17.6264  -17.6062  -17.5865  -17.5845  -17.5759  -17.5619  -17.5580  -17.5551  -17.5456  -17.5349  -17.5312  -17.5192  -17.5188  -17.5001  -17.4954  -17.4907  -17.4867  -17.4588  -17.4564  -12.8472  -12.0807  -11.5045  -10.7748  -10.7037  -10.6600  -10.6123  -10.4634   -7.3803   -6.4331   -5.8920   -5.3050   -4.5469   -4.1691   -4.0568   -3.8423   -3.6818   -3.2544   -3.0682   -2.7373   -2.6571   -2.4935   -2.3626   -2.0211   -1.8538   -1.7251   -1.6804   -1.6099   -1.3484   -1.1704   -0.6663   -0.4914    2.2237    2.3377    2.6113    3.0567    3.3980    3.4972    3.5427    3.6978    3.7579    3.9717    3.9829    4.1325    4.3169    4.5209    4.6052    4.7411    4.8762    5.0612    5.1524    5.2659    5.5592    5.5798    5.7525    5.8631    6.0799    6.2301    6.3091    6.3754
  3.1269  -43.9927  -43.9872  -43.9857  -43.9857  -23.6307  -23.6093  -23.5932  -23.5849  -23.5758  -23.5754  -23.5641  -23.5586  -23.5570  -23.5315  -23.5167  -23.5053  -17.6274  -17.6264  -17.6069  -17.5869  -17.5829  -17.5750  -17.5630  -17.5579  -17.5561  -17.5463  -17.5343  -17.5307  -17.5192  -17.5187  -17.5002  -17.4950  -17.4911  -17.4867  -17.4588  -17.4564  -12.8954  -12.0112  -11.5515  -10.7537  -10.6897  -10.6480  -10.5984  -10.4511   -7.4195   -6.3405   -6.0146   -5.3013   -4.5234   -4.1873   -4.0502   -3.9234   -3.7713   -3.2212   -3.1449   -2.7082   -2.6845   -2.4858   -2.3610   -2.1091   -1.8868   -1.7038   -1.6676   -1.6479   -1.3638   -0.8604   -0.5341   -0.3973    2.0734    2.3143    2.7719    2.9489    3.4001    3.4745    3.6143    3.6943    3.8146    3.9356    4.0116    4.0805    4.2994    4.4765    4.5386    4.7432    4.8778    5.0893    5.1549    5.2495    5.5720    5.6354    5.7817    5.8002    6.1010    6.1716    6.3644    6.4701
  3.1816  -43.9928  -43.9869  -43.9859  -43.9857  -23.6316  -23.6105  -23.5946  -23.5818  -23.5763  -23.5753  -23.5639  -23.5604  -23.5574  -23.5304  -23.5164  -23.5037  -17.6274  -17.6265  -17.6074  -17.5872  -17.5817  -17.5739  -17.5644  -17.5578  -17.5566  -17.5469  -17.5339  -17.5303  -17.5192  -17.5187  -17.5003  -17.4947  -17.4914  -17.4866  -17.4588  -17.4564  -12.9313  -11.9408  -11.6051  -10.7392  -10.6919  -10.6270  -10.5861  -10.4408   -7.4482   -6.2653   -6.1105   -5.2932   -4.4753   -4.2025   -4.0503   -4.0105   -3.8234   -3.2231   -3.1936   -2.7570   -2.6564   -2.4208   -2.3698   -2.1979   -1.9069   -1.7884   -1.6322   -1.6271   -1.3722   -0.5879   -0.4284   -0.3252    1.9512    2.3020    2.8039    2.9424    3.3615    3.4527    3.6348    3.7268    3.8542    3.9312    4.0172    4.0650    4.2557    4.3976    4.5533    4.7930    4.8933    5.0092    5.1605    5.3041    5.4859    5.6758    5.7520    5.9743    6.1493    6.1810    6.3184    6.5009
  3.2363  -43.9929  -43.9866  -43.9861  -43.9857  -23.6322  -23.6111  -23.5955  -23.5793  -23.5769  -23.5755  -23.5636  -23.5619  -23.5576  -23.5298  -23.5162  -23.5028  -17.6274  -17.6265  -17.6077  -17.5873  -17.5809  -17.5730  -17.5655  -17.5577  -17.5568  -17.5473  -17.5337  -17.5300  -17.5192  -17.5187  -17.5003  -17.4944  -17.4916  -17.4866  -17.4588  -17.4564  -12.9533  -11.8773  -11.6584  -10.7294  -10.6983  -10.6062  -10.5817  -10.4340   -7.4657   -6.2160   -6.1715   -5.2858   -4.4129   -4.2093   -4.1278   -4.0295   -3.8410   -3.2738   -3.1844   -2.8092   -2.5871   -2.4333   -2.3415   -2.2480   -1.9443   -1.8385   -1.6136   -1.6107   -1.3751   -0.4099   -0.3521   -0.2724    1.8726    2.2997    2.6777    3.0980    3.3317    3.3914    3.6529    3.7389    3.8372    3.9082    4.0375    4.1087    4.2371    4.3506    4.6001    4.8247    4.8591    5.0019    5.1567    5.2934    5.4761    5.6240    5.8112    6.1561    6.1859    6.2640    6.3657    6.4631
  3.2910  -43.9929  -43.9863  -43.9863  -43.9857  -23.6323  -23.6114  -23.5958  -23.5781  -23.5771  -23.5759  -23.5631  -23.5629  -23.5576  -23.5296  -23.5161  -23.5025  -17.6275  -17.6265  -17.6078  -17.5874  -17.5807  -17.5726  -17.5661  -17.5577  -17.5569  -17.5474  -17.5336  -17.5299  -17.5192  -17.5187  -17.5003  -17.4944  -17.4917  -17.4866  -17.4588  -17.4564  -12.9607  -11.8457  -11.6866  -10.7252  -10.7021  -10.5949  -10.5840  -10.4316   -7.4715   -6.1988   -6.1925   -5.2828   -4.3749   -4.2003   -4.1885   -4.0316   -3.8432   -3.2923   -3.1826   -2.8274   -2.5215   -2.4899   -2.3314   -2.2456   -1.9753   -1.8464   -1.6096   -1.6035   -1.3756   -0.3636   -0.3164   -0.2439    1.8456    2.3011    2.6252    3.1899    3.3211    3.3316    3.6481    3.7753    3.8083    3.8843    4.0558    4.1295    4.2394    4.3314    4.6413    4.7668    4.8716    5.0747    5.1085    5.2589    5.5393    5.5435    5.8554    6.1681    6.2399    6.3059    6.3779    6.4249
  3.2910  -43.9929  -43.9863  -43.9863  -43.9857  -23.6323  -23.6114  -23.5958  -23.5781  -23.5771  -23.5759  -23.5631  -23.5629  -23.5576  -23.5296  -23.5161  -23.5025  -17.6275  -17.6265  -17.6078  -17.5874  -17.5807  -17.5726  -17.5661  -17.5577  -17.5569  -17.5474  -17.5336  -17.5299  -17.5192  -17.5187  -17.5003  -17.4944  -17.4917  -17.4866  -17.4588  -17.4564  -12.9607  -11.8457  -11.6866  -10.7252  -10.7021  -10.5949  -10.5840  -10.4316   -7.4715   -6.1988   -6.1925   -5.2828   -4.3749   -4.2003   -4.1885   -4.0316   -3.8432   -3.2923   -3.1826   -2.8274   -2.5215   -2.4899   -2.3314   -2.2456   -1.9753   -1.8464   -1.6096   -1.6035   -1.3756   -0.3636   -0.3164   -0.2439    1.8456    2.3011    2.6251    3.1899    3.3211    3.3316    3.6481    3.7759    3.8082    3.8843    4.0557    4.1295    4.2394    4.3314    4.6413    4.7668    4.8716    5.0746    5.1083    5.2617    5.5404    5.5477    5.8371    6.1576    6.2269    6.2589    6.3806    6.4332
  3.3499  -43.9929  -43.9866  -43.9861  -43.9857  -23.6316  -23.6114  -23.5968  -23.5796  -23.5772  -23.5740  -23.5636  -23.5616  -23.5573  -23.5297  -23.5167  -23.5030  -17.6274  -17.6265  -17.6076  -17.5876  -17.5809  -17.5730  -17.5654  -17.5581  -17.5565  -17.5473  -17.5336  -17.5300  -17.5192  -17.5187  -17.5003  -17.4945  -17.4916  -17.4866  -17.4587  -17.4564  -12.9512  -11.8883  -11.6479  -10.7542  -10.6851  -10.5920  -10.5900  -10.4336   -7.4484   -6.2015   -6.1834   -5.2940   -4.4379   -4.2740   -4.0484   -4.0240   -3.8196   -3.3241   -3.1349   -2.8601   -2.5508   -2.4300   -2.3196   -2.2622   -1.9539   -1.8401   -1.6254   -1.6145   -1.3909   -0.4147   -0.3643   -0.2735    1.8798    2.3234    2.6532    3.1927    3.2948    3.3536    3.6378    3.7344    3.8192    3.9272    3.9934    4.0323    4.3286    4.4787    4.5841    4.8164    4.8544    5.0756    5.1831    5.2314    5.4925    5.6115    5.8545    6.1593    6.2336    6.2684    6.3574    6.4350
  3.4089  -43.9927  -43.9869  -43.9860  -43.9857  -23.6293  -23.6118  -23.5991  -23.5814  -23.5760  -23.5727  -23.5639  -23.5600  -23.5555  -23.5300  -23.5185  -23.5043  -17.6274  -17.6265  -17.6071  -17.5883  -17.5815  -17.5739  -17.5641  -17.5587  -17.5556  -17.5469  -17.5338  -17.5303  -17.5192  -17.5187  -17.5001  -17.4948  -17.4913  -17.4868  -17.4586  -17.4564  -12.9229  -11.9668  -11.5819  -10.8015  -10.6766  -10.6056  -10.5811  -10.4389   -7.3802   -6.2112   -6.1555   -5.3245   -4.5524   -4.2729   -4.0643   -3.8921   -3.7333   -3.3469   -3.0905   -2.8900   -2.5698   -2.3958   -2.3232   -2.2224   -1.9066   -1.8238   -1.6965   -1.6263   -1.4153   -0.6306   -0.4585   -0.3141    1.9781    2.3729    2.6976    3.1574    3.2097    3.4203    3.5518    3.7445    3.8376    3.9508    4.0309    4.0889    4.3132    4.5185    4.6963    4.8053    4.9903    5.0713    5.1304    5.3696    5.4668    5.6235    5.9007    5.9683    6.0944    6.2731    6.3933    6.4532
  3.4678  -43.9923  -43.9873  -43.9861  -43.9857  -23.6257  -23.6127  -23.6012  -23.5821  -23.5747  -23.5720  -23.5642  -23.5593  -23.5526  -23.5309  -23.5209  -23.5061  -17.6274  -17.6266  -17.6063  -17.5893  -17.5824  -17.5750  -17.5628  -17.5592  -17.5542  -17.5463  -17.5340  -17.5307  -17.5192  -17.5187  -17.4998  -17.4952  -17.4909  -17.4870  -17.4584  -17.4565  -12.8765  -12.0490  -11.5235  -10.8597  -10.6918  -10.6128  -10.5663  -10.4466   -7.2707   -6.2273   -6.1106   -5.3681   -4.6413   -4.2483   -4.0874   -3.8465   -3.5857   -3.3165   -3.1307   -2.8321   -2.5751   -2.4565   -2.3044   -2.1296   -1.8828   -1.8069   -1.7801   -1.6343   -1.4176   -0.9485   -0.5852   -0.3682    2.1180    2.3912    2.7058    3.0102    3.2378    3.4018    3.5688    3.7398    3.8897    3.9736    4.1584    4.2313    4.2707    4.5757    4.7504    4.8745    4.9871    5.1571    5.1938    5.3459    5.5315    5.6710    5.8866    5.9186    6.0430    6.1144    6.3119    6.4036
  3.5267  -43.9918  -43.9876  -43.9862  -43.9856  -23.6214  -23.6140  -23.6020  -23.5821  -23.5743  -23.5710  -23.5647  -23.5589  -23.5504  -23.5333  -23.5224  -23.5082  -17.6273  -17.6267  -17.6052  -17.5906  -17.5833  -17.5762  -17.5618  -17.5596  -17.5523  -17.5455  -17.5343  -17.5314  -17.5191  -17.5188  -17.4994  -17.4957  -17.4905  -17.4873  -17.4581  -17.4566  -12.8133  -12.1266  -11.4834  -10.9340  -10.7153  -10.6130  -10.5480  -10.4556   -7.1264   -6.2476   -6.0517   -5.4202   -4.6892   -4.2098   -4.1164   -3.8300   -3.4937   -3.2164   -3.1908   -2.7515   -2.6085   -2.4649   -2.3183   -2.0611   -1.9659   -1.8400   -1.7153   -1.6265   -1.4077   -1.2738   -0.7377   -0.4418    2.1551    2.4220    2.7228    2.9486    3.2871    3.3382    3.6226    3.7267    3.9177    4.0370    4.1461    4.2961    4.5349    4.6665    4.7962    4.8586    5.0452    5.1565    5.2997    5.3698    5.5676    5.6648    5.8992    5.9291    6.0206    6.1561    6.2286    6.5740
  3.5856  -43.9913  -43.9879  -43.9864  -43.9857  -23.6174  -23.6145  -23.6012  -23.5814  -23.5746  -23.5700  -23.5654  -23.5587  -23.5498  -23.5372  -23.5222  -23.5104  -17.6272  -17.6267  -17.6038  -17.5920  -17.5842  -17.5778  -17.5612  -17.5598  -17.5501  -17.5446  -17.5347  -17.5321  -17.5191  -17.5188  -17.4990  -17.4961  -17.4902  -17.4877  -17.4578  -17.4566  -12.7354  -12.1960  -11.4647  -11.0306  -10.7236  -10.6132  -10.5285  -10.4652   -6.9563   -6.2677   -5.9829   -5.4785   -4.6936   -4.1985   -4.1111   -3.8161   -3.4862   -3.2412   -3.0753   -2.7229   -2.6502   -2.4193   -2.3434   -2.1325   -1.9803   -1.8578   -1.6873   -1.6363   -1.5281   -1.3218   -0.9001   -0.5358    2.0161    2.5910    2.7420    2.9592    3.2787    3.3586    3.5972    3.7707    3.9673    4.0178    4.2502    4.3976    4.5500    4.7813    4.8262    4.9527    5.0450    5.2090    5.3243    5.4518    5.5995    5.7126    5.7341    5.9316    6.1169    6.2352    6.3401    6.5106
  3.6445  -43.9907  -43.9881  -43.9867  -43.9859  -23.6159  -23.6120  -23.5991  -23.5807  -23.5750  -23.5696  -23.5665  -23.5601  -23.5499  -23.5406  -23.5212  -23.5126  -17.6272  -17.6268  -17.6021  -17.5933  -17.5851  -17.5798  -17.5608  -17.5599  -17.5476  -17.5436  -17.5352  -17.5331  -17.5191  -17.5189  -17.4985  -17.4964  -17.4900  -17.4882  -17.4576  -17.4567  -12.6464  -12.2550  -11.4642  -11.1457  -10.7113  -10.6143  -10.5119  -10.4752   -6.7727   -6.2827   -5.9093   -5.5412   -4.6585   -4.2489   -4.0310   -3.8042   -3.5304   -3.2773   -2.9573   -2.8075   -2.6188   -2.4496   -2.3424   -2.1848   -2.0772   -1.8435   -1.8215   -1.5653   -1.4980   -1.2824   -1.0547   -0.6496    1.9211    2.6689    2.7619    3.0666    3.2466    3.4119    3.5654    3.8228    4.0242    4.1044    4.3290    4.4104    4.6090    4.7076    4.8719    4.9284    5.0465    5.2987    5.4067    5.4947    5.6485    5.7644    5.8891    5.9640    6.1080    6.2391    6.4724    6.6464
  3.7034  -43.9900  -43.9883  -43.9869  -43.9862  -23.6143  -23.6091  -23.5962  -23.5810  -23.5750  -23.5699  -23.5679  -23.5636  -23.5488  -23.5426  -23.5201  -23.5148  -17.6271  -17.6269  -17.6002  -17.5944  -17.5859  -17.5820  -17.5605  -17.5599  -17.5452  -17.5425  -17.5358  -17.5342  -17.5191  -17.5189  -17.4980  -17.4967  -17.4898  -17.4887  -17.4573  -17.4568  -12.5517  -12.3022  -11.4744  -11.2682  -10.6847  -10.6153  -10.5013  -10.4850   -6.5916   -6.2896   -5.8375   -5.6039   -4.5933   -4.3082   -3.9283   -3.7890   -3.6010   -3.3189   -2.9606   -2.8137   -2.7255   -2.4694   -2.3338   -2.2532   -2.1011   -1.9086   -1.7490   -1.5154   -1.4607   -1.2590   -1.1795   -0.7817    1.9390    2.6255    2.7858    3.2035    3.2437    3.3882    3.6534    3.8584    4.1315    4.2151    4.3146    4.4334    4.5643    4.7288    4.8585    4.8681    5.0910    5.2576    5.4391    5.5131    5.8045    5.8145    5.9026    6.0562    6.1364    6.2969    6.3992    6.6070
  3.7623  -43.9893  -43.9884  -43.9870  -43.9866  -23.6114  -23.6071  -23.5935  -23.5838  -23.5740  -23.5705  -23.5693  -23.5668  -23.5469  -23.5438  -23.5194  -23.5168  -17.6270  -17.6269  -17.5983  -17.5952  -17.5865  -17.5843  -17.5602  -17.5599  -17.5429  -17.5413  -17.5365  -17.5355  -17.5191  -17.5190  -17.4975  -17.4969  -17.4897  -17.4892  -17.4571  -17.4569  -12.4613  -12.3365  -11.4875  -11.3827  -10.6532  -10.6158  -10.4984  -10.4933   -6.4334   -6.2888   -5.7754   -5.6602   -4.5129   -4.3602   -3.8540   -3.7562   -3.6469   -3.3783   -3.0702   -2.9422   -2.7067   -2.4588   -2.3503   -2.2977   -2.0398   -1.9431   -1.6583   -1.4953   -1.4579   -1.2670   -1.2294   -0.9290    2.0804    2.5755    2.7749    3.1450    3.3202    3.3698    3.7971    3.8881    4.1985    4.2667    4.3496    4.5021    4.5378    4.7856    4.8235    4.8544    5.0801    5.2236    5.5091    5.5663    5.6884    5.7993    5.9380    6.1687    6.2121    6.2802    6.4275    6.6064
  3.8212  -43.9887  -43.9884  -43.9872  -43.9870  -23.6077  -23.6059  -23.5918  -23.5884  -23.5725  -23.5709  -23.5702  -23.5689  -23.5453  -23.5445  -23.5190  -23.5184  -17.6270  -17.6269  -17.5966  -17.5957  -17.5869  -17.5862  -17.5600  -17.5599  -17.5409  -17.5403  -17.5372  -17.5368  -17.5191  -17.5191  -17.4972  -17.4971  -17.4897  -17.4895  -17.4570  -17.4569  -12.3915  -12.3573  -11.4977  -11.4685  -10.6267  -10.6159  -10.5008  -10.4995   -6.3225   -6.2844   -5.7323   -5.7012   -4.4398   -4.3956   -3.8278   -3.7919   -3.5502   -3.4367   -3.1780   -3.1269   -2.5792   -2.4671   -2.4004   -2.3365   -1.9636   -1.9316   -1.6104   -1.5581   -1.3892   -1.2667   -1.2329   -1.0869    2.3179    2.5406    2.7581    2.9501    3.3670    3.3791    3.8428    3.8722    4.2789    4.3794    4.4277    4.5253    4.6030    4.7256    4.8265    4.8638    5.1061    5.1946    5.5285    5.5823    5.6444    5.7403    5.9299    6.0590    6.2446    6.3836    6.4673    6.5773
  3.8802  -43.9885  -43.9885  -43.9872  -43.9872  -23.6055  -23.6055  -23.5912  -23.5912  -23.5707  -23.5707  -23.5707  -23.5707  -23.5447  -23.5447  -23.5189  -23.5189  -17.6270  -17.6270  -17.5958  -17.5958  -17.5870  -17.5870  -17.5599  -17.5599  -17.5398  -17.5398  -17.5377  -17.5377  -17.5191  -17.5191  -17.4971  -17.4971  -17.4896  -17.4896  -17.4569  -17.4569  -12.3643  -12.3643  -11.5014  -11.5014  -10.6158  -10.6158  -10.5025  -10.5025   -6.2820   -6.2820   -5.7167   -5.7167   -4.4082   -4.4082   -3.8193   -3.8193   -3.4611   -3.4611   -3.2268   -3.2268   -2.4595   -2.4595   -2.4315   -2.4315   -1.9147   -1.9147   -1.6083   -1.6082   -1.2608   -1.2608   -1.2339   -1.2339    2.5283    2.5283    2.7511    2.7511    3.3834    3.3835    3.8449    3.8449    4.4423    4.4425    4.4556    4.4558    4.6617    4.6621    4.8386    4.8388    5.1675    5.1725    5.4666    5.4687    5.7333    5.7344    5.8635    5.9090    6.2760    6.3576    6.4578    6.5943
