#      T [K]      F [kJ/mol]    S [J/K/mol]  C_v [J/K/mol]     E [kJ/mol]
       0.000      91.5968322      0.0000000      0.0000000     91.5968322
      10.000      91.5896045      2.2427624      4.7264422     91.6120321
      20.000      91.5355616      9.3271325     18.6123286     91.7221043
      30.000      91.3890132     20.6245652     39.4516177     92.0077501
      40.000      91.1117853     35.3012949     64.1361139     92.5238371
      50.000      90.6749831     52.3871596     90.0343621     93.2943411
      60.000      90.0586537     71.0980485    115.9578244     94.3245366
      70.000      89.2494261     90.8933490    141.4255602     95.6119605
      80.000      88.2384188    111.4022940    166.1606629     97.1506023
      90.000      87.0199039    132.3561302    189.9312101     98.9319556
     100.000      85.5905065    153.5482467    212.5347329    100.9453312
     110.000      83.9486971    174.8139698    233.8152914    103.1782337
     120.000      82.0944271    196.0205579    253.6749238    105.6168941
     130.000      80.0288400    217.0616588    272.0732404    108.2468557
     140.000      77.7540271    237.8534681    289.0189147    111.0535126
     150.000      75.2728184    258.3314915    304.5578878    114.0225421
     160.000      72.5886052    278.4475787    318.7615936    117.1402178
     170.000      69.7051897    298.1671888    331.7168711    120.3936118
     180.000      66.6266620    317.4669234    343.5181072    123.7707082
     190.000      63.3572997    336.3323605    354.2615357    127.2604481
     200.000      59.9014874    354.7562001    364.0413574    130.8527274
     210.000      56.2636539    372.7367098    372.9472786    134.5383630
     220.000      52.4482228    390.2764420    381.0630937    138.3090400
     230.000      48.4595753    407.3811912    388.4660040    142.1572492
     240.000      44.3020218    424.0591561    395.2264325    146.0762193
     250.000      39.9797818    440.3202713    401.4081596    150.0598496
     260.000      35.4969688    456.1756802    407.0686537    154.1026457
     270.000      30.8575808    471.6373223    412.2595088    158.1996578
     280.000      26.0654936    486.7176121    417.0269318    162.3464249
     290.000      21.1244576    501.4291919    421.4122406    166.5389232
     300.000      16.0380965    515.7847435    425.4523497    170.7735195
     310.000      10.8099075    529.7968462    429.1802284    175.0469298
     320.000       5.4432631    543.4778710    432.6253258    179.3561818
     330.000      -0.0585866    556.8399043    435.8139575    183.6985818
     340.000      -5.6925109    569.8946932    438.7696551    188.0716848
     350.000     -11.4554943    582.6536091    441.5134796    192.4732689
     360.000     -17.3446334    595.1276242    444.0643003    196.9013113
     370.000     -23.3571324    607.3272987    446.4390424    201.3539681
     380.000     -29.4902988    619.2627758    448.6529062    205.8295560
     390.000     -35.7415397    630.9437831    450.7195612    210.3265357
     400.000     -42.1083573    642.3796376    452.6513167    214.8434977
     410.000     -48.5883450    653.5792550    454.4592730    219.3791495
     420.000     -55.1791834    664.5511606    456.1534542    223.9323040
     430.000     -61.8786364    675.3035025    457.7429252    228.5018696
     440.000     -68.6845476    685.8440649    459.2358958    233.0868410
     450.000     -75.5948366    696.1802831    460.6398118    237.6862908
     460.000     -82.6074958    706.3192582    461.9614354    242.2993630
     470.000     -89.7205869    716.2677717    463.2069169    246.9252658
     480.000     -96.9322380    726.0323004    464.3818580    251.5632662
     490.000    -104.2406403    735.6190309    465.4913674    256.2126849
     500.000    -111.6440457    745.0338734    466.5401107    260.8728910
     510.000    -119.1407637    754.2824754    467.5323544    265.5432988
     520.000    -126.7291591    763.3702345    468.4720054    270.2233629
     530.000    -134.4076494    772.3023113    469.3626454    274.9125755
     540.000    -142.1747028    781.0836411    470.2075627    279.6104634
     550.000    -150.0288355    789.7189455    471.0097794    284.3165845
     560.000    -157.9686101    798.2127429    471.7720768    289.0305259
     570.000    -165.9926331    806.5693591    472.4970172    293.7519015
     580.000    -174.0995538    814.7929370    473.1869642    298.4803497
     590.000    -182.2880617    822.8874460    473.8441003    303.2155315
     600.000    -190.5568852    830.8566904    474.4704431    307.9571290
     610.000    -198.9047901    838.7043181    475.0678600    312.7048439
     620.000    -207.3305778    846.4338281    475.6380808    317.4583956
     630.000    -215.8330842    854.0485784    476.1827100    322.2175202
     640.000    -224.4111776    861.5517924    476.7032368    326.9819695
     650.000    -233.0637585    868.9465659    477.2010453    331.7515093
     660.000    -241.7897574    876.2358733    477.6774227    336.5259189
     670.000    -250.5881340    883.4225736    478.1335676    341.3049903
     680.000    -259.4578760    890.5094156    478.5705968    346.0885266
     690.000    -268.3979983    897.4990438    478.9895521    350.8763420
     700.000    -277.4075414    904.3940029    479.3914061    355.6682606
     710.000    -286.4855709    911.1967424    479.7770675    360.4641161
     720.000    -295.6311767    917.9096216    480.1473860    365.2637508
     730.000    -304.8434714    924.5349134    480.5031569    370.0670154
     740.000    -314.1215903    931.0748085    480.8451252    374.8737680
     750.000    -323.4646900    937.5314189    481.1739892    379.6838742
     760.000    -332.8719479    943.9067818    481.4904040    384.4972063
     770.000    -342.3425614    950.2028626    481.7949847    389.3136428
     780.000    -351.8757472    956.4215585    482.0883092    394.1330684
     790.000    -361.4707407    962.5647013    482.3709209    398.9553733
     800.000    -371.1267953    968.6340602    482.6433308    403.7804529
     810.000    -380.8431817    974.6313447    482.9060204    408.6082075
     820.000    -390.6191874    980.5582071    483.1594431    413.4385424
     830.000    -400.4541164    986.4162450    483.4040265    418.2713669
     840.000    -410.3472881    992.2070034    483.6401741    423.1065948
     850.000    -420.2980372    997.9319773    483.8682664    427.9441436
     860.000    -430.3057132   1003.5926135    484.0886634    432.7839345
     870.000    -440.3696797   1009.1903126    484.3017049    437.6258923
     880.000    -450.4893141   1014.7264310    484.5077124    442.4699451
     890.000    -460.6640074   1020.2022826    484.7069903    447.3160241
     900.000    -470.8931632   1025.6191407    484.8998267    452.1640635
     910.000    -481.1761977   1030.9782393    485.0864945    457.0140001
     920.000    -491.5125394   1036.2807751    485.2672525    461.8657737
     930.000    -501.9016285   1041.5279084    485.4423460    466.7193263
     940.000    -512.3429167   1046.7207650    485.6120079    471.5746025
     950.000    -522.8358665   1051.8604375    485.7764593    476.4315491
     960.000    -533.3799517   1056.9479861    485.9359102    481.2901150
     970.000    -543.9746560   1061.9844404    486.0905602    486.1502513
     980.000    -554.6194735   1066.9708003    486.2405991    491.0119108
     990.000    -565.3139082   1071.9080371    486.3862075    495.8750485
    1000.000    -576.0574736   1076.7970944    486.5275572    500.7396208

