#K-Path     Band-1    Band-2    Band-3    Band-4      ...     Band-n
  0.0000  -42.4644  -42.4512  -42.4394  -42.4385  -25.9769  -25.9756  -25.8238  -25.8197  -25.7885  -25.7877  -25.7671  -25.7561  -25.7358  -25.7312  -25.6715  -25.6696  -22.2256  -22.1853  -22.1704  -22.1657  -22.1554  -22.1520  -22.0926  -22.0831  -22.0315  -21.9822  -21.9775  -21.9286  -15.9831  -15.9443  -15.8710  -15.8197  -15.7821  -15.6222  -15.5402  -15.4675  -15.2334  -15.2095  -15.0944  -15.0864  -15.0634  -15.0433  -15.0323  -15.0179  -15.0121  -15.0101  -14.8521  -14.8479  -14.6921  -13.5319  -13.5277  -12.9200  -12.8436  -12.7094  -12.5875  -12.4864   -5.6596   -5.1517   -5.0637   -4.3773   -3.6737   -3.1530   -3.1356   -2.9672   -2.8559   -2.6044   -2.2651   -2.0694   -1.9719   -1.6366   -1.4704   -1.3807   -1.2800   -1.2426   -1.1691   -0.8928   -0.8415   -0.5706   -0.3989   -0.2493    1.3101    3.9182    3.9742    4.6801    4.8722    4.9851    5.1580    5.5500    5.6327    5.8507    5.8711    5.9876    6.0043    6.3618    6.5892    6.7504    6.9517    7.1325    7.5012    7.6320    7.6734    7.7853    7.8316    7.8789    7.9927    8.0740    8.1527    8.8575    9.1992    9.3752    9.4275    9.6150
  0.0594  -42.4642  -42.4514  -42.4394  -42.4384  -25.9769  -25.9757  -25.8237  -25.8197  -25.7885  -25.7878  -25.7669  -25.7562  -25.7357  -25.7313  -25.6714  -25.6696  -22.2253  -22.1854  -22.1683  -22.1668  -22.1530  -22.1524  -22.0924  -22.0833  -22.0331  -21.9864  -21.9746  -21.9290  -15.9815  -15.9439  -15.8716  -15.8213  -15.7810  -15.6271  -15.5361  -15.4670  -15.2336  -15.2058  -15.0996  -15.0862  -15.0642  -15.0438  -15.0304  -15.0182  -15.0125  -15.0100  -14.8520  -14.8479  -14.6824  -13.6282  -13.4384  -12.9183  -12.8468  -12.7134  -12.5842  -12.4874   -5.6520   -5.1538   -5.0560   -4.3846   -3.6846   -3.2191   -3.0713   -2.9697   -2.8281   -2.5949   -2.2685   -2.0596   -1.9679   -1.6283   -1.5091   -1.3933   -1.2989   -1.2081   -1.1718   -0.8842   -0.8510   -0.6146   -0.4031   -0.2533    1.3685    3.9019    3.9943    4.6685    4.8770    4.9500    5.2029    5.5219    5.6317    5.8583    5.8796    5.9929    6.0231    6.3560    6.5780    6.7624    6.9584    7.1420    7.4276    7.5380    7.7141    7.7803    7.7833    7.9174    8.0161    8.1269    8.1743    8.8480    9.1105    9.3259    9.4097    9.7459
  0.1189  -42.4638  -42.4520  -42.4393  -42.4384  -25.9769  -25.9757  -25.8236  -25.8199  -25.7886  -25.7879  -25.7664  -25.7565  -25.7356  -25.7314  -25.6713  -25.6696  -22.2242  -22.1854  -22.1700  -22.1623  -22.1539  -22.1461  -22.0919  -22.0839  -22.0377  -21.9943  -21.9706  -21.9302  -15.9770  -15.9428  -15.8734  -15.8260  -15.7775  -15.6397  -15.5263  -15.4658  -15.2330  -15.1960  -15.1126  -15.0853  -15.0662  -15.0440  -15.0295  -15.0175  -15.0137  -15.0100  -14.8516  -14.8477  -14.6536  -13.7325  -13.3543  -12.9143  -12.8553  -12.7240  -12.5757  -12.4901   -5.6295   -5.1611   -5.0332   -4.4082   -3.7089   -3.2952   -3.0016   -2.9688   -2.7590   -2.5659   -2.2711   -2.0375   -1.9569   -1.6059   -1.5973   -1.4181   -1.3495   -1.1813   -1.1561   -0.8743   -0.8558   -0.7238   -0.4169   -0.2656    1.5267    3.8485    4.0506    4.6227    4.8870    4.9311    5.2779    5.4627    5.6186    5.8472    5.9039    6.0259    6.0681    6.3411    6.5512    6.7901    6.9774    7.1611    7.2781    7.4310    7.6700    7.6747    7.8062    7.9571    7.9907    8.2471    8.2555    8.7240    9.2673    9.3464    9.5109    9.6427
  0.1783  -42.4631  -42.4529  -42.4392  -42.4383  -25.9768  -25.9758  -25.8233  -25.8201  -25.7887  -25.7880  -25.7657  -25.7571  -25.7353  -25.7317  -25.6712  -25.6697  -22.2222  -22.1846  -22.1749  -22.1563  -22.1530  -22.1357  -22.0910  -22.0848  -22.0454  -22.0050  -21.9663  -21.9322  -15.9699  -15.9412  -15.8757  -15.8335  -15.7718  -15.6563  -15.5140  -15.4645  -15.2304  -15.1820  -15.1293  -15.0840  -15.0692  -15.0450  -15.0322  -15.0155  -15.0152  -15.0101  -14.8510  -14.8475  -14.6069  -13.8414  -13.2776  -12.9133  -12.8639  -12.7389  -12.5647  -12.4944   -5.5929   -5.1760   -4.9961   -4.4506   -3.7302   -3.3728   -2.9569   -2.9369   -2.6675   -2.5166   -2.2609   -2.0158   -1.9427   -1.6997   -1.5776   -1.4707   -1.4185   -1.1963   -1.1261   -0.9066   -0.8794   -0.7697   -0.4427   -0.2864    1.7509    3.7467    4.1328    4.5536    4.9162    4.9616    5.3465    5.3984    5.5860    5.7972    5.9415    6.0849    6.1170    6.3211    6.5214    6.8214    6.9966    7.1303    7.1715    7.3527    7.5532    7.6093    7.8247    7.9609    7.9646    8.3046    8.4253    8.7232    9.2283    9.2706    9.5228    9.5954
  0.2378  -42.4622  -42.4540  -42.4390  -42.4382  -25.9767  -25.9759  -25.8230  -25.8205  -25.7888  -25.7882  -25.7647  -25.7579  -25.7349  -25.7321  -25.6710  -25.6699  -22.2189  -22.1828  -22.1811  -22.1596  -22.1413  -22.1227  -22.0897  -22.0860  -22.0556  -22.0182  -21.9616  -21.9349  -15.9611  -15.9393  -15.8779  -15.8429  -15.7639  -15.6746  -15.5015  -15.4639  -15.2253  -15.1650  -15.1471  -15.0821  -15.0734  -15.0508  -15.0334  -15.0177  -15.0133  -15.0103  -14.8502  -14.8473  -14.5441  -13.9530  -13.2078  -12.9266  -12.8621  -12.7561  -12.5531  -12.5001   -5.5440   -5.2018   -4.9463   -4.5108   -3.7368   -3.4503   -2.9324   -2.8826   -2.5645   -2.4471   -2.2317   -2.0047   -1.9391   -1.7972   -1.5628   -1.5570   -1.4824   -1.2093   -1.1268   -1.0507   -0.8563   -0.7030   -0.4819   -0.3166    2.0128    3.5886    4.2263    4.4990    4.9731    5.0161    5.3398    5.4000    5.5301    5.7234    5.9900    6.1453    6.1581    6.2975    6.4962    6.8194    6.9582    7.0971    7.1659    7.3015    7.4467    7.5333    7.8555    7.9424    7.9638    8.3315    8.5482    8.7821    9.2247    9.5483    9.6385    9.6822
  0.2972  -42.4610  -42.4554  -42.4388  -42.4382  -25.9766  -25.9760  -25.8226  -25.8209  -25.7889  -25.7884  -25.7635  -25.7588  -25.7345  -25.7325  -25.6708  -25.6700  -22.2144  -22.1880  -22.1800  -22.1636  -22.1278  -22.1082  -22.0876  -22.0872  -22.0679  -22.0336  -21.9566  -21.9383  -15.9520  -15.9378  -15.8788  -15.8534  -15.7537  -15.6930  -15.4900  -15.4647  -15.2176  -15.1645  -15.1462  -15.0799  -15.0798  -15.0602  -15.0318  -15.0203  -15.0121  -15.0105  -14.8494  -14.8473  -14.4673  -14.0650  -13.1446  -12.9547  -12.8495  -12.7746  -12.5421  -12.5068   -5.4852   -5.2408   -4.8856   -4.5835   -3.7250   -3.5246   -2.8979   -2.8447   -2.4544   -2.3604   -2.1853   -2.0132   -1.9880   -1.8622   -1.6477   -1.5989   -1.4932   -1.2135   -1.2108   -1.1212   -0.8051   -0.6228   -0.5338   -0.3571    2.2932    3.3792    4.3151    4.4697    5.0456    5.0881    5.2898    5.4347    5.4523    5.6388    6.0468    6.1944    6.1966    6.2674    6.4799    6.7308    6.9524    7.1398    7.1404    7.2687    7.3710    7.4533    7.8814    7.9186    8.0121    8.3148    8.6403    8.7743    9.3621    9.5106    9.6429    9.7252
  0.3566  -42.4597  -42.4568  -42.4387  -42.4382  -25.9765  -25.9761  -25.8222  -25.8213  -25.7889  -25.7886  -25.7623  -25.7599  -25.7340  -25.7330  -25.6706  -25.6702  -22.2087  -22.1952  -22.1764  -22.1679  -22.1132  -22.0958  -22.0900  -22.0812  -22.0810  -22.0504  -21.9516  -21.9423  -15.9442  -15.9373  -15.8772  -15.8637  -15.7414  -15.7107  -15.4802  -15.4674  -15.2076  -15.1807  -15.1267  -15.0914  -15.0769  -15.0682  -15.0292  -15.0232  -15.0114  -15.0108  -14.8486  -14.8475  -14.3786  -14.1750  -13.0877  -12.9923  -12.8323  -12.7938  -12.5320  -12.5144   -5.4203   -5.2927   -4.8162   -4.6619   -3.6956   -3.5926   -2.8616   -2.8283   -2.3377   -2.2649   -2.1418   -2.0929   -2.0347   -1.9219   -1.6896   -1.6467   -1.4699   -1.3314   -1.1973   -1.1468   -0.7382   -0.5965   -0.5436   -0.4088    2.5797    3.1326    4.3853    4.4530    5.1222    5.1734    5.2444    5.3607    5.4589    5.5567    6.1087    6.2215    6.2314    6.2330    6.4859    6.6222    6.9847    7.0905    7.1876    7.2454    7.3376    7.3896    7.8832    7.8980    8.1080    8.2764    8.6962    8.7573    9.4193    9.6510    9.6740    9.7671
  0.4161  -42.4585  -42.4581  -42.4387  -42.4382  -25.9764  -25.9762  -25.8218  -25.8217  -25.7889  -25.7887  -25.7612  -25.7610  -25.7336  -25.7335  -25.6704  -25.6704  -22.2024  -22.2020  -22.1724  -22.1721  -22.0989  -22.0987  -22.0897  -22.0895  -22.0674  -22.0672  -21.9470  -21.9465  -15.9393  -15.9390  -15.8723  -15.8719  -15.7272  -15.7268  -15.4727  -15.4725  -15.1952  -15.1951  -15.1080  -15.1077  -15.0734  -15.0733  -15.0263  -15.0262  -15.0111  -15.0110  -14.8480  -14.8479  -14.2804  -14.2802  -13.0369  -13.0368  -12.8134  -12.8132  -12.5228  -12.5227   -5.3546   -5.3540   -4.7408   -4.7406   -3.6508   -3.6504   -2.8355   -2.8350   -2.2160   -2.2159   -2.1753   -2.1753   -1.9980   -1.9977   -1.6796   -1.6795   -1.4189   -1.4185   -1.1736   -1.1734   -0.6664   -0.6662   -0.4715   -0.4712    2.8625    2.8626    4.4297    4.4301    5.1912    5.1913    5.2653    5.2661    5.4938    5.4944    6.1700    6.1706    6.2442    6.2450    6.5336    6.5343    7.0331    7.0334    7.2213    7.2218    7.3480    7.3486    7.8855    7.8858    8.2003    8.2065    8.7331    8.7343    9.5122    9.5688    9.6198    9.7301
  0.4161  -42.4527  -42.4526  -42.4442  -42.4440  -25.9765  -25.9763  -25.8219  -25.8218  -25.7883  -25.7881  -25.7612  -25.7610  -25.7336  -25.7335  -25.6705  -25.6705  -22.2199  -22.2198  -22.1435  -22.1435  -22.1272  -22.1272  -22.0915  -22.0913  -22.0101  -22.0101  -21.9856  -21.9856  -15.9342  -15.9341  -15.8757  -15.8752  -15.7483  -15.7475  -15.5036  -15.5033  -15.2217  -15.2217  -15.0914  -15.0913  -15.0399  -15.0398  -15.0214  -15.0213  -15.0136  -15.0135  -14.8417  -14.8416  -14.0693  -14.0691  -13.1495  -13.1491  -12.9575  -12.9572  -12.5236  -12.5234   -5.1800   -5.1796   -4.6975   -4.6974   -3.6483   -3.6477   -2.8658   -2.8657   -2.4074   -2.4070   -2.0900   -2.0894   -1.9592   -1.9589   -1.5515   -1.5508   -1.2946   -1.2944   -1.1376   -1.1375   -0.8077   -0.8072   -0.6888   -0.6885    3.2108    3.2115    3.8015    3.8026    4.7663    4.7666    4.8643    4.8647    5.8308    5.8315    6.1512    6.1515    6.5868    6.5874    6.9636    6.9644    7.2495    7.2497    7.6070    7.6080    7.9297    7.9300    8.0621    8.0723    8.3968    8.3997    8.4917    8.5207    8.8705    8.9456    9.0171    9.1787
  0.4768  -42.4550  -42.4503  -42.4454  -42.4428  -25.9766  -25.9763  -25.8222  -25.8214  -25.7883  -25.7881  -25.7622  -25.7601  -25.7340  -25.7331  -25.6707  -25.6703  -22.2233  -22.2142  -22.1499  -22.1415  -22.1294  -22.1284  -22.1022  -22.0742  -22.0229  -22.0011  -21.9864  -21.9817  -15.9389  -15.9330  -15.8822  -15.8638  -15.7644  -15.7296  -15.5096  -15.4975  -15.2238  -15.2196  -15.0959  -15.0860  -15.0455  -15.0349  -15.0245  -15.0187  -15.0141  -15.0130  -14.8420  -14.8419  -14.1891  -13.9506  -13.2244  -13.0792  -12.9595  -12.9445  -12.5325  -12.5153   -5.2574   -5.1068   -4.7565   -4.6581   -3.6646   -3.6010   -3.0241   -2.7773   -2.4067   -2.3183   -2.1817   -2.0831   -1.9445   -1.9191   -1.5695   -1.5287   -1.3087   -1.2665   -1.1988   -1.0788   -0.8372   -0.7918   -0.7691   -0.5953    2.9460    3.4603    3.7961    3.8586    4.6649    4.7006    4.9199    4.9887    5.7887    5.8550    6.0905    6.2242    6.5414    6.5665    6.9815    6.9830    7.1558    7.3372    7.5677    7.6561    7.8645    7.9241    8.0025    8.0560    8.3349    8.4504    8.4711    8.6036    8.7698    8.9358    8.9924    9.1968
  0.5375  -42.4572  -42.4480  -42.4468  -42.4415  -25.9767  -25.9761  -25.8226  -25.8210  -25.7884  -25.7880  -25.7633  -25.7591  -25.7344  -25.7327  -25.6709  -25.6702  -22.2243  -22.2068  -22.1564  -22.1539  -22.1316  -22.1267  -22.1043  -22.0571  -22.0376  -21.9962  -21.9860  -21.9738  -15.9469  -15.9342  -15.8840  -15.8488  -15.7788  -15.7099  -15.5159  -15.4920  -15.2259  -15.2177  -15.0994  -15.0803  -15.0517  -15.0308  -15.0281  -15.0169  -15.0144  -15.0124  -14.8429  -14.8428  -14.3051  -13.8389  -13.2972  -13.0300  -12.9363  -12.9270  -12.5422  -12.5079   -5.3357   -5.0470   -4.8315   -4.6304   -3.6478   -3.5422   -3.1797   -2.7604   -2.3739   -2.2964   -2.1712   -2.1476   -1.9286   -1.8380   -1.5808   -1.4870   -1.3134   -1.2595   -1.2196   -1.0264   -0.8993   -0.8562   -0.7268   -0.5157    2.6698    3.6826    3.8379    3.9619    4.5446    4.6215    5.0034    5.1447    5.7473    5.8351    6.0743    6.2824    6.4566    6.4961    6.9947    7.0210    7.0804    7.4039    7.5451    7.7047    7.7482    7.8785    7.9426    7.9616    8.2693    8.4583    8.5232    8.6016    8.7937    9.0130    9.1409    9.6696
  0.5982  -42.4592  -42.4480  -42.4458  -42.4404  -25.9768  -25.9760  -25.8229  -25.8206  -25.7884  -25.7879  -25.7643  -25.7582  -25.7348  -25.7323  -25.6711  -25.6700  -22.2225  -22.1986  -22.1712  -22.1623  -22.1353  -22.1228  -22.1029  -22.0525  -22.0439  -21.9923  -21.9852  -21.9640  -15.9562  -15.9364  -15.8826  -15.8326  -15.7911  -15.6894  -15.5221  -15.4867  -15.2279  -15.2158  -15.1016  -15.0748  -15.0581  -15.0319  -15.0279  -15.0161  -15.0145  -15.0118  -14.8445  -14.8440  -14.4127  -13.7398  -13.3640  -13.0065  -12.9075  -12.8844  -12.5523  -12.5015   -5.4130   -5.0127   -4.9128   -4.5961   -3.6038   -3.5205   -3.2605   -2.7594   -2.4523   -2.3023   -2.2513   -2.0720   -1.9234   -1.7393   -1.5780   -1.4011   -1.3259   -1.3050   -1.1447   -1.0048   -0.9813   -0.8637   -0.6845   -0.4528    2.3868    3.8548    3.9083    4.1086    4.4633    4.5765    5.0633    5.2935    5.7191    5.7903    6.0861    6.2984    6.3745    6.4098    6.9130    7.0456    7.0878    7.4187    7.5488    7.6006    7.7526    7.8090    7.8347    7.9057    8.2077    8.4167    8.4487    8.5869    8.9432    9.0494    9.1448    9.3443
  0.6590  -42.4610  -42.4491  -42.4439  -42.4395  -25.9768  -25.9759  -25.8232  -25.8203  -25.7884  -25.7879  -25.7652  -25.7574  -25.7351  -25.7319  -25.6712  -25.6698  -22.2185  -22.1907  -22.1871  -22.1666  -22.1391  -22.1221  -22.1007  -22.0660  -22.0359  -21.9879  -21.9842  -21.9538  -15.9652  -15.9389  -15.8797  -15.8168  -15.8012  -15.6691  -15.5279  -15.4816  -15.2297  -15.2141  -15.1023  -15.0699  -15.0648  -15.0355  -15.0266  -15.0163  -15.0140  -15.0112  -14.8466  -14.8452  -14.5077  -13.6584  -13.4220  -12.9879  -12.8882  -12.8272  -12.5625  -12.4962   -5.4876   -5.0080   -4.9907   -4.5443   -3.5697   -3.5399   -3.2334   -2.7466   -2.5886   -2.3816   -2.2509   -2.0687   -1.9269   -1.6286   -1.5669   -1.3736   -1.3085   -1.2944   -1.0987   -1.0332   -0.9229   -0.8615   -0.6461   -0.4079    2.1024    3.9533    3.9643    4.2872    4.4601    4.5893    5.0904    5.4176    5.7179    5.7559    6.0723    6.2283    6.3434    6.3448    6.7971    7.0396    7.0946    7.3728    7.4578    7.5693    7.6853    7.7831    7.8144    7.9182    8.1602    8.2829    8.3288    8.6974    9.0100    9.1262    9.2043    9.3731
  0.7197  -42.4624  -42.4500  -42.4422  -42.4389  -25.9769  -25.9758  -25.8235  -25.8200  -25.7884  -25.7878  -25.7660  -25.7569  -25.7354  -25.7316  -25.6713  -25.6697  -22.2150  -22.1969  -22.1854  -22.1674  -22.1427  -22.1272  -22.0981  -22.0755  -22.0324  -21.9835  -21.9834  -21.9441  -15.9728  -15.9411  -15.8765  -15.8092  -15.8028  -15.6505  -15.5329  -15.4766  -15.2313  -15.2125  -15.1016  -15.0715  -15.0661  -15.0387  -15.0272  -15.0170  -15.0134  -15.0108  -14.8487  -14.8463  -14.5860  -13.5977  -13.4690  -12.9662  -12.8705  -12.7776  -12.5720  -12.4919   -5.5554   -5.0579   -5.0228   -4.4830   -3.6261   -3.4581   -3.1746   -2.7155   -2.7137   -2.5348   -2.1972   -2.1173   -1.9341   -1.5698   -1.5293   -1.4075   -1.3132   -1.2218   -1.1684   -0.9614   -0.8554   -0.7592   -0.6141   -0.3795    1.8257    3.9704    3.9867    4.4622    4.5569    4.6674    5.0920    5.5034    5.7337    5.7557    6.0019    6.1320    6.2949    6.3276    6.6914    7.0123    7.0330    7.2953    7.3694    7.5970    7.6395    7.7975    7.8348    7.9589    8.1354    8.1376    8.2245    8.7654    9.0129    9.1685    9.2814    9.5076
  0.7804  -42.4635  -42.4506  -42.4408  -42.4385  -25.9769  -25.9757  -25.8236  -25.8198  -25.7885  -25.7878  -25.7666  -25.7564  -25.7356  -25.7314  -25.6714  -25.6696  -22.2186  -22.1935  -22.1843  -22.1638  -22.1461  -22.1384  -22.0954  -22.0804  -22.0314  -21.9828  -21.9801  -21.9359  -15.9784  -15.9428  -15.8736  -15.8150  -15.7917  -15.6354  -15.5368  -15.4721  -15.2325  -15.2110  -15.0996  -15.0778  -15.0640  -15.0412  -15.0293  -15.0176  -15.0127  -15.0104  -14.8505  -14.8472  -14.6443  -13.5573  -13.5036  -12.9437  -12.8563  -12.7402  -12.5801  -12.4889   -5.6106   -5.1090   -5.0427   -4.4276   -3.6592   -3.3566   -3.1357   -2.8045   -2.7037   -2.6682   -2.1824   -2.1436   -1.9439   -1.5967   -1.4507   -1.4319   -1.3110   -1.2084   -1.1859   -0.9266   -0.8481   -0.5903   -0.5468   -0.3594    1.5748    3.9480    3.9864    4.5900    4.7067    4.7972    5.0914    5.5612    5.6948    5.8201    5.9126    6.0347    6.2024    6.3391    6.6242    6.9033    6.9821    7.2152    7.3843    7.6240    7.6422    7.7980    7.8616    7.9943    7.9969    8.1145    8.1412    8.7928    9.0166    9.2731    9.3262    9.5430
  0.8411  -42.4642  -42.4510  -42.4398  -42.4384  -25.9769  -25.9757  -25.8237  -25.8197  -25.7885  -25.7877  -25.7670  -25.7562  -25.7357  -25.7313  -25.6714  -25.6696  -22.2237  -22.1849  -22.1823  -22.1587  -22.1527  -22.1494  -22.0934  -22.0825  -22.0314  -21.9824  -21.9781  -21.9305  -15.9819  -15.9439  -15.8717  -15.8185  -15.7846  -15.6256  -15.5393  -15.4688  -15.2332  -15.2099  -15.0965  -15.0835  -15.0634  -15.0428  -15.0314  -15.0178  -15.0123  -15.0101  -14.8517  -14.8477  -14.6801  -13.5349  -13.5248  -12.9265  -12.8469  -12.7171  -12.5855  -12.4870   -5.6469   -5.1409   -5.0581   -4.3903   -3.6715   -3.2379   -3.1306   -2.8662   -2.8469   -2.6248   -2.2402   -2.0943   -1.9596   -1.6254   -1.4583   -1.3990   -1.2933   -1.2311   -1.1721   -0.9022   -0.8432   -0.5756   -0.4167   -0.3044    1.3847    3.9264    3.9781    4.6587    4.8310    4.9282    5.1207    5.6086    5.6097    5.8625    5.8794    5.9548    6.0928    6.3549    6.5956    6.7928    6.9597    7.1551    7.4498    7.6486    7.6603    7.7868    7.8776    7.8793    8.0031    8.0780    8.1425    8.8357    9.0213    9.3117    9.4031    9.6502
  0.9018  -42.4644  -42.4512  -42.4394  -42.4385  -25.9769  -25.9756  -25.8238  -25.8197  -25.7885  -25.7877  -25.7671  -25.7561  -25.7358  -25.7312  -25.6715  -25.6696  -22.2256  -22.1853  -22.1704  -22.1657  -22.1554  -22.1520  -22.0926  -22.0831  -22.0315  -21.9822  -21.9775  -21.9286  -15.9831  -15.9443  -15.8710  -15.8197  -15.7821  -15.6222  -15.5402  -15.4675  -15.2334  -15.2095  -15.0944  -15.0864  -15.0634  -15.0433  -15.0323  -15.0179  -15.0121  -15.0101  -14.8521  -14.8479  -14.6921  -13.5319  -13.5277  -12.9200  -12.8436  -12.7094  -12.5875  -12.4864   -5.6596   -5.1517   -5.0637   -4.3773   -3.6737   -3.1530   -3.1356   -2.9672   -2.8559   -2.6044   -2.2651   -2.0694   -1.9719   -1.6366   -1.4704   -1.3807   -1.2800   -1.2426   -1.1691   -0.8928   -0.8415   -0.5706   -0.3989   -0.2493    1.3101    3.9182    3.9742    4.6801    4.8722    4.9851    5.1580    5.5500    5.6327    5.8507    5.8711    5.9876    6.0043    6.3618    6.5892    6.7510    6.9517    7.1326    7.5014    7.6319    7.6705    7.7851    7.8315    7.8790    7.9919    8.0714    8.1467    8.8547    9.0503    9.3435    9.4139    9.5421
  0.9018  -42.4644  -42.4512  -42.4394  -42.4385  -25.9769  -25.9756  -25.8238  -25.8197  -25.7885  -25.7877  -25.7671  -25.7561  -25.7358  -25.7312  -25.6715  -25.6696  -22.2256  -22.1853  -22.1704  -22.1657  -22.1554  -22.1520  -22.0926  -22.0831  -22.0315  -21.9822  -21.9775  -21.9286  -15.9831  -15.9443  -15.8710  -15.8197  -15.7821  -15.6222  -15.5402  -15.4675  -15.2334  -15.2095  -15.0944  -15.0864  -15.0634  -15.0433  -15.0323  -15.0179  -15.0121  -15.0101  -14.8521  -14.8479  -14.6921  -13.5319  -13.5277  -12.9200  -12.8436  -12.7094  -12.5875  -12.4864   -5.6596   -5.1517   -5.0637   -4.3773   -3.6737   -3.1530   -3.1356   -2.9672   -2.8559   -2.6044   -2.2651   -2.0694   -1.9719   -1.6366   -1.4704   -1.3807   -1.2800   -1.2426   -1.1691   -0.8928   -0.8415   -0.5706   -0.3989   -0.2493    1.3101    3.9182    3.9742    4.6801    4.8722    4.9851    5.1580    5.5500    5.6327    5.8507    5.8711    5.9877    6.0043    6.3618    6.5892    6.7504    6.9517    7.1324    7.5010    7.6322    7.6713    7.7853    7.8316    7.8790    7.9919    8.0718    8.1475    8.8597    9.0332    9.3317    9.4981    9.5469
  0.9580  -42.4644  -42.4512  -42.4394  -42.4385  -25.9769  -25.9757  -25.8238  -25.8196  -25.7885  -25.7877  -25.7671  -25.7560  -25.7357  -25.7312  -25.6714  -25.6696  -22.2256  -22.1855  -22.1703  -22.1657  -22.1554  -22.1520  -22.0926  -22.0831  -22.0315  -21.9823  -21.9774  -21.9286  -15.9820  -15.9441  -15.8712  -15.8207  -15.7817  -15.6255  -15.5401  -15.4639  -15.2332  -15.2096  -15.0946  -15.0865  -15.0632  -15.0432  -15.0322  -15.0181  -15.0121  -15.0101  -14.8519  -14.8484  -14.6862  -13.5364  -13.5277  -12.9187  -12.8473  -12.7119  -12.5897  -12.4856   -5.6589   -5.1590   -5.0512   -4.3861   -3.6691   -3.1604   -3.1581   -2.9471   -2.8234   -2.5970   -2.2616   -2.0917   -1.9579   -1.6390   -1.4507   -1.3796   -1.2757   -1.2399   -1.1655   -0.8999   -0.8447   -0.5745   -0.4442   -0.2701    1.3772    3.9157    3.9655    4.6801    4.8855    4.9892    5.1065    5.5875    5.6168    5.8382    5.8577    5.9374    6.0744    6.3633    6.5675    6.7348    6.9527    7.1182    7.4874    7.6426    7.6577    7.7970    7.8383    7.8391    8.0013    8.0569    8.1761    8.8240    9.0340    9.3245    9.3565    9.6005
  1.0143  -42.4644  -42.4512  -42.4394  -42.4385  -25.9767  -25.9759  -25.8240  -25.8195  -25.7887  -25.7878  -25.7670  -25.7559  -25.7355  -25.7314  -25.6713  -25.6696  -22.2254  -22.1861  -22.1701  -22.1657  -22.1553  -22.1521  -22.0925  -22.0831  -22.0315  -21.9823  -21.9775  -21.9287  -15.9788  -15.9433  -15.8718  -15.8239  -15.7805  -15.6342  -15.5400  -15.4544  -15.2327  -15.2097  -15.0949  -15.0867  -15.0626  -15.0429  -15.0321  -15.0185  -15.0120  -15.0102  -14.8511  -14.8497  -14.6684  -13.5502  -13.5274  -12.9148  -12.8575  -12.7194  -12.5964  -12.4835   -5.6567   -5.1801   -5.0149   -4.4107   -3.6557   -3.2061   -3.1727   -2.9003   -2.7465   -2.5772   -2.2470   -2.1378   -1.9324   -1.6446   -1.4061   -1.3787   -1.2611   -1.2272   -1.1564   -0.9194   -0.8544   -0.5860   -0.5812   -0.3036    1.5526    3.9080    3.9412    4.6809    4.9177    4.9943    5.0003    5.5600    5.6648    5.7853    5.8729    5.8796    6.1583    6.3673    6.5162    6.6937    6.9532    7.0748    7.4391    7.5994    7.6557    7.7766    7.7927    7.9048    7.9953    8.0383    8.2270    8.7609    9.2746    9.3959    9.5360    9.7875
  1.0705  -42.4644  -42.4512  -42.4394  -42.4385  -25.9764  -25.9762  -25.8242  -25.8194  -25.7891  -25.7878  -25.7668  -25.7557  -25.7353  -25.7315  -25.6712  -25.6697  -22.2251  -22.1869  -22.1698  -22.1656  -22.1553  -22.1522  -22.0925  -22.0830  -22.0315  -21.9824  -21.9775  -21.9287  -15.9737  -15.9422  -15.8727  -15.8291  -15.7787  -15.6459  -15.5399  -15.4419  -15.2318  -15.2100  -15.0954  -15.0870  -15.0617  -15.0425  -15.0321  -15.0187  -15.0121  -15.0104  -14.8517  -14.8500  -14.6392  -13.5741  -13.5270  -12.9084  -12.8715  -12.7309  -12.6070  -12.4804   -5.6521   -5.2133   -4.9585   -4.4460   -3.6347   -3.2576   -3.1777   -2.8465   -2.6504   -2.5532   -2.2094   -2.1868   -1.9080   -1.6533   -1.3853   -1.3702   -1.2218   -1.1981   -1.1510   -0.9442   -0.8713   -0.7668   -0.6043   -0.3375    1.7904    3.8944    3.9070    4.6849    4.8211    5.0060    5.0142    5.4531    5.7436    5.7453    5.7929    5.9185    6.2247    6.3715    6.4660    6.6439    6.9464    7.0021    7.3580    7.5199    7.6725    7.7340    7.7727    7.9738    8.0105    8.0306    8.2261    8.6662    9.0833    9.2931    9.5160    9.5980
  1.1267  -42.4644  -42.4512  -42.4394  -42.4385  -25.9767  -25.9760  -25.8246  -25.8192  -25.7894  -25.7879  -25.7666  -25.7555  -25.7350  -25.7317  -25.6710  -25.6698  -22.2247  -22.1880  -22.1694  -22.1656  -22.1552  -22.1523  -22.0924  -22.0830  -22.0315  -21.9825  -21.9774  -21.9287  -15.9667  -15.9407  -15.8739  -15.8360  -15.7764  -15.6582  -15.5397  -15.4290  -15.2306  -15.2103  -15.0961  -15.0873  -15.0607  -15.0419  -15.0324  -15.0187  -15.0123  -15.0106  -14.8542  -14.8486  -14.5995  -13.6084  -13.5266  -12.8998  -12.8859  -12.7453  -12.6208  -12.4771   -5.6440   -5.2560   -4.8880   -4.4858   -3.6082   -3.3046   -3.1704   -2.7960   -2.5484   -2.5371   -2.2283   -2.1377   -1.8922   -1.6634   -1.4171   -1.3591   -1.1738   -1.1603   -1.1462   -0.9583   -0.9402   -0.8916   -0.6281   -0.3760    2.0573    3.8712    3.8742    4.6546    4.6953    5.0201    5.0962    5.3146    5.6565    5.7585    5.8099    5.9746    6.2442    6.3729    6.4501    6.6082    6.8990    6.9334    7.2533    7.4486    7.6882    7.6949    7.7560    7.9477    8.0449    8.1390    8.2114    8.5781    9.0192    9.2441    9.3373    9.5752
  1.1829  -42.4644  -42.4512  -42.4394  -42.4385  -25.9771  -25.9756  -25.8249  -25.8190  -25.7899  -25.7880  -25.7664  -25.7553  -25.7346  -25.7319  -25.6709  -25.6698  -22.2244  -22.1891  -22.1690  -22.1655  -22.1551  -22.1524  -22.0923  -22.0830  -22.0315  -21.9826  -21.9774  -21.9287  -15.9583  -15.9390  -15.8751  -15.8444  -15.7740  -15.6696  -15.5395  -15.4174  -15.2294  -15.2106  -15.0967  -15.0876  -15.0597  -15.0414  -15.0330  -15.0182  -15.0127  -15.0108  -14.8568  -14.8471  -14.5515  -13.6523  -13.5261  -12.8978  -12.8894  -12.7616  -12.6366  -12.4740   -5.6312   -5.3049   -4.8118   -4.5238   -3.5785   -3.3451   -3.1492   -2.7511   -2.5345   -2.4499   -2.2555   -2.0339   -1.8961   -1.6663   -1.5099   -1.3590   -1.2244   -1.1086   -1.0669   -1.0582   -0.9482   -0.9117   -0.6553   -0.4201    2.3329    3.8428    3.8454    4.4810    4.7146    4.9873    5.1919    5.2076    5.5237    5.7630    5.8619    6.0421    6.2213    6.3673    6.4541    6.6103    6.7986    6.8954    7.1443    7.3837    7.6497    7.6823    7.7572    7.9204    8.0497    8.1663    8.2360    8.5115    8.9872    9.1929    9.4490    9.5231
  1.2391  -42.4644  -42.4512  -42.4394  -42.4385  -25.9775  -25.9753  -25.8252  -25.8188  -25.7902  -25.7881  -25.7662  -25.7551  -25.7343  -25.7321  -25.6707  -25.6699  -22.2240  -22.1902  -22.1686  -22.1654  -22.1550  -22.1525  -22.0922  -22.0829  -22.0315  -21.9827  -21.9774  -21.9288  -15.9490  -15.9374  -15.8763  -15.8537  -15.7716  -15.6794  -15.5393  -15.4082  -15.2282  -15.2109  -15.0973  -15.0879  -15.0588  -15.0409  -15.0337  -15.0176  -15.0132  -15.0110  -14.8593  -14.8457  -14.4993  -13.7024  -13.5256  -12.9055  -12.8774  -12.7788  -12.6527  -12.4714   -5.6128   -5.3565   -4.7407   -4.5543   -3.5484   -3.3791   -3.1148   -2.7109   -2.5426   -2.3656   -2.2625   -1.9262   -1.9179   -1.6555   -1.6543   -1.3613   -1.2603   -1.1354   -1.0586   -0.9921   -0.9712   -0.8856   -0.6831   -0.4681    2.6038    3.8035    3.8292    4.3136    4.7392    4.8829    5.1405    5.3300    5.3789    5.7807    5.9000    6.1133    6.1894    6.3533    6.4479    6.6485    6.7075    6.8493    7.0446    7.3061    7.6056    7.6587    7.7723    7.9023    8.0436    8.1455    8.2694    8.4969    8.9892    9.0773    9.3788    9.5186
  1.2953  -42.4644  -42.4512  -42.4394  -42.4385  -25.9778  -25.9750  -25.8255  -25.8187  -25.7905  -25.7881  -25.7660  -25.7549  -25.7340  -25.7322  -25.6706  -25.6700  -22.2237  -22.1910  -22.1683  -22.1654  -22.1549  -22.1527  -22.0921  -22.0829  -22.0315  -21.9828  -21.9774  -21.9288  -15.9397  -15.9359  -15.8776  -15.8627  -15.7697  -15.6867  -15.5392  -15.4015  -15.2273  -15.2112  -15.0978  -15.0881  -15.0581  -15.0405  -15.0344  -15.0169  -15.0138  -15.0111  -14.8613  -14.8445  -14.4494  -13.7515  -13.5252  -12.9093  -12.8641  -12.7961  -12.6667  -12.4695   -5.5887   -5.4074   -4.6881   -4.5708   -3.5203   -3.4073   -3.0717   -2.6748   -2.5576   -2.3126   -2.2397   -1.9736   -1.8877   -1.7115   -1.6335   -1.3638   -1.3027   -1.1835   -1.0167   -1.0078   -0.9324   -0.8412   -0.7078   -0.5161    2.8577    3.7382    3.8325    4.1714    4.7017    4.8316    5.1229    5.2409    5.4495    5.8036    5.9194    6.1622    6.1817    6.3390    6.4388    6.6333    6.6977    6.8057    6.9610    7.2106    7.5837    7.6387    7.7846    7.8905    8.0213    8.1700    8.2381    8.5622    9.0015    9.0920    9.4312    9.6795
  1.3515  -42.4644  -42.4512  -42.4394  -42.4385  -25.9780  -25.9748  -25.8256  -25.8186  -25.7907  -25.7882  -25.7659  -25.7548  -25.7339  -25.7323  -25.6705  -25.6700  -22.2236  -22.1916  -22.1681  -22.1654  -22.1549  -22.1528  -22.0920  -22.0829  -22.0315  -21.9829  -21.9774  -21.9288  -15.9350  -15.9320  -15.8792  -15.8695  -15.7684  -15.6913  -15.5391  -15.3976  -15.2266  -15.2113  -15.0981  -15.0882  -15.0577  -15.0403  -15.0349  -15.0162  -15.0143  -15.0112  -14.8626  -14.8438  -14.4117  -13.7893  -13.5250  -12.9105  -12.8505  -12.8122  -12.6765  -12.4683   -5.5607   -5.4526   -4.6642   -4.5698   -3.4964   -3.4302   -3.0321   -2.6438   -2.5765   -2.2905   -2.1991   -2.0212   -1.9812   -1.6151   -1.6048   -1.3814   -1.3658   -1.1959   -1.0388   -0.9895   -0.8931   -0.8014   -0.7256   -0.5566    3.0735    3.6428    3.8457    4.0798    4.6069    4.8878    5.0736    5.1562    5.5443    5.8229    5.9183    6.1442    6.2327    6.3440    6.4323    6.5717    6.7438    6.7743    6.8969    7.1271    7.5730    7.6263    7.7912    7.8882    7.9982    8.1916    8.2102    8.6828    8.9664    9.0393    9.3934    9.6047
  1.4077  -42.4644  -42.4512  -42.4394  -42.4385  -25.9781  -25.9747  -25.8257  -25.8186  -25.7908  -25.7882  -25.7659  -25.7548  -25.7338  -25.7324  -25.6705  -25.6701  -22.2235  -22.1918  -22.1680  -22.1654  -22.1548  -22.1528  -22.0920  -22.0828  -22.0315  -21.9829  -21.9774  -21.9288  -15.9346  -15.9288  -15.8803  -15.8718  -15.7679  -15.6929  -15.5391  -15.3963  -15.2264  -15.2114  -15.0982  -15.0882  -15.0575  -15.0402  -15.0351  -15.0159  -15.0146  -15.0113  -14.8631  -14.8436  -14.3973  -13.8037  -13.5249  -12.9107  -12.8417  -12.8219  -12.6800  -12.4679   -5.5427   -5.4766   -4.6596   -4.5655   -3.4844   -3.4417   -3.0153   -2.6268   -2.5896   -2.2834   -2.1783   -2.0443   -2.0229   -1.6078   -1.4870   -1.4853   -1.3665   -1.1957   -1.0515   -0.9802   -0.8790   -0.7840   -0.7324   -0.5740    3.1787    3.5772    3.8533    4.0500    4.5679    4.9633    4.9856    5.1443    5.5827    5.8304    5.9125    6.1379    6.2484    6.3602    6.4300    6.5400    6.7638    6.7685    6.8665    7.0940    7.5705    7.6222    7.7932    7.8873    7.9921    8.1852    8.1928    8.6643    8.9708    9.1295    9.4366    9.5964
  1.4077  -42.4509  -42.4507  -42.4460  -42.4458  -25.9767  -25.9764  -25.8225  -25.8224  -25.7897  -25.7895  -25.7602  -25.7601  -25.7329  -25.7328  -25.6704  -25.6704  -22.1660  -22.1659  -22.1651  -22.1651  -22.1230  -22.1228  -22.1153  -22.1151  -22.0315  -22.0313  -21.9788  -21.9787  -15.9303  -15.9301  -15.8180  -15.8175  -15.8107  -15.8102  -15.4836  -15.4832  -15.1725  -15.1724  -15.1191  -15.1191  -15.0704  -15.0703  -15.0257  -15.0256  -15.0162  -15.0161  -14.8437  -14.8437  -13.9118  -13.9118  -13.2996  -13.2994  -12.9214  -12.9212  -12.6219  -12.6218   -5.0950   -5.0948   -5.0503   -5.0502   -3.2904   -3.2899   -2.8923   -2.8920   -2.4456   -2.4451   -1.9357   -1.9353   -1.8367   -1.8362   -1.3966   -1.3960   -1.2380   -1.2378   -1.0300   -1.0298   -0.9372   -0.9370   -0.7465   -0.7462    3.8203    3.8207    3.8687    3.8689    4.8446    4.8451    4.8534    4.8537    5.1330    5.1332    5.6703    5.6707    5.7465    5.7467    6.3814    6.3816    7.1908    7.1911    7.3576    7.3579    7.7987    7.7991    7.9531    7.9537    8.3480    8.3507    8.6503    8.6555    8.9441    9.0114    9.3683    9.4029
  1.4614  -42.4513  -42.4507  -42.4460  -42.4455  -25.9767  -25.9764  -25.8225  -25.8224  -25.7897  -25.7895  -25.7603  -25.7601  -25.7329  -25.7328  -25.6704  -25.6704  -22.1750  -22.1663  -22.1652  -22.1560  -22.1273  -22.1226  -22.1154  -22.1103  -22.0323  -22.0317  -21.9784  -21.9780  -15.9304  -15.9303  -15.8243  -15.8199  -15.8089  -15.8024  -15.4838  -15.4832  -15.1750  -15.1728  -15.1192  -15.1167  -15.0706  -15.0699  -15.0258  -15.0255  -15.0162  -15.0159  -14.8437  -14.8437  -13.9234  -13.9113  -13.3018  -13.2904  -12.9215  -12.9179  -12.6213  -12.6188   -5.1195   -5.1112   -5.0302   -5.0276   -3.2968   -3.2934   -2.8979   -2.8857   -2.4594   -2.4343   -1.9888   -1.9375   -1.8308   -1.7872   -1.4149   -1.3953   -1.2513   -1.2470   -1.0383   -1.0193   -0.9223   -0.9184   -0.7452   -0.7379    3.8003    3.8127    3.8785    3.8806    4.7582    4.7633    4.9103    4.9662    5.1358    5.1499    5.6278    5.6979    5.7394    5.7689    6.3734    6.4349    7.1655    7.1992    7.3494    7.3589    7.7689    7.7880    7.9550    7.9738    8.3270    8.3461    8.6400    8.6637    8.8425    8.9403    9.3387    9.4464
  1.5152  -42.4523  -42.4508  -42.4457  -42.4446  -25.9767  -25.9764  -25.8226  -25.8223  -25.7897  -25.7895  -25.7604  -25.7600  -25.7330  -25.7328  -25.6704  -25.6703  -22.1838  -22.1674  -22.1656  -22.1473  -22.1336  -22.1222  -22.1157  -22.1026  -22.0351  -22.0321  -21.9773  -21.9757  -15.9309  -15.9307  -15.8321  -15.8241  -15.8060  -15.7902  -15.4855  -15.4822  -15.1814  -15.1737  -15.1195  -15.1109  -15.0711  -15.0685  -15.0260  -15.0250  -15.0163  -15.0155  -14.8438  -14.8437  -13.9564  -13.9094  -13.3078  -13.2652  -12.9217  -12.9084  -12.6197  -12.6100   -5.1615   -5.1347   -4.9993   -4.9876   -3.3180   -3.3015   -2.9138   -2.8679   -2.4982   -2.4015   -2.0708   -1.9419   -1.8176   -1.7186   -1.4623   -1.3905   -1.2819   -1.2734   -1.0419   -0.9971   -0.8893   -0.8839   -0.7386   -0.7150    3.7413    3.7942    3.9010    3.9159    4.6888    4.7022    4.8997    5.0914    5.1464    5.2348    5.5233    5.7118    5.7435    5.8616    6.3542    6.5621    7.0998    7.2223    7.3258    7.3504    7.7088    7.7699    7.9606    8.0178    8.2804    8.3820    8.6046    8.6749    8.7885    8.9577    9.2889    9.4753
  1.5689  -42.4535  -42.4509  -42.4454  -42.4437  -25.9767  -25.9764  -25.8226  -25.8221  -25.7897  -25.7894  -25.7607  -25.7597  -25.7331  -25.7327  -25.6705  -25.6703  -22.1915  -22.1693  -22.1662  -22.1419  -22.1382  -22.1217  -22.1153  -22.0940  -22.0393  -22.0323  -21.9758  -21.9723  -15.9319  -15.9314  -15.8388  -15.8289  -15.8031  -15.7765  -15.4881  -15.4807  -15.1895  -15.1751  -15.1199  -15.1037  -15.0720  -15.0663  -15.0264  -15.0243  -15.0164  -15.0149  -14.8440  -14.8438  -14.0070  -13.9057  -13.3160  -13.2277  -12.9213  -12.8943  -12.6176  -12.5966   -5.2092   -5.1547   -4.9702   -4.9405   -3.3554   -3.3132   -2.9343   -2.8426   -2.5546   -2.3501   -2.1470   -1.9474   -1.8037   -1.6702   -1.5199   -1.3761   -1.3160   -1.3081   -1.0327   -0.9792   -0.8668   -0.8400   -0.7198   -0.6842    3.6430    3.7732    3.9324    3.9739    4.6321    4.6644    4.8883    5.1246    5.2299    5.3596    5.4211    5.6921    5.7738    5.9849    6.3419    6.7141    7.0084    7.2418    7.2978    7.3172    7.6354    7.7554    7.9431    8.0406    8.2221    8.3578    8.4883    8.6579    8.7644    8.9056    9.2794    9.5628
  1.6226  -42.4549  -42.4510  -42.4449  -42.4427  -25.9767  -25.9764  -25.8228  -25.8219  -25.7896  -25.7893  -25.7612  -25.7594  -25.7333  -25.7326  -25.6705  -25.6702  -22.1980  -22.1722  -22.1670  -22.1463  -22.1357  -22.1211  -22.1136  -22.0849  -22.0445  -22.0317  -21.9742  -21.9684  -15.9332  -15.9327  -15.8445  -15.8336  -15.8004  -15.7616  -15.4917  -15.4788  -15.1979  -15.1772  -15.1201  -15.0965  -15.0731  -15.0631  -15.0268  -15.0233  -15.0165  -15.0141  -14.8442  -14.8439  -14.0706  -13.8991  -13.3249  -13.1827  -12.9196  -12.8777  -12.6154  -12.5800   -5.2607   -5.1698   -4.9449   -4.8880   -3.4101   -3.3282   -2.9530   -2.8104   -2.6201   -2.3023   -2.1916   -1.9537   -1.7988   -1.6692   -1.5548   -1.3539   -1.3427   -1.3342   -1.0224   -0.9764   -0.8558   -0.7969   -0.6863   -0.6532    3.5095    3.7589    3.9703    4.0523    4.5663    4.6536    4.9278    5.0710    5.3032    5.3914    5.5050    5.6664    5.8244    6.0780    6.3733    6.8365    6.9212    7.2102    7.2430    7.3324    7.5806    7.7614    7.9162    8.0544    8.1841    8.3809    8.3983    8.6822    8.7642    8.9452    9.3383    9.5544
  1.6763  -42.4562  -42.4511  -42.4444  -42.4418  -25.9767  -25.9763  -25.8229  -25.8216  -25.7896  -25.7891  -25.7617  -25.7590  -25.7336  -25.7324  -25.6706  -25.6702  -22.2032  -22.1762  -22.1678  -22.1513  -22.1353  -22.1201  -22.1106  -22.0761  -22.0498  -22.0299  -21.9729  -21.9640  -15.9352  -15.9343  -15.8497  -15.8372  -15.7978  -15.7459  -15.4960  -15.4768  -15.2058  -15.1798  -15.1201  -15.0902  -15.0743  -15.0591  -15.0272  -15.0222  -15.0166  -15.0133  -14.8446  -14.8441  -14.1430  -13.8887  -13.3333  -13.1341  -12.9159  -12.8600  -12.6135  -12.5620   -5.3147   -5.1800   -4.9247   -4.8310   -3.4785   -3.3477   -2.9682   -2.7706   -2.6860   -2.3156   -2.1482   -1.9636   -1.8173   -1.7030   -1.5599   -1.3799   -1.3486   -1.2995   -1.0281   -0.9848   -0.8520   -0.7560   -0.6569   -0.6160    3.3471    3.7592    4.0117    4.1465    4.5039    4.6595    4.9721    5.0041    5.3419    5.4368    5.6387    5.6493    5.9022    6.1107    6.4712    6.7796    6.9443    7.1504    7.1860    7.3913    7.5522    7.7715    7.8833    8.0603    8.1567    8.2977    8.4493    8.5876    8.8767    9.1291    9.3926    9.5594
  1.7300  -42.4576  -42.4512  -42.4438  -42.4409  -25.9767  -25.9762  -25.8230  -25.8213  -25.7895  -25.7890  -25.7623  -25.7586  -25.7339  -25.7323  -25.6707  -25.6701  -22.2068  -22.1811  -22.1687  -22.1556  -22.1367  -22.1194  -22.1071  -22.0693  -22.0537  -22.0265  -21.9719  -21.9596  -15.9384  -15.9358  -15.8547  -15.8391  -15.7954  -15.7295  -15.5008  -15.4749  -15.2129  -15.1829  -15.1197  -15.0849  -15.0756  -15.0546  -15.0276  -15.0209  -15.0167  -15.0126  -14.8451  -14.8443  -14.2207  -13.8737  -13.3409  -13.0855  -12.9099  -12.8424  -12.6119  -12.5441   -5.3695   -5.1856   -4.9114   -4.7703   -3.5525   -3.3716   -2.9862   -2.7437   -2.7227   -2.3440   -2.0669   -1.9828   -1.8650   -1.7256   -1.5608   -1.3981   -1.3462   -1.2516   -1.0598   -0.9939   -0.8513   -0.7175   -0.6520   -0.5645    3.1600    3.7787    4.0509    4.2487    4.4626    4.6597    4.8828    5.0901    5.4005    5.4730    5.6510    5.7534    6.0045    6.1147    6.5893    6.6876    6.9064    7.0999    7.1697    7.4581    7.5556    7.7705    7.8502    8.0554    8.1310    8.2303    8.4703    8.5672    8.8488    9.1981    9.2441    9.6126
  1.7837  -42.4588  -42.4512  -42.4432  -42.4402  -25.9768  -25.9761  -25.8232  -25.8210  -25.7894  -25.7888  -25.7630  -25.7582  -25.7342  -25.7321  -25.6708  -25.6700  -22.2091  -22.1866  -22.1700  -22.1590  -22.1387  -22.1195  -22.1039  -22.0687  -22.0525  -22.0215  -21.9713  -21.9550  -15.9428  -15.9374  -15.8595  -15.8391  -15.7931  -15.7130  -15.5059  -15.4732  -15.2189  -15.1864  -15.1187  -15.0807  -15.0766  -15.0503  -15.0277  -15.0195  -15.0169  -15.0119  -14.8457  -14.8447  -14.3004  -13.8533  -13.3480  -13.0401  -12.9017  -12.8254  -12.6103  -12.5277   -5.4233   -5.1870   -4.9067   -4.7072   -3.6212   -3.3969   -3.0184   -2.7784   -2.6759   -2.3521   -2.0389   -1.9725   -1.9187   -1.7446   -1.5545   -1.4011   -1.3307   -1.2157   -1.0989   -1.0062   -0.8526   -0.6856   -0.6636   -0.5095    2.9507    3.8165    4.0799    4.3460    4.4534    4.6379    4.8382    5.1673    5.4781    5.5141    5.6745    5.8339    6.1118    6.1174    6.5929    6.7021    6.8294    7.0885    7.1639    7.4961    7.5771    7.7717    7.8355    8.0189    8.1057    8.1823    8.5101    8.5916    8.8760    9.1341    9.3763    9.5522
  1.8374  -42.4600  -42.4512  -42.4426  -42.4396  -25.9768  -25.9760  -25.8233  -25.8207  -25.7893  -25.7886  -25.7637  -25.7578  -25.7345  -25.7319  -25.6709  -25.6699  -22.2103  -22.1919  -22.1719  -22.1610  -22.1407  -22.1208  -22.1012  -22.0723  -22.0478  -22.0152  -21.9712  -21.9505  -15.9484  -15.9390  -15.8635  -15.8375  -15.7909  -15.6965  -15.5112  -15.4718  -15.2238  -15.1901  -15.1171  -15.0791  -15.0757  -15.0467  -15.0274  -15.0182  -15.0170  -15.0114  -14.8466  -14.8452  -14.3790  -13.8271  -13.3556  -13.0009  -12.8916  -12.8087  -12.6082  -12.5139   -5.4743   -5.1848   -4.9121   -4.6438   -3.6753   -3.4182   -3.0683   -2.7912   -2.6300   -2.3424   -2.0962   -1.9767   -1.9182   -1.7572   -1.5362   -1.3879   -1.3049   -1.2096   -1.1156   -1.0193   -0.8565   -0.7068   -0.6422   -0.4564    2.7216    3.8642    4.0939    4.4182    4.4805    4.6130    4.8439    5.2350    5.5568    5.5643    5.7312    5.8724    6.1249    6.1929    6.5503    6.7443    6.7771    7.0985    7.1944    7.5090    7.5670    7.7577    7.8489    7.9665    8.0654    8.1595    8.5619    8.6462    8.8328    9.1171    9.4365    9.7660
  1.8911  -42.4611  -42.4513  -42.4419  -42.4391  -25.9768  -25.9759  -25.8234  -25.8204  -25.7891  -25.7884  -25.7644  -25.7574  -25.7348  -25.7318  -25.6711  -25.6699  -22.2112  -22.1960  -22.1744  -22.1618  -22.1427  -22.1238  -22.0990  -22.0761  -22.0432  -22.0082  -21.9715  -21.9460  -15.9550  -15.9404  -15.8666  -15.8348  -15.7889  -15.6806  -15.5165  -15.4707  -15.2275  -15.1939  -15.1148  -15.0800  -15.0729  -15.0443  -15.0267  -15.0176  -15.0165  -15.0110  -14.8476  -14.8457  -14.4536  -13.7951  -13.3650  -12.9702  -12.8803  -12.7917  -12.6053  -12.5030   -5.5210   -5.1801   -4.9281   -4.5824   -3.7083   -3.4287   -3.1258   -2.7901   -2.5842   -2.3406   -2.1669   -2.0240   -1.9299   -1.7241   -1.5227   -1.3609   -1.2863   -1.1972   -1.1159   -1.0267   -0.8616   -0.7528   -0.6105   -0.4072    2.4768    3.9066    4.0968    4.4529    4.5295    4.6254    4.8923    5.3002    5.5933    5.6398    5.8069    5.8860    6.1307    6.2257    6.5516    6.7130    6.8214    7.0902    7.2735    7.5130    7.5361    7.7315    7.8712    7.9240    8.0149    8.1783    8.6280    8.7116    8.7689    9.1916    9.4800    9.7248
  1.9448  -42.4621  -42.4512  -42.4413  -42.4388  -25.9769  -25.9759  -25.8235  -25.8202  -25.7890  -25.7882  -25.7651  -25.7570  -25.7351  -25.7316  -25.6712  -25.6698  -22.2132  -22.1971  -22.1769  -22.1616  -22.1446  -22.1286  -22.0971  -22.0790  -22.0395  -22.0015  -21.9721  -21.9416  -15.9619  -15.9417  -15.8686  -15.8314  -15.7871  -15.6656  -15.5218  -15.4698  -15.2302  -15.1976  -15.1118  -15.0810  -15.0702  -15.0432  -15.0260  -15.0178  -15.0153  -15.0107  -14.8486  -14.8462  -14.5215  -13.7578  -13.3780  -12.9487  -12.8690  -12.7736  -12.6015  -12.4954   -5.5620   -5.1738   -4.9531   -4.5256   -3.7190   -3.4224   -3.1781   -2.7826   -2.5449   -2.3726   -2.2474   -2.0608   -1.9617   -1.6631   -1.5289   -1.3330   -1.2856   -1.1553   -1.1135   -1.0167   -0.8641   -0.7994   -0.5809   -0.3632    2.2224    3.9297    4.0914    4.4683    4.6002    4.6741    4.9691    5.3640    5.6085    5.7087    5.8357    5.9343    6.1186    6.2410    6.5664    6.7110    6.8809    7.0945    7.3148    7.4979    7.5630    7.6827    7.8724    7.9159    7.9962    8.1460    8.6105    8.6895    8.8182    9.1834    9.3580    9.6959
  1.9985  -42.4629  -42.4512  -42.4408  -42.4385  -25.9769  -25.9758  -25.8236  -25.8200  -25.7888  -25.7881  -25.7658  -25.7567  -25.7353  -25.7315  -25.6713  -25.6697  -22.2166  -22.1950  -22.1792  -22.1607  -22.1464  -22.1350  -22.0956  -22.0809  -22.0365  -21.9954  -21.9731  -21.9375  -15.9686  -15.9427  -15.8699  -15.8279  -15.7855  -15.6519  -15.5269  -15.4691  -15.2320  -15.2012  -15.1082  -15.0821  -15.0678  -15.0428  -15.0260  -15.0181  -15.0143  -15.0105  -14.8497  -14.8468  -14.5805  -13.7158  -13.3960  -12.9352  -12.8593  -12.7549  -12.5973  -12.4905   -5.5965   -5.1671   -4.9834   -4.4756   -3.7122   -3.3960   -3.2135   -2.7729   -2.5566   -2.4248   -2.3117   -2.0945   -1.9712   -1.6030   -1.5469   -1.3189   -1.2827   -1.1595   -1.1165   -0.9498   -0.8621   -0.8191   -0.5535   -0.3254    1.9675    3.9346    4.0703    4.5037    4.6903    4.7313    5.0529    5.4256    5.5962    5.7575    5.8684    5.9761    6.0840    6.2755    6.5595    6.7511    6.9200    7.1247    7.2928    7.5200    7.6217    7.6386    7.8656    7.9379    8.0206    8.1062    8.5180    8.6810    8.9690    9.2899    9.3248    9.6717
  2.0522  -42.4635  -42.4512  -42.4403  -42.4384  -25.9769  -25.9757  -25.8237  -25.8199  -25.7887  -25.7879  -25.7663  -25.7564  -25.7355  -25.7314  -25.6713  -25.6696  -22.2202  -22.1909  -22.1808  -22.1595  -22.1485  -22.1423  -22.0943  -22.0820  -22.0343  -21.9904  -21.9742  -21.9339  -15.9745  -15.9434  -15.8706  -15.8246  -15.7841  -15.6400  -15.5318  -15.4685  -15.2330  -15.2045  -15.1041  -15.0832  -15.0659  -15.0429  -15.0272  -15.0181  -15.0133  -15.0103  -14.8507  -14.8472  -14.6283  -13.6704  -13.4201  -12.9273  -12.8520  -12.7372  -12.5933  -12.4879   -5.6239   -5.1609   -5.0141   -4.4343   -3.6970   -3.3497   -3.2209   -2.7677   -2.6518   -2.5021   -2.2930   -2.1298   -1.9629   -1.5893   -1.5282   -1.3302   -1.2792   -1.1752   -1.1495   -0.9021   -0.8582   -0.7506   -0.5257   -0.2945    1.7253    3.9315    4.0362    4.5609    4.7814    4.7932    5.1216    5.4868    5.5683    5.7957    5.9107    5.9897    6.0418    6.3143    6.5564    6.7786    6.9442    7.1520    7.2831    7.5753    7.6068    7.6956    7.8591    7.9532    8.0412    8.0561    8.3707    8.7143    9.0427    9.2682    9.5571    9.6932
  2.1059  -42.4640  -42.4512  -42.4398  -42.4384  -25.9769  -25.9757  -25.8237  -25.8198  -25.7886  -25.7878  -25.7667  -25.7562  -25.7356  -25.7313  -25.6714  -25.6696  -22.2231  -22.1866  -22.1805  -22.1580  -22.1522  -22.1485  -22.0934  -22.0827  -22.0327  -21.9864  -21.9754  -21.9311  -15.9792  -15.9439  -15.8709  -15.8220  -15.7830  -15.6306  -15.5360  -15.4680  -15.2334  -15.2071  -15.0998  -15.0844  -15.0645  -15.0431  -15.0293  -15.0180  -15.0127  -15.0102  -14.8515  -14.8476  -14.6635  -13.6231  -13.4507  -12.9229  -12.8472  -12.7225  -12.5901  -12.4868   -5.6436   -5.1560   -5.0402   -4.4032   -3.6832   -3.2874   -3.1940   -2.7910   -2.7726   -2.5703   -2.2569   -2.1387   -1.9566   -1.6108   -1.4837   -1.3654   -1.2787   -1.1942   -1.1731   -0.8960   -0.8502   -0.6431   -0.4869   -0.2711    1.5152    3.9262    4.0029    4.6202    4.8293    4.8850    5.1575    5.5419    5.5579    5.8277    5.9203    5.9901    6.0109    6.3416    6.5678    6.7739    6.9548    7.1478    7.3404    7.5950    7.6671    7.7339    7.8625    7.9399    7.9956    8.0753    8.2581    8.7714    9.1572    9.2526    9.4166    9.7372
  2.1597  -42.4643  -42.4512  -42.4395  -42.4384  -25.9769  -25.9757  -25.8238  -25.8197  -25.7885  -25.7877  -25.7670  -25.7561  -25.7357  -25.7312  -25.6715  -25.6696  -22.2250  -22.1853  -22.1757  -22.1598  -22.1561  -22.1510  -22.0928  -22.0830  -22.0318  -21.9835  -21.9767  -21.9292  -15.9821  -15.9442  -15.8710  -15.8203  -15.7823  -15.6244  -15.5390  -15.4676  -15.2335  -15.2089  -15.0961  -15.0857  -15.0637  -15.0433  -15.0314  -15.0180  -15.0122  -15.0101  -14.8520  -14.8478  -14.6849  -13.5756  -13.4877  -12.9207  -12.8444  -12.7128  -12.5881  -12.4865   -5.6556   -5.1528   -5.0576   -4.3839   -3.6757   -3.2127   -3.1480   -2.9060   -2.8252   -2.5994   -2.2585   -2.0988   -1.9623   -1.6292   -1.4658   -1.3853   -1.2798   -1.2267   -1.1712   -0.8937   -0.8438   -0.5845   -0.4291   -0.2553    1.3656    3.9208    3.9812    4.6640    4.8608    4.9568    5.1619    5.5472    5.6073    5.8481    5.8885    5.9885    6.0045    6.3570    6.5827    6.7584    6.9536    7.1367    7.4406    7.6142    7.6903    7.7761    7.8611    7.8813    7.9939    8.0710    8.1770    8.8321    9.0413    9.2822    9.3522    9.6220
  2.2134  -42.4644  -42.4512  -42.4394  -42.4385  -25.9769  -25.9756  -25.8238  -25.8197  -25.7885  -25.7877  -25.7671  -25.7561  -25.7358  -25.7312  -25.6715  -25.6696  -22.2256  -22.1853  -22.1704  -22.1657  -22.1554  -22.1520  -22.0926  -22.0831  -22.0315  -21.9822  -21.9775  -21.9286  -15.9831  -15.9443  -15.8710  -15.8197  -15.7821  -15.6222  -15.5402  -15.4675  -15.2334  -15.2095  -15.0944  -15.0864  -15.0634  -15.0433  -15.0323  -15.0179  -15.0121  -15.0101  -14.8521  -14.8479  -14.6921  -13.5319  -13.5277  -12.9200  -12.8436  -12.7094  -12.5875  -12.4864   -5.6596   -5.1517   -5.0637   -4.3773   -3.6737   -3.1530   -3.1356   -2.9672   -2.8559   -2.6044   -2.2651   -2.0694   -1.9719   -1.6366   -1.4704   -1.3807   -1.2800   -1.2426   -1.1691   -0.8928   -0.8415   -0.5706   -0.3989   -0.2493    1.3101    3.9182    3.9742    4.6801    4.8722    4.9851    5.1580    5.5500    5.6327    5.8507    5.8711    5.9879    6.0044    6.3618    6.5892    6.7503    6.9517    7.1324    7.5018    7.6324    7.6723    7.7869    7.8317    7.8803    7.9999    8.0784    8.1468    8.8774    9.0045    9.3338    9.4396    9.6612
  2.2134  -42.4644  -42.4512  -42.4394  -42.4385  -25.9769  -25.9756  -25.8238  -25.8197  -25.7885  -25.7877  -25.7671  -25.7561  -25.7358  -25.7312  -25.6715  -25.6696  -22.2256  -22.1853  -22.1704  -22.1657  -22.1554  -22.1520  -22.0926  -22.0831  -22.0315  -21.9822  -21.9775  -21.9286  -15.9831  -15.9443  -15.8710  -15.8197  -15.7821  -15.6222  -15.5402  -15.4675  -15.2334  -15.2095  -15.0944  -15.0864  -15.0634  -15.0433  -15.0323  -15.0179  -15.0121  -15.0101  -14.8521  -14.8479  -14.6921  -13.5319  -13.5277  -12.9200  -12.8436  -12.7094  -12.5875  -12.4864   -5.6596   -5.1517   -5.0637   -4.3773   -3.6737   -3.1530   -3.1356   -2.9672   -2.8559   -2.6044   -2.2651   -2.0694   -1.9719   -1.6366   -1.4704   -1.3807   -1.2800   -1.2426   -1.1691   -0.8928   -0.8415   -0.5706   -0.3989   -0.2493    1.3101    3.9182    3.9742    4.6801    4.8722    4.9851    5.1580    5.5500    5.6327    5.8507    5.8711    5.9879    6.0043    6.3618    6.5892    6.7504    6.9517    7.1324    7.5008    7.6320    7.6698    7.7854    7.8315    7.8789    7.9919    8.0710    8.1435    8.8554    9.1339    9.3137    9.3291    9.6312
  2.2709  -42.4643  -42.4511  -42.4396  -42.4384  -25.9769  -25.9757  -25.8238  -25.8197  -25.7885  -25.7877  -25.7670  -25.7561  -25.7357  -25.7312  -25.6715  -25.6696  -22.2247  -22.1852  -22.1778  -22.1577  -22.1572  -22.1506  -22.0930  -22.0829  -22.0314  -21.9823  -21.9777  -21.9295  -15.9821  -15.9443  -15.8708  -15.8200  -15.7829  -15.6239  -15.5398  -15.4679  -15.2334  -15.2098  -15.0954  -15.0852  -15.0636  -15.0430  -15.0317  -15.0178  -15.0122  -15.0101  -14.8519  -14.8478  -14.6842  -13.5321  -13.5308  -12.9217  -12.8438  -12.7133  -12.5896  -12.4862   -5.6559   -5.1528   -5.0568   -4.3851   -3.6727   -3.2307   -3.1568   -2.8883   -2.8120   -2.6016   -2.2517   -2.1177   -1.9604   -1.6280   -1.4449   -1.3889   -1.2736   -1.2287   -1.1720   -0.8975   -0.8417   -0.5745   -0.4474   -0.2573    1.3767    3.9280    3.9780    4.6573    4.8526    4.9574    5.1476    5.5541    5.5927    5.8559    5.8824    5.9855    6.0006    6.3561    6.5833    6.7578    6.9525    7.1355    7.4393    7.6548    7.6565    7.7930    7.8550    7.8968    7.9779    8.0608    8.1739    8.8395    9.1057    9.2961    9.5124    9.6756
  2.3283  -42.4640  -42.4509  -42.4401  -42.4384  -25.9769  -25.9757  -25.8238  -25.8197  -25.7886  -25.7878  -25.7668  -25.7561  -25.7357  -25.7312  -25.6714  -25.6696  -22.2221  -22.1863  -22.1849  -22.1604  -22.1485  -22.1478  -22.0940  -22.0821  -22.0313  -21.9825  -21.9786  -21.9319  -15.9790  -15.9443  -15.8700  -15.8211  -15.7851  -15.6288  -15.5388  -15.4689  -15.2332  -15.2106  -15.0973  -15.0826  -15.0642  -15.0421  -15.0304  -15.0175  -15.0124  -15.0104  -14.8513  -14.8475  -14.6606  -13.5449  -13.5276  -12.9269  -12.8445  -12.7246  -12.5958  -12.4858   -5.6450   -5.1557   -5.0376   -4.4082   -3.6694   -3.3528   -3.1905   -2.7672   -2.7140   -2.5865   -2.2145   -2.2072   -1.9600   -1.6081   -1.4133   -1.3875   -1.2553   -1.1809   -1.1799   -0.9144   -0.8422   -0.5862   -0.5711   -0.2777    1.5539    3.9563    3.9888    4.5868    4.7985    4.8857    5.1198    5.5053    5.5577    5.8732    5.8796    5.9558    6.0153    6.3351    6.5721    6.7722    6.9484    7.1425    7.3668    7.6223    7.6808    7.7771    7.7858    7.9454    8.0482    8.0702    8.2195    8.7950    9.0135    9.1623    9.3020    9.6272
  2.3858  -42.4635  -42.4506  -42.4408  -42.4385  -25.9769  -25.9757  -25.8238  -25.8198  -25.7887  -25.7879  -25.7664  -25.7563  -25.7355  -25.7313  -25.6714  -25.6696  -22.2183  -22.1931  -22.1847  -22.1640  -22.1464  -22.1383  -22.0956  -22.0806  -22.0313  -21.9829  -21.9801  -21.9359  -15.9742  -15.9441  -15.8686  -15.8227  -15.7887  -15.6368  -15.5371  -15.4705  -15.2329  -15.2115  -15.0993  -15.0793  -15.0656  -15.0408  -15.0288  -15.0170  -15.0127  -15.0107  -14.8502  -14.8470  -14.6221  -13.5655  -13.5222  -12.9364  -12.8455  -12.7417  -12.6051  -12.4863   -5.6270   -5.1604   -5.0105   -4.4449   -3.6627   -3.4672   -3.2064   -2.6770   -2.6095   -2.5343   -2.2885   -2.1600   -1.9743   -1.5830   -1.4530   -1.3327   -1.2265   -1.1920   -1.0940   -0.9552   -0.8444   -0.7163   -0.6057   -0.3080    1.7998    3.9999    4.0043    4.4713    4.7228    4.7892    5.0748    5.4087    5.5495    5.8321    5.9026    5.9056    6.0394    6.2931    6.5629    6.7824    6.9190    7.1501    7.3469    7.5899    7.6932    7.7175    7.7577    7.9220    8.0505    8.2623    8.2631    8.7531    8.9842    9.1764    9.2997    9.6596
  2.4433  -42.4628  -42.4502  -42.4417  -42.4387  -25.9769  -25.9758  -25.8238  -25.8199  -25.7888  -25.7881  -25.7659  -25.7564  -25.7353  -25.7313  -25.6713  -25.6697  -22.2149  -22.1967  -22.1849  -22.1672  -22.1443  -22.1303  -22.0974  -22.0778  -22.0318  -21.9833  -21.9822  -21.9410  -15.9678  -15.9437  -15.8666  -15.8248  -15.7935  -15.6474  -15.5347  -15.4724  -15.2323  -15.2123  -15.1011  -15.0758  -15.0678  -15.0390  -15.0278  -15.0163  -15.0131  -15.0112  -14.8488  -14.8463  -14.5698  -13.5926  -13.5148  -12.9516  -12.8467  -12.7624  -12.6160  -12.4889   -5.6019   -5.1661   -4.9822   -4.4932   -3.6500   -3.5612   -3.1962   -2.6356   -2.5609   -2.4374   -2.3084   -2.0948   -1.9872   -1.5540   -1.5058   -1.2890   -1.2099   -1.1889   -1.0463   -0.9858   -0.8549   -0.8128   -0.6327   -0.3474    2.0814    4.0142    4.0545    4.3317    4.6404    4.6809    5.0025    5.3238    5.5334    5.7331    5.8559    5.9345    6.0609    6.2360    6.5538    6.7846    6.8381    7.1597    7.3801    7.5515    7.6569    7.7090    7.7751    7.9197    8.0616    8.3118    8.4608    8.7014    8.8753    9.1421    9.2735    9.7086
  2.5008  -42.4620  -42.4497  -42.4427  -42.4391  -25.9769  -25.9759  -25.8238  -25.8201  -25.7890  -25.7883  -25.7652  -25.7566  -25.7351  -25.7314  -25.6712  -25.6698  -22.2148  -22.1940  -22.1865  -22.1692  -22.1420  -22.1248  -22.0994  -22.0730  -22.0331  -21.9849  -21.9839  -21.9471  -15.9605  -15.9430  -15.8637  -15.8271  -15.7993  -15.6602  -15.5315  -15.4745  -15.2315  -15.2129  -15.1024  -15.0721  -15.0708  -15.0370  -15.0275  -15.0159  -15.0134  -15.0118  -14.8473  -14.8455  -14.5057  -13.6250  -13.5053  -12.9742  -12.8481  -12.7838  -12.6271  -12.4945   -5.5699   -5.1718   -4.9607   -4.5517   -3.6282   -3.6261   -3.1611   -2.6129   -2.5970   -2.3352   -2.2586   -2.0251   -1.9740   -1.5676   -1.5208   -1.2562   -1.2495   -1.1540   -1.1455   -0.8819   -0.8803   -0.8422   -0.6672   -0.3940    2.3767    3.9856    4.1158    4.2107    4.5636    4.5803    4.8921    5.2586    5.5219    5.6037    5.8014    5.9439    6.0828    6.1900    6.5464    6.7139    6.7868    7.1747    7.4328    7.5075    7.5974    7.7409    7.8095    7.9468    8.0862    8.3998    8.5946    8.7086    8.7666    9.1238    9.1720    9.7896
  2.5583  -42.4610  -42.4491  -42.4439  -42.4395  -25.9769  -25.9760  -25.8237  -25.8203  -25.7891  -25.7885  -25.7645  -25.7569  -25.7348  -25.7315  -25.6711  -25.6698  -22.2173  -22.1899  -22.1861  -22.1690  -22.1396  -22.1223  -22.1012  -22.0661  -22.0358  -21.9878  -21.9845  -21.9537  -15.9528  -15.9420  -15.8599  -15.8290  -15.8057  -15.6749  -15.5276  -15.4767  -15.2304  -15.2133  -15.1033  -15.0744  -15.0683  -15.0349  -15.0279  -15.0161  -15.0136  -15.0124  -14.8457  -14.8446  -14.4324  -13.6617  -13.4934  -13.0060  -12.8494  -12.8029  -12.6366  -12.5037   -5.5308   -5.1762   -4.9526   -4.6196   -3.6569   -3.5964   -3.1058   -2.6549   -2.6003   -2.2465   -2.2259   -1.9565   -1.9099   -1.6372   -1.4828   -1.3570   -1.2101   -1.1976   -1.0996   -0.8991   -0.8598   -0.8013   -0.7078   -0.4455    2.6693    3.8858    4.1354    4.1802    4.4996    4.5236    4.7474    5.2119    5.4643    5.5190    5.7379    5.9029    6.1112    6.1826    6.5476    6.5841    6.7843    7.1887    7.4312    7.4804    7.5847    7.7590    7.8479    7.9812    8.1435    8.4621    8.5578    8.6972    8.8666    9.0493    9.2967    9.5791
  2.6158  -42.4598  -42.4484  -42.4452  -42.4401  -25.9769  -25.9761  -25.8236  -25.8206  -25.7893  -25.7887  -25.7638  -25.7572  -25.7345  -25.7317  -25.6710  -25.6699  -22.2198  -22.1945  -22.1757  -22.1671  -22.1371  -22.1227  -22.1028  -22.0573  -22.0405  -21.9907  -21.9852  -21.9605  -15.9455  -15.9405  -15.8554  -15.8297  -15.8125  -15.6910  -15.5230  -15.4791  -15.2290  -15.2136  -15.1037  -15.0783  -15.0643  -15.0328  -15.0290  -15.0169  -15.0137  -15.0130  -14.8442  -14.8437  -14.3525  -13.7019  -13.4786  -13.0475  -12.8504  -12.8181  -12.6432  -12.5166   -5.4845   -5.1776   -4.9601   -4.6964   -3.6543   -3.5573   -3.0359   -2.7020   -2.6017   -2.2250   -2.1783   -1.8920   -1.8113   -1.7256   -1.4388   -1.4295   -1.2183   -1.1707   -1.0553   -0.9085   -0.8829   -0.7717   -0.7366   -0.4992    2.9437    3.7624    4.0598    4.2451    4.4397    4.5356    4.6004    5.1722    5.3320    5.5181    5.6699    5.8214    6.1519    6.1821    6.5025    6.5619    6.7720    7.1912    7.3651    7.4717    7.6235    7.7674    7.8861    7.9938    8.1898    8.4960    8.5277    8.7268    8.9010    9.0921    9.4500    9.6662
  2.6733  -42.4586  -42.4476  -42.4465  -42.4408  -25.9769  -25.9762  -25.8235  -25.8209  -25.7894  -25.7889  -25.7630  -25.7576  -25.7342  -25.7318  -25.6709  -25.6700  -22.2215  -22.1997  -22.1641  -22.1640  -22.1345  -22.1250  -22.1041  -22.0476  -22.0474  -21.9934  -21.9858  -21.9673  -15.9394  -15.9387  -15.8510  -15.8277  -15.8193  -15.7083  -15.5179  -15.4817  -15.2272  -15.2140  -15.1036  -15.0825  -15.0601  -15.0307  -15.0306  -15.0179  -15.0140  -15.0136  -14.8428  -14.8427  -14.2693  -13.7452  -13.4597  -13.0973  -12.8509  -12.8291  -12.6457  -12.5328   -5.4307   -5.1744   -4.9808   -4.7809   -3.6261   -3.5175   -2.9576   -2.7260   -2.6192   -2.2323   -2.1381   -1.8544   -1.8111   -1.7112   -1.4367   -1.3875   -1.2363   -1.1350   -1.0172   -0.9144   -0.9099   -0.8184   -0.7292   -0.5526    3.1835    3.6575    3.9772    4.2968    4.3318    4.5440    4.5985    5.1007    5.2429    5.5110    5.6056    5.7093    6.1629    6.2113    6.5055    6.5860    6.7435    7.1773    7.2992    7.4691    7.6534    7.7759    7.9167    7.9856    8.1547    8.4281    8.5720    8.8069    8.8631    9.2107    9.2969    9.5916
  2.7308  -42.4572  -42.4480  -42.4468  -42.4415  -25.9768  -25.9763  -25.8233  -25.8213  -25.7895  -25.7891  -25.7622  -25.7581  -25.7339  -25.7321  -25.6708  -25.6701  -22.2221  -22.2049  -22.1602  -22.1526  -22.1320  -22.1282  -22.1049  -22.0568  -22.0374  -21.9958  -21.9864  -21.9738  -15.9367  -15.9348  -15.8479  -15.8258  -15.8211  -15.7262  -15.5125  -15.4846  -15.2252  -15.2146  -15.1030  -15.0867  -15.0559  -15.0331  -15.0286  -15.0190  -15.0144  -15.0141  -14.8419  -14.8417  -14.1858  -13.7917  -13.4355  -13.1527  -12.8509  -12.8367  -12.6436  -12.5515   -5.3695   -5.1655   -5.0103   -4.8701   -3.5843   -3.4854   -2.8795   -2.7174   -2.6484   -2.2335   -2.1396   -1.9659   -1.7394   -1.6270   -1.3978   -1.3288   -1.2515   -1.1114   -0.9939   -0.9513   -0.9091   -0.8723   -0.7405   -0.6040    3.3719    3.5867    3.9059    4.1542    4.3693    4.5925    4.6880    4.9818    5.2016    5.4971    5.5524    5.5655    6.1650    6.2970    6.5540    6.5996    6.7097    7.1496    7.2585    7.4534    7.6645    7.7869    7.9283    7.9489    8.0851    8.3648    8.5941    8.7508    8.9936    9.1968    9.2692    9.5449
  2.7883  -42.4557  -42.4495  -42.4459  -42.4423  -25.9768  -25.9764  -25.8231  -25.8217  -25.7896  -25.7893  -25.7614  -25.7587  -25.7335  -25.7323  -25.6707  -25.6702  -22.2216  -22.2097  -22.1558  -22.1438  -22.1304  -22.1296  -22.1041  -22.0678  -22.0274  -21.9987  -21.9868  -21.9796  -15.9346  -15.9320  -15.8459  -15.8317  -15.8101  -15.7444  -15.5070  -15.4880  -15.2230  -15.2156  -15.1018  -15.0907  -15.0517  -15.0361  -15.0266  -15.0202  -15.0148  -15.0146  -14.8412  -14.8410  -14.1049  -13.8423  -13.4046  -13.2105  -12.8503  -12.8418  -12.6367  -12.5715   -5.3011   -5.1502   -5.0443   -4.9604   -3.5408   -3.4674   -2.8160   -2.6812   -2.6656   -2.2213   -2.2066   -2.0532   -1.6473   -1.5646   -1.3412   -1.2658   -1.2550   -1.1163   -1.0062   -0.9951   -0.9060   -0.9044   -0.7567   -0.6522    3.4980    3.5540    3.8556    4.0042    4.4310    4.6984    4.7811    4.8660    5.1556    5.4020    5.4826    5.5137    6.2062    6.4105    6.5548    6.6047    6.7200    7.0965    7.2498    7.4181    7.6610    7.7923    7.8388    7.9171    8.1059    8.3150    8.5990    8.6183    9.0730    9.2032    9.3282    9.5013
  2.8458  -42.4542  -42.4511  -42.4450  -42.4432  -25.9767  -25.9765  -25.8228  -25.8221  -25.7896  -25.7894  -25.7607  -25.7593  -25.7332  -25.7326  -25.6706  -25.6704  -22.2200  -22.2139  -22.1511  -22.1428  -22.1286  -22.1277  -22.0999  -22.0797  -22.0180  -22.0032  -21.9867  -21.9837  -15.9327  -15.9310  -15.8438  -15.8368  -15.7960  -15.7625  -15.5016  -15.4920  -15.2208  -15.2170  -15.0999  -15.0943  -15.0475  -15.0395  -15.0248  -15.0216  -15.0151  -15.0149  -14.8407  -14.8406  -14.0292  -13.8980  -13.3661  -13.2673  -12.8492  -12.8453  -12.6251  -12.5913   -5.2262   -5.1283   -5.0828   -5.0454   -3.5039   -3.4653   -2.7730   -2.7121   -2.5721   -2.3255   -2.1937   -2.1071   -1.5634   -1.5264   -1.2922   -1.2261   -1.2083   -1.1640   -1.0512   -1.0418   -0.9069   -0.9038   -0.7557   -0.6960    3.5546    3.5607    3.8298    3.8923    4.5083    4.7139    4.8296    4.9283    5.0840    5.2378    5.4741    5.4885    6.2770    6.4570    6.5463    6.6344    6.7726    7.0004    7.2709    7.3679    7.6563    7.7204    7.8256    7.8893    8.1416    8.2694    8.5670    8.6096    9.1042    9.1828    9.3047    9.4738
  2.9032  -42.4527  -42.4526  -42.4442  -42.4440  -25.9767  -25.9765  -25.8225  -25.8224  -25.7896  -25.7894  -25.7600  -25.7599  -25.7329  -25.7328  -25.6705  -25.6705  -22.2174  -22.2174  -22.1465  -22.1464  -22.1271  -22.1270  -22.0912  -22.0910  -22.0098  -22.0097  -21.9860  -21.9859  -15.9314  -15.9313  -15.8410  -15.8406  -15.7802  -15.7796  -15.4967  -15.4964  -15.2187  -15.2187  -15.0974  -15.0973  -15.0434  -15.0433  -15.0231  -15.0230  -15.0151  -15.0150  -14.8405  -14.8404  -13.9602  -13.9600  -13.3201  -13.3198  -12.8478  -12.8474  -12.6098  -12.6096   -5.1473   -5.1472   -5.0987   -5.0987   -3.4783   -3.4778   -2.7413   -2.7410   -2.4541   -2.4535   -2.1537   -2.1535   -1.5207   -1.5204   -1.2362   -1.2361   -1.1867   -1.1866   -1.0750   -1.0746   -0.9043   -0.9040   -0.7330   -0.7324    3.5692    3.5695    3.8357    3.8362    4.6039    4.6040    4.9529    4.9537    5.0889    5.0893    5.4754    5.4757    6.3651    6.3653    6.6227    6.6229    6.8728    6.8733    7.3141    7.3143    7.6684    7.6687    7.8549    7.8553    8.1982    8.2014    8.5859    8.6454    9.0947    9.1750    9.2498    9.3541
  2.9032  -42.4585  -42.4581  -42.4387  -42.4382  -25.9766  -25.9764  -25.8223  -25.8222  -25.7900  -25.7898  -25.7600  -25.7598  -25.7330  -25.7329  -25.6704  -25.6704  -22.2012  -22.2009  -22.1764  -22.1761  -22.0987  -22.0986  -22.0893  -22.0891  -22.0657  -22.0655  -21.9471  -21.9466  -15.9266  -15.9263  -15.8798  -15.8794  -15.7414  -15.7409  -15.4570  -15.4570  -15.1899  -15.1897  -15.1091  -15.1088  -15.0737  -15.0735  -15.0288  -15.0287  -15.0081  -15.0080  -14.8516  -14.8516  -14.1114  -14.1112  -13.2481  -13.2481  -12.8390  -12.8388  -12.5337  -12.5336   -5.4743   -5.4739   -4.6131   -4.6129   -3.2441   -3.2439   -2.6916   -2.6910   -2.5805   -2.5803   -2.2327   -2.2324   -1.9814   -1.9811   -1.3930   -1.3926   -1.2390   -1.2388   -1.0268   -1.0264   -0.9423   -0.9422   -0.8146   -0.8144    3.5595    3.5597    4.1979    4.1983    4.9186    4.9189    5.0129    5.0131    5.4788    5.4790    5.7964    5.7966    6.3688    6.3693    6.6708    6.6711    6.8853    6.8856    7.1893    7.1897    7.4842    7.4844    7.6938    7.6951    8.0634    8.0641    8.2407    8.2420    8.7964    8.8148    9.2407    9.2684
  2.9578  -42.4591  -42.4574  -42.4387  -42.4382  -25.9767  -25.9763  -25.8227  -25.8218  -25.7900  -25.7897  -25.7607  -25.7592  -25.7331  -25.7328  -25.6704  -25.6704  -22.2048  -22.1971  -22.1790  -22.1733  -22.1068  -22.0925  -22.0921  -22.0853  -22.0744  -22.0561  -21.9496  -21.9442  -15.9272  -15.9265  -15.8801  -15.8785  -15.7453  -15.7362  -15.4664  -15.4484  -15.1970  -15.1821  -15.1201  -15.0986  -15.0761  -15.0705  -15.0295  -15.0278  -15.0091  -15.0073  -14.8528  -14.8503  -14.1533  -14.0761  -13.2809  -13.2059  -12.8417  -12.8351  -12.5453  -12.5228   -5.4787   -5.4670   -4.6226   -4.6077   -3.2645   -3.2480   -2.7364   -2.6902   -2.5827   -2.5049   -2.3131   -2.1634   -2.0218   -1.9303   -1.4108   -1.3864   -1.2607   -1.2225   -1.0922   -1.0007   -0.9394   -0.9116   -0.8096   -0.7983    3.4824    3.5981    4.1840    4.2208    4.8689    4.9477    5.0226    5.0625    5.4357    5.5468    5.7588    5.8049    6.3128    6.4288    6.5807    6.7597    6.8578    6.8939    7.1868    7.2170    7.4502    7.4936    7.6497    7.7257    8.0660    8.0996    8.2263    8.2897    8.7577    8.8284    9.2145    9.2709
  3.0124  -42.4599  -42.4566  -42.4387  -42.4382  -25.9769  -25.9761  -25.8231  -25.8213  -25.7901  -25.7894  -25.7614  -25.7586  -25.7332  -25.7328  -25.6705  -25.6703  -22.2084  -22.1931  -22.1814  -22.1702  -22.1154  -22.0967  -22.0894  -22.0813  -22.0785  -22.0464  -21.9525  -21.9417  -15.9289  -15.9272  -15.8802  -15.8766  -15.7491  -15.7302  -15.4763  -15.4412  -15.2037  -15.1738  -15.1315  -15.0894  -15.0783  -15.0668  -15.0301  -15.0266  -15.0104  -15.0069  -14.8538  -14.8492  -14.2049  -14.0434  -13.3032  -13.1572  -12.8451  -12.8287  -12.5570  -12.5131   -5.4885   -5.4498   -4.6355   -4.6079   -3.2985   -3.2827   -2.7758   -2.7259   -2.5383   -2.4057   -2.3666   -2.1347   -2.0598   -1.8580   -1.4410   -1.3837   -1.2883   -1.2152   -1.1638   -0.9984   -0.9216   -0.8850   -0.7894   -0.7498    3.3580    3.6167    4.1780    4.2415    4.8453    4.9698    5.0568    5.1329    5.4349    5.6240    5.7044    5.7908    6.2533    6.4343    6.5596    6.7839    6.8488    6.9112    7.1912    7.2710    7.4005    7.4738    7.6140    7.7476    8.0582    8.1633    8.2691    8.3716    8.7437    8.8693    9.2316    9.3460
  3.0670  -42.4607  -42.4557  -42.4388  -42.4382  -25.9770  -25.9759  -25.8235  -25.8209  -25.7901  -25.7892  -25.7622  -25.7580  -25.7334  -25.7327  -25.6705  -25.6703  -22.2118  -22.1890  -22.1834  -22.1671  -22.1238  -22.1037  -22.0879  -22.0853  -22.0709  -22.0370  -21.9554  -21.9393  -15.9321  -15.9286  -15.8800  -15.8732  -15.7527  -15.7227  -15.4860  -15.4357  -15.2099  -15.1650  -15.1429  -15.0823  -15.0799  -15.0621  -15.0308  -15.0250  -15.0119  -15.0069  -14.8543  -14.8482  -14.2656  -14.0094  -13.3162  -13.1060  -12.8498  -12.8193  -12.5681  -12.5049   -5.5039   -5.4228   -4.6556   -4.6089   -3.3518   -3.3269   -2.8156   -2.7499   -2.5247   -2.3522   -2.2968   -2.1722   -2.0722   -1.7783   -1.4722   -1.3826   -1.3214   -1.2284   -1.2092   -1.0016   -0.9112   -0.8603   -0.7673   -0.6774    3.1896    3.6323    4.1583    4.2678    4.8671    4.9905    5.0995    5.1833    5.4955    5.6211    5.7072    5.7909    6.1783    6.3695    6.6211    6.7178    6.9151    6.9305    7.1987    7.3027    7.3906    7.4294    7.5964    7.7498    8.0363    8.2051    8.3771    8.4859    8.7107    8.8919    9.2687    9.4184
  3.1216  -42.4614  -42.4549  -42.4389  -42.4382  -25.9770  -25.9759  -25.8237  -25.8205  -25.7901  -25.7889  -25.7630  -25.7576  -25.7337  -25.7326  -25.6706  -25.6702  -22.2148  -22.1851  -22.1848  -22.1641  -22.1321  -22.1120  -22.0876  -22.0868  -22.0634  -22.0278  -21.9583  -21.9372  -15.9370  -15.9306  -15.8796  -15.8679  -15.7565  -15.7137  -15.4953  -15.4323  -15.2155  -15.1560  -15.1540  -15.0818  -15.0764  -15.0566  -15.0313  -15.0231  -15.0135  -15.0071  -14.8545  -14.8477  -14.3328  -13.9715  -13.3230  -13.0560  -12.8558  -12.8071  -12.5776  -12.4981   -5.5236   -5.3876   -4.6894   -4.6024   -3.4268   -3.3564   -2.8754   -2.7438   -2.5383   -2.2808   -2.2519   -2.1977   -2.0737   -1.7111   -1.4910   -1.4015   -1.3361   -1.2598   -1.2149   -1.0123   -0.9018   -0.8435   -0.7373   -0.6028    2.9855    3.6553    4.1203    4.3081    4.9243    4.9854    5.1415    5.2298    5.5664    5.6216    5.6731    5.8772    6.0958    6.3027    6.6278    6.7128    6.9426    6.9735    7.2068    7.2832    7.3855    7.4703    7.5819    7.7532    8.0061    8.2294    8.4890    8.6186    8.7136    8.9195    9.3594    9.4216
  3.1762  -42.4621  -42.4541  -42.4390  -42.4382  -25.9769  -25.9759  -25.8239  -25.8202  -25.7899  -25.7887  -25.7638  -25.7571  -25.7340  -25.7324  -25.6707  -25.6701  -22.2175  -22.1860  -22.1812  -22.1613  -22.1398  -22.1205  -22.0890  -22.0860  -22.0564  -22.0192  -21.9612  -21.9352  -15.9435  -15.9330  -15.8789  -15.8609  -15.7605  -15.7030  -15.5040  -15.4314  -15.2204  -15.1648  -15.1464  -15.0830  -15.0726  -15.0513  -15.0316  -15.0210  -15.0151  -15.0075  -14.8541  -14.8476  -14.4025  -13.9284  -13.3274  -13.0101  -12.8629  -12.7929  -12.5848  -12.4930   -5.5464   -5.3471   -4.7379   -4.5848   -3.5023   -3.3740   -2.9411   -2.7231   -2.5532   -2.3415   -2.2132   -2.1386   -2.0574   -1.6653   -1.4970   -1.4298   -1.3290   -1.2607   -1.2144   -1.0274   -0.8911   -0.8447   -0.6970   -0.5327    2.7546    3.6886    4.0787    4.3604    4.9490    4.9984    5.1694    5.2796    5.5744    5.6233    5.7368    5.9811    6.0329    6.2356    6.5734    6.7714    6.9346    7.0008    7.2225    7.2884    7.3807    7.5481    7.5811    7.7570    7.9731    8.2478    8.5798    8.6601    8.8529    8.9459    9.4088    9.5373
  3.2308  -42.4627  -42.4534  -42.4391  -42.4383  -25.9768  -25.9760  -25.8240  -25.8200  -25.7897  -25.7884  -25.7646  -25.7568  -25.7343  -25.7322  -25.6708  -25.6700  -22.2198  -22.1866  -22.1776  -22.1588  -22.1471  -22.1287  -22.0901  -22.0853  -22.0501  -22.0112  -21.9640  -21.9335  -15.9510  -15.9355  -15.8779  -15.8529  -15.7647  -15.6906  -15.5118  -15.4330  -15.2247  -15.1748  -15.1367  -15.0841  -15.0697  -15.0470  -15.0312  -15.0190  -15.0165  -15.0081  -14.8533  -14.8480  -14.4706  -13.8799  -13.3336  -12.9701  -12.8707  -12.7774  -12.5890  -12.4894   -5.5705   -5.3043   -4.7973   -4.5565   -3.5681   -3.3774   -3.0015   -2.7038   -2.5713   -2.4295   -2.2128   -2.0991   -2.0078   -1.6380   -1.5244   -1.4136   -1.3056   -1.2459   -1.1992   -1.0395   -0.8820   -0.8598   -0.6517   -0.4693    2.5053    3.7305    4.0436    4.4245    4.8999    5.0674    5.1619    5.3268    5.5914    5.6345    5.7953    6.0406    6.0859    6.1674    6.5238    6.8281    6.8894    7.0098    7.2429    7.3307    7.4024    7.5821    7.6384    7.7683    7.9545    8.2607    8.5997    8.6158    8.9061    9.0723    9.4892    9.5280
  3.2853  -42.4632  -42.4528  -42.4392  -42.4383  -25.9765  -25.9762  -25.8240  -25.8198  -25.7894  -25.7882  -25.7653  -25.7566  -25.7347  -25.7320  -25.6709  -25.6699  -22.2217  -22.1869  -22.1743  -22.1567  -22.1535  -22.1362  -22.0909  -22.0847  -22.0446  -22.0040  -21.9667  -21.9321  -15.9590  -15.9379  -15.8766  -15.8445  -15.7690  -15.6770  -15.5187  -15.4372  -15.2281  -15.1840  -15.1270  -15.0849  -15.0676  -15.0446  -15.0301  -15.0181  -15.0166  -15.0087  -14.8523  -14.8487  -14.5336  -13.8264  -13.3452  -12.9375  -12.8777  -12.7616  -12.5905  -12.4872   -5.5941   -5.2626   -4.8618   -4.5198   -3.6191   -3.3653   -3.0510   -2.7044   -2.6043   -2.4999   -2.2385   -2.0890   -1.9535   -1.6191   -1.5604   -1.3821   -1.2825   -1.2134   -1.1654   -1.0361   -0.8835   -0.8674   -0.6062   -0.4136    2.2458    3.7765    4.0180    4.4993    4.8564    5.0914    5.1364    5.3838    5.6105    5.6888    5.7918    6.0933    6.1171    6.1974    6.4781    6.8175    6.8930    7.0222    7.2594    7.3841    7.4424    7.6242    7.6954    7.7959    7.9576    8.2602    8.5398    8.6091    8.9501    9.2332    9.5001    9.6272
  3.3399  -42.4636  -42.4522  -42.4392  -42.4383  -25.9764  -25.9762  -25.8239  -25.8197  -25.7892  -25.7880  -25.7659  -25.7564  -25.7350  -25.7318  -25.6711  -25.6698  -22.2232  -22.1867  -22.1714  -22.1592  -22.1549  -22.1427  -22.0915  -22.0841  -22.0400  -21.9976  -21.9693  -21.9308  -15.9667  -15.9401  -15.8751  -15.8365  -15.7732  -15.6626  -15.5249  -15.4436  -15.2307  -15.1922  -15.1176  -15.0855  -15.0660  -15.0437  -15.0288  -15.0189  -15.0150  -15.0093  -14.8511  -14.8495  -14.5885  -13.7690  -13.3647  -12.9160  -12.8796  -12.7461  -12.5901  -12.4861   -5.6158   -5.2250   -4.9253   -4.4788   -3.6529   -3.3375   -3.0869   -2.7429   -2.6607   -2.5340   -2.2582   -2.0965   -1.9239   -1.6076   -1.5730   -1.3618   -1.2840   -1.2012   -1.1213   -0.9849   -0.8875   -0.8493   -0.5631   -0.3658    1.9860    3.8214    4.0008    4.5763    4.8346    5.0375    5.1425    5.4512    5.6531    5.6940    5.8224    6.0312    6.1703    6.3002    6.4417    6.7670    6.9403    7.0445    7.2829    7.4383    7.4933    7.6697    7.7358    7.8407    7.9803    8.2205    8.4773    8.6072    9.0591    9.3084    9.5121    9.5928
  3.3945  -42.4639  -42.4518  -42.4393  -42.4384  -25.9766  -25.9760  -25.8239  -25.8197  -25.7889  -25.7879  -25.7664  -25.7562  -25.7353  -25.7315  -25.6712  -25.6697  -22.2243  -22.1864  -22.1690  -22.1639  -22.1536  -22.1480  -22.0920  -22.0837  -22.0363  -21.9921  -21.9717  -21.9299  -15.9734  -15.9419  -15.8736  -15.8296  -15.7768  -15.6482  -15.5304  -15.4515  -15.2323  -15.1992  -15.1089  -15.0859  -15.0648  -15.0436  -15.0285  -15.0191  -15.0137  -15.0097  -14.8506  -14.8497  -14.6330  -13.7089  -13.3933  -12.9116  -12.8695  -12.7319  -12.5890  -12.4858   -5.6341   -5.1939   -4.9817   -4.4391   -3.6705   -3.2961   -3.1074   -2.8162   -2.7193   -2.5551   -2.2651   -2.1018   -1.9245   -1.6195   -1.5396   -1.3611   -1.2872   -1.2049   -1.1299   -0.9204   -0.8757   -0.7742   -0.5216   -0.3257    1.7386    3.8609    3.9894    4.6355    4.8506    4.9777    5.1411    5.5127    5.6647    5.7136    5.8751    5.9695    6.1773    6.3438    6.4640    6.7418    6.9608    7.0816    7.3273    7.4928    7.5642    7.7043    7.7672    7.8785    8.0176    8.1539    8.3652    8.6402    9.1398    9.2261    9.5553    9.6338
  3.4491  -42.4642  -42.4515  -42.4394  -42.4384  -25.9768  -25.9758  -25.8238  -25.8197  -25.7887  -25.7878  -25.7668  -25.7561  -25.7356  -25.7314  -25.6714  -25.6696  -22.2251  -22.1859  -22.1674  -22.1672  -22.1528  -22.1520  -22.0923  -22.0834  -22.0336  -21.9875  -21.9740  -21.9292  -15.9786  -15.9432  -15.8723  -15.8242  -15.7797  -15.6353  -15.5352  -15.4594  -15.2331  -15.2047  -15.1014  -15.0862  -15.0640  -15.0436  -15.0297  -15.0187  -15.0127  -15.0099  -14.8514  -14.8488  -14.6656  -13.6477  -13.4311  -12.9152  -12.8561  -12.7201  -12.5881  -12.4860   -5.6480   -5.1707   -5.0259   -4.4062   -3.6758   -3.2458   -3.1127   -2.8955   -2.7767   -2.5781   -2.2651   -2.0949   -1.9419   -1.6299   -1.4987   -1.3763   -1.2857   -1.2121   -1.1544   -0.8999   -0.8601   -0.6600   -0.4752   -0.2919    1.5227    3.8918    3.9813    4.6648    4.8892    4.9432    5.1396    5.5547    5.6345    5.7812    5.9079    5.9251    6.1265    6.3546    6.5259    6.7387    6.9602    7.1124    7.3962    7.5384    7.6542    7.7315    7.7961    7.8901    8.0357    8.0898    8.2530    8.7149    9.1236    9.2134    9.3895    9.6176
  3.5037  -42.4643  -42.4513  -42.4394  -42.4385  -25.9769  -25.9757  -25.8238  -25.8197  -25.7885  -25.7877  -25.7670  -25.7561  -25.7357  -25.7313  -25.6714  -25.6696  -22.2255  -22.1855  -22.1696  -22.1661  -22.1545  -22.1522  -22.0925  -22.0832  -22.0320  -21.9840  -21.9762  -21.9288  -15.9820  -15.9440  -15.8713  -15.8208  -15.7815  -15.6258  -15.5388  -15.4653  -15.2334  -15.2082  -15.0963  -15.0864  -15.0635  -15.0435  -15.0314  -15.0181  -15.0122  -15.0100  -14.8519  -14.8482  -14.6855  -13.5874  -13.4771  -12.9187  -12.8468  -12.7122  -12.5876  -12.4863   -5.6566   -5.1565   -5.0540   -4.3847   -3.6749   -3.1934   -3.1154   -2.9521   -2.8299   -2.5972   -2.2649   -2.0788   -1.9621   -1.6351   -1.4745   -1.3838   -1.2827   -1.2296   -1.1672   -0.8941   -0.8467   -0.5898   -0.4231   -0.2632    1.3680    3.9115    3.9761    4.6766    4.8810    4.9697    5.1488    5.5597    5.6269    5.8388    5.8730    5.9544    6.0572    6.3604    6.5724    6.7463    6.9544    7.1280    7.4681    7.5912    7.6953    7.7704    7.8187    7.8786    8.0128    8.0755    8.1738    8.8163    9.2096    9.4183    9.4911    9.6340
  3.5583  -42.4644  -42.4512  -42.4394  -42.4385  -25.9769  -25.9756  -25.8238  -25.8197  -25.7885  -25.7877  -25.7671  -25.7561  -25.7358  -25.7312  -25.6715  -25.6696  -22.2256  -22.1853  -22.1704  -22.1657  -22.1554  -22.1520  -22.0926  -22.0831  -22.0315  -21.9822  -21.9775  -21.9286  -15.9831  -15.9443  -15.8710  -15.8197  -15.7821  -15.6222  -15.5402  -15.4675  -15.2334  -15.2095  -15.0944  -15.0864  -15.0634  -15.0433  -15.0323  -15.0179  -15.0121  -15.0101  -14.8521  -14.8479  -14.6921  -13.5319  -13.5277  -12.9200  -12.8436  -12.7094  -12.5875  -12.4864   -5.6596   -5.1517   -5.0637   -4.3773   -3.6737   -3.1530   -3.1356   -2.9672   -2.8559   -2.6044   -2.2651   -2.0694   -1.9719   -1.6366   -1.4704   -1.3807   -1.2800   -1.2426   -1.1691   -0.8928   -0.8415   -0.5706   -0.3989   -0.2493    1.3101    3.9182    3.9742    4.6801    4.8722    4.9851    5.1580    5.5500    5.6327    5.8507    5.8711    5.9879    6.0043    6.3618    6.5892    6.7503    6.9517    7.1324    7.5000    7.6328    7.6748    7.7853    7.8314    7.8788    7.9963    8.0712    8.1455    8.8529    9.0408    9.3185    9.3424    9.6940
  3.5583  -42.4644  -42.4512  -42.4394  -42.4385  -25.9769  -25.9756  -25.8238  -25.8197  -25.7885  -25.7877  -25.7671  -25.7561  -25.7358  -25.7312  -25.6715  -25.6696  -22.2256  -22.1853  -22.1704  -22.1657  -22.1554  -22.1520  -22.0926  -22.0831  -22.0315  -21.9822  -21.9775  -21.9286  -15.9831  -15.9443  -15.8710  -15.8197  -15.7821  -15.6222  -15.5402  -15.4675  -15.2334  -15.2095  -15.0944  -15.0864  -15.0634  -15.0433  -15.0323  -15.0179  -15.0121  -15.0101  -14.8521  -14.8479  -14.6921  -13.5319  -13.5277  -12.9200  -12.8436  -12.7094  -12.5875  -12.4864   -5.6596   -5.1517   -5.0637   -4.3773   -3.6737   -3.1530   -3.1356   -2.9672   -2.8559   -2.6044   -2.2651   -2.0694   -1.9719   -1.6366   -1.4704   -1.3807   -1.2800   -1.2426   -1.1691   -0.8928   -0.8415   -0.5706   -0.3989   -0.2493    1.3101    3.9182    3.9742    4.6801    4.8722    4.9851    5.1580    5.5500    5.6327    5.8507    5.8711    5.9879    6.0044    6.3618    6.5892    6.7509    6.9517    7.1324    7.5018    7.6326    7.6743    7.7870    7.8319    7.8791    7.9942    8.0752    8.1459    8.8692    9.1570    9.3520    9.5307    9.6298
  3.6164  -42.4642  -42.4512  -42.4396  -42.4384  -25.9769  -25.9757  -25.8237  -25.8197  -25.7885  -25.7877  -25.7670  -25.7562  -25.7357  -25.7313  -25.6714  -25.6696  -22.2245  -22.1854  -22.1779  -22.1577  -22.1561  -22.1502  -22.0930  -22.0829  -22.0321  -21.9844  -21.9763  -21.9298  -15.9818  -15.9440  -15.8716  -15.8197  -15.7829  -15.6260  -15.5380  -15.4680  -15.2334  -15.2082  -15.0975  -15.0849  -15.0637  -15.0433  -15.0309  -15.0180  -15.0124  -15.0101  -14.8519  -14.8478  -14.6818  -13.5911  -13.4714  -12.9227  -12.8467  -12.7150  -12.5851  -12.4871   -5.6497   -5.1468   -5.0576   -4.3869   -3.6780   -3.2132   -3.1293   -2.9028   -2.8422   -2.6092   -2.2554   -2.0773   -1.9631   -1.6273   -1.4840   -1.3916   -1.2908   -1.2274   -1.1705   -0.8938   -0.8465   -0.5934   -0.4071   -0.2810    1.3735    3.9152    3.9854    4.6656    4.8545    4.9332    5.1560    5.5689    5.6248    5.8538    5.8864    5.9640    6.0664    6.3559    6.5885    6.7769    6.9584    7.1487    7.4365    7.5967    7.7010    7.7613    7.8435    7.8934    8.0142    8.0851    8.1540    8.8264    9.0585    9.3347    9.3656    9.5494
  3.6745  -42.4637  -42.4512  -42.4401  -42.4384  -25.9769  -25.9757  -25.8236  -25.8198  -25.7885  -25.7878  -25.7666  -25.7564  -25.7356  -25.7314  -25.6714  -25.6696  -22.2212  -22.1896  -22.1809  -22.1591  -22.1490  -22.1443  -22.0940  -22.0821  -22.0338  -21.9892  -21.9745  -21.9330  -15.9781  -15.9429  -15.8734  -15.8198  -15.7854  -15.6367  -15.5324  -15.4692  -15.2329  -15.2049  -15.1032  -15.0827  -15.0647  -15.0433  -15.0282  -15.0182  -15.0131  -15.0102  -14.8510  -14.8474  -14.6511  -13.6523  -13.4190  -12.9304  -12.8562  -12.7303  -12.5792  -12.4892   -5.6208   -5.1324   -5.0398   -4.4133   -3.6938   -3.2635   -3.1578   -2.8640   -2.7489   -2.5954   -2.2527   -2.0731   -1.9458   -1.6022   -1.5394   -1.3906   -1.3092   -1.2250   -1.1689   -0.8912   -0.8595   -0.6763   -0.4353   -0.3366    1.5401    3.8997    4.0224    4.6282    4.7836    4.8279    5.1534    5.5732    5.6447    5.8310    5.8916    6.0417    6.1385    6.3438    6.5978    6.8447    6.9751    7.1939    7.3145    7.5674    7.6864    7.7118    7.8799    7.9072    8.0198    8.1383    8.2270    8.7296    9.1936    9.2371    9.4619    9.5823
  3.7327  -42.4628  -42.4512  -42.4408  -42.4385  -25.9769  -25.9758  -25.8234  -25.8200  -25.7886  -25.7878  -25.7660  -25.7569  -25.7354  -25.7316  -25.6713  -25.6697  -22.2166  -22.1955  -22.1787  -22.1608  -22.1459  -22.1345  -22.0955  -22.0806  -22.0368  -21.9959  -21.9729  -21.9379  -15.9722  -15.9412  -15.8759  -15.8201  -15.7891  -15.6524  -15.5246  -15.4707  -15.2314  -15.2007  -15.1091  -15.0806  -15.0665  -15.0436  -15.0266  -15.0180  -15.0141  -15.0104  -14.8498  -14.8468  -14.6008  -13.7112  -13.3762  -12.9419  -12.8722  -12.7515  -12.5716  -12.4927   -5.5745   -5.1093   -5.0122   -4.4509   -3.7196   -3.2845   -3.1732   -2.9174   -2.6052   -2.5326   -2.2861   -2.0358   -1.9204   -1.6212   -1.5663   -1.3875   -1.3350   -1.2427   -1.1674   -0.8878   -0.8656   -0.8243   -0.4755   -0.3774    1.7679    3.8652    4.0834    4.5744    4.6332    4.7685    5.1357    5.5832    5.6348    5.8162    5.9027    6.1601    6.1848    6.3478    6.6384    6.9305    6.9949    7.2027    7.2589    7.5381    7.6043    7.6870    7.9158    7.9261    8.0180    8.1507    8.3502    8.7137    9.1540    9.3159    9.3860    9.5379
  3.7908  -42.4617  -42.4513  -42.4416  -42.4389  -25.9768  -25.9759  -25.8232  -25.8203  -25.7886  -25.7879  -25.7652  -25.7575  -25.7351  -25.7319  -25.6712  -25.6698  -22.2126  -22.1974  -22.1755  -22.1615  -22.1431  -22.1264  -22.0976  -22.0776  -22.0411  -22.0045  -21.9717  -21.9436  -15.9646  -15.9389  -15.8785  -15.8204  -15.7938  -15.6714  -15.5158  -15.4720  -15.2284  -15.1964  -15.1139  -15.0785  -15.0691  -15.0447  -15.0271  -15.0180  -15.0150  -15.0108  -14.8482  -14.8459  -14.5329  -13.7656  -13.3465  -12.9591  -12.8923  -12.7740  -12.5635  -12.4974   -5.5128   -5.0793   -4.9780   -4.4933   -3.7426   -3.2978   -3.1478   -3.0026   -2.5077   -2.4226   -2.3349   -1.9924   -1.8736   -1.7007   -1.5359   -1.4211   -1.3625   -1.2583   -1.1635   -1.0082   -0.8980   -0.8393   -0.5194   -0.4160    2.0255    3.8105    4.1597    4.4491    4.5568    4.7123    5.1057    5.5528    5.6157    5.8357    5.9092    6.1520    6.3068    6.3853    6.7191    6.9813    7.0441    7.1463    7.3122    7.4799    7.5648    7.6594    7.9309    7.9754    8.0277    8.1747    8.4568    8.6748    9.1017    9.3104    9.3861    9.4914
  3.8490  -42.4602  -42.4513  -42.4425  -42.4395  -25.9767  -25.9760  -25.8230  -25.8206  -25.7886  -25.7879  -25.7644  -25.7582  -25.7348  -25.7322  -25.6711  -25.6700  -22.2111  -22.1933  -22.1725  -22.1604  -22.1403  -22.1213  -22.1004  -22.0728  -22.0470  -22.0141  -21.9710  -21.9497  -15.9559  -15.9362  -15.8803  -15.8209  -15.7990  -15.6925  -15.5066  -15.4728  -15.2240  -15.1926  -15.1173  -15.0766  -15.0725  -15.0475  -15.0285  -15.0194  -15.0149  -15.0114  -14.8466  -14.8448  -14.4500  -13.8139  -13.3323  -12.9929  -12.9048  -12.7939  -12.5559  -12.5031   -5.4383   -5.0444   -4.9417   -4.5362   -3.7503   -3.3043   -3.1136   -3.0742   -2.4896   -2.3957   -2.2639   -1.9566   -1.8179   -1.7597   -1.5219   -1.4799   -1.4054   -1.2598   -1.1824   -1.1450   -0.9111   -0.8061   -0.5722   -0.4601    2.2947    3.7422    4.2378    4.3088    4.5276    4.6569    5.0805    5.4423    5.6496    5.8413    5.9091    6.0896    6.4339    6.4465    6.8097    7.0096    7.0972    7.1676    7.3161    7.4391    7.5724    7.6383    7.9418    8.0411    8.0449    8.2205    8.5104    8.6713    8.9407    9.2379    9.3612    9.5610
  3.9071  -42.4586  -42.4512  -42.4433  -42.4403  -25.9767  -25.9761  -25.8228  -25.8210  -25.7886  -25.7879  -25.7636  -25.7589  -25.7344  -25.7324  -25.6709  -25.6701  -22.2095  -22.1863  -22.1704  -22.1569  -22.1374  -22.1194  -22.1040  -22.0682  -22.0532  -22.0228  -21.9711  -21.9558  -15.9471  -15.9332  -15.8802  -15.8216  -15.8043  -15.7146  -15.4977  -15.4732  -15.2180  -15.1895  -15.1191  -15.0787  -15.0733  -15.0519  -15.0296  -15.0218  -15.0148  -15.0121  -14.8450  -14.8436  -14.3553  -13.8550  -13.3326  -13.0502  -12.9016  -12.8098  -12.5492  -12.5096   -5.3532   -5.0071   -4.9084   -4.5779   -3.7372   -3.2951   -3.2086   -2.9985   -2.5799   -2.3576   -2.1529   -1.9430   -1.8322   -1.7307   -1.5455   -1.5237   -1.4615   -1.3136   -1.2427   -1.1254   -0.9177   -0.7757   -0.6375   -0.5094    2.5647    3.6774    4.1802    4.3091    4.5154    4.6014    5.0705    5.3330    5.6648    5.8248    5.8791    6.0189    6.4869    6.5745    6.8704    7.0662    7.1526    7.2284    7.3111    7.4248    7.5959    7.6513    7.9577    8.0485    8.1034    8.2433    8.5213    8.6608    8.8985    9.2093    9.3463    9.4441
  3.9653  -42.4568  -42.4511  -42.4441  -42.4414  -25.9767  -25.9762  -25.8225  -25.8213  -25.7885  -25.7880  -25.7628  -25.7596  -25.7340  -25.7327  -25.6708  -25.6703  -22.2058  -22.1792  -22.1691  -22.1516  -22.1349  -22.1197  -22.1084  -22.0730  -22.0518  -22.0289  -21.9721  -21.9619  -15.9396  -15.9305  -15.8766  -15.8222  -15.8094  -15.7371  -15.4894  -15.4733  -15.2107  -15.1871  -15.1197  -15.0857  -15.0714  -15.0569  -15.0303  -15.0245  -15.0148  -15.0129  -14.8435  -14.8425  -14.2531  -13.8882  -13.3433  -13.1247  -12.8885  -12.8219  -12.5437  -12.5165   -5.2597   -4.9700   -4.8820   -4.6197   -3.7049   -3.3166   -3.2568   -2.9029   -2.6935   -2.3276   -2.0605   -1.9881   -1.8508   -1.7120   -1.5986   -1.5361   -1.4837   -1.3999   -1.2092   -1.1003   -0.9203   -0.7544   -0.7125   -0.5625    2.8288    3.6345    4.0756    4.3364    4.5042    4.5627    5.0768    5.2440    5.6520    5.7935    5.8029    5.9592    6.5477    6.6688    6.9375    7.1033    7.2550    7.2774    7.3280    7.4508    7.6304    7.6645    7.9770    8.0728    8.1513    8.2671    8.5205    8.6387    8.8198    9.1372    9.2004    9.4289
  4.0234  -42.4550  -42.4510  -42.4449  -42.4426  -25.9766  -25.9763  -25.8224  -25.8216  -25.7884  -25.7880  -25.7622  -25.7603  -25.7337  -25.7329  -25.6708  -25.6704  -22.1994  -22.1732  -22.1679  -22.1453  -22.1346  -22.1210  -22.1130  -22.0849  -22.0448  -22.0318  -21.9738  -21.9678  -15.9340  -15.9286  -15.8685  -15.8228  -15.8138  -15.7594  -15.4824  -15.4732  -15.2023  -15.1854  -15.1192  -15.0949  -15.0695  -15.0612  -15.0307  -15.0271  -15.0149  -15.0138  -14.8423  -14.8416  -14.1487  -13.9134  -13.3588  -13.2087  -12.8717  -12.8308  -12.5394  -12.5231   -5.1603   -4.9358   -4.8646   -4.6652   -3.6595   -3.4077   -3.2064   -2.8621   -2.7375   -2.3205   -2.0675   -1.9846   -1.9051   -1.7324   -1.6435   -1.5410   -1.4676   -1.4166   -1.1653   -1.0748   -0.9219   -0.7943   -0.7406   -0.6186    3.0821    3.6225    3.9909    4.2847    4.4915    4.5636    5.0939    5.1843    5.6169    5.6841    5.7834    5.8961    6.6197    6.7249    7.0350    7.1373    7.3027    7.3267    7.3691    7.5357    7.6551    7.6878    7.9939    8.1214    8.1909    8.2681    8.5311    8.6080    8.8082    9.0667    9.1609    9.4688
  4.0816  -42.4532  -42.4509  -42.4455  -42.4439  -25.9766  -25.9764  -25.8222  -25.8219  -25.7883  -25.7880  -25.7617  -25.7608  -25.7334  -25.7331  -25.6707  -25.6705  -22.1903  -22.1690  -22.1669  -22.1424  -22.1360  -22.1216  -22.1155  -22.0973  -22.0379  -22.0323  -21.9759  -21.9731  -15.9303  -15.9277  -15.8559  -15.8230  -15.8175  -15.7812  -15.4771  -15.4731  -15.1937  -15.1843  -15.1183  -15.1050  -15.0680  -15.0642  -15.0310  -15.0292  -15.0151  -15.0145  -14.8413  -14.8409  -14.0508  -13.9308  -13.3737  -13.2924  -12.8562  -12.8370  -12.5366  -12.5289   -5.0584   -4.9065   -4.8563   -4.7191   -3.6105   -3.4843   -3.1411   -2.9511   -2.6224   -2.3368   -2.1518   -2.0198   -1.8952   -1.7571   -1.6793   -1.5912   -1.4165   -1.3719   -1.1179   -1.0545   -0.9252   -0.8652   -0.7390   -0.6746    3.3203    3.6356    3.9306    4.1581    4.5082    4.5625    5.1115    5.1493    5.5753    5.5925    5.7667    5.8288    6.6966    6.7591    7.1364    7.1758    7.3222    7.3354    7.4344    7.5916    7.6630    7.7544    8.0228    8.1626    8.1991    8.2520    8.4900    8.5551    8.8652    9.0665    9.1609    9.5411
  4.1397  -42.4516  -42.4508  -42.4459  -42.4452  -25.9766  -25.9764  -25.8221  -25.8220  -25.7882  -25.7880  -25.7614  -25.7611  -25.7333  -25.7331  -25.6707  -25.6706  -22.1788  -22.1666  -22.1660  -22.1527  -22.1289  -22.1222  -22.1159  -22.1083  -22.0329  -22.0317  -21.9778  -21.9770  -15.9282  -15.9275  -15.8401  -15.8228  -15.8201  -15.8022  -15.4737  -15.4729  -15.1865  -15.1836  -15.1174  -15.1135  -15.0671  -15.0661  -15.0312  -15.0307  -15.0152  -15.0149  -14.8406  -14.8406  -13.9747  -13.9410  -13.3842  -13.3602  -12.8454  -12.8406  -12.5349  -12.5329   -4.9588   -4.8839   -4.8561   -4.7855   -3.5699   -3.5353   -3.0816   -3.0271   -2.4825   -2.3676   -2.2125   -2.1411   -1.8250   -1.7719   -1.7001   -1.6591   -1.3528   -1.3361   -1.0767   -1.0514   -0.9283   -0.9122   -0.7413   -0.7221    3.5352    3.6557    3.8980    4.0006    4.5317    4.5501    5.1202    5.1293    5.5426    5.5442    5.7544    5.7731    6.7603    6.7790    7.2071    7.2122    7.3357    7.3562    7.4656    7.5273    7.7562    7.7934    8.0711    8.1264    8.2372    8.2643    8.4744    8.4900    8.7304    8.8044    9.1529    9.2855
  4.1978  -42.4509  -42.4507  -42.4461  -42.4458  -25.9766  -25.9764  -25.8221  -25.8220  -25.7881  -25.7880  -25.7613  -25.7612  -25.7332  -25.7332  -25.6707  -25.6707  -22.1660  -22.1659  -22.1657  -22.1656  -22.1227  -22.1225  -22.1157  -22.1155  -22.0313  -22.0311  -21.9785  -21.9785  -15.9276  -15.9274  -15.8228  -15.8219  -15.8216  -15.8214  -15.4729  -15.4725  -15.1835  -15.1834  -15.1171  -15.1170  -15.0668  -15.0667  -15.0313  -15.0311  -15.0152  -15.0151  -14.8404  -14.8404  -13.9444  -13.9443  -13.3880  -13.3878  -12.8418  -12.8416  -12.5344  -12.5343   -4.8726   -4.8725   -4.8599   -4.8597   -3.5535   -3.5533   -3.0564   -3.0561   -2.3854   -2.3851   -2.2328   -2.2325   -1.7761   -1.7760   -1.7072   -1.7071   -1.3234   -1.3232   -1.0589   -1.0585   -0.9274   -0.9271   -0.7428   -0.7427    3.6642    3.6645    3.8890    3.8895    4.5422    4.5424    5.1215    5.1218    5.5312    5.5319    5.7499    5.7502    6.7857    6.7861    7.2272    7.2280    7.3638    7.3640    7.4756    7.4766    7.8055    7.8059    8.0889    8.0891    8.2664    8.2815    8.4605    8.4888    8.7130    8.7278    9.1874    9.2162
