#K-Path     Band-1    Band-2    Band-3    Band-4      ...     Band-n
  0.0000  -37.5923  -37.5897  -37.5843  -18.4246  -18.4225  -18.4186  -18.2908  -18.2894  -18.2881  -18.2871  -18.2829  -18.2821  -10.5427  -10.4028  -10.4023  -10.0625  -10.0612   -9.8773   -3.7990   -3.2092   -3.2084   -1.7436   -1.7424   -0.9103   -0.9077   -0.7875   -0.7875   -0.7855   -0.7836   -0.5470   -0.4132   -0.4128   -0.4108   -0.4100   -0.2515   -0.2495    2.2337    3.4277    3.4312    3.6185    3.6656    3.6671    3.7108    3.7130    3.7139    3.7148    3.9602    3.9613
  0.0565  -37.5922  -37.5896  -37.5842  -18.4240  -18.4219  -18.4179  -18.2919  -18.2912  -18.2902  -18.2878  -18.2852  -18.2826  -10.5362  -10.3969  -10.3965  -10.0597  -10.0584   -9.8759   -3.7865   -3.2010   -3.2002   -1.7463   -1.7451   -0.9460   -0.9236   -0.8438   -0.8237   -0.7907   -0.7707   -0.5523   -0.4934   -0.4677   -0.4201   -0.3943   -0.3088   -0.2664    2.2493    3.4146    3.4184    3.6231    3.6901    3.6920    3.7024    3.7208    3.7549    3.7793    3.9729    3.9777
  0.1130  -37.5918  -37.5892  -37.5838  -18.4221  -18.4200  -18.4160  -18.2987  -18.2971  -18.2927  -18.2922  -18.2893  -18.2840  -10.5167  -10.3797  -10.3789  -10.0517  -10.0502   -9.8717   -3.7492   -3.1776   -3.1750   -1.7575   -1.7537   -1.0498   -0.9673   -0.9582   -0.8814   -0.8579   -0.7824   -0.6463   -0.5700   -0.5534   -0.5109   -0.4701   -0.4183   -0.3120    2.2905    3.3632    3.3739    3.5677    3.6754    3.7775    3.8020    3.8065    3.8302    3.9148    4.0135    4.0725
  0.1696  -37.5912  -37.5886  -37.5833  -18.4190  -18.4169  -18.4129  -18.3099  -18.3082  -18.3033  -18.2950  -18.2917  -18.2864  -10.4849  -10.3523  -10.3500  -10.0390  -10.0360   -9.8650   -3.6877   -3.1418   -3.1332   -1.7862   -1.7720   -1.2079   -1.1201   -1.0364   -0.9895   -0.9553   -0.8291   -0.8277   -0.7070   -0.6571   -0.6493   -0.6006   -0.4789   -0.3813    2.3478    3.2374    3.3149    3.4762    3.6530    3.7271    3.9465    3.9702    4.0448    4.0728    4.1108    4.3098
  0.2261  -37.5905  -37.5879  -37.5825  -18.4149  -18.4128  -18.4088  -18.3247  -18.3230  -18.3181  -18.2982  -18.2948  -18.2895  -10.4417  -10.3159  -10.3105  -10.0223  -10.0158   -9.8558   -3.6029   -3.0971   -3.0762   -1.8507   -1.8084   -1.4056   -1.3177   -1.1754   -1.1260   -1.0417   -0.9918   -0.9859   -0.9217   -0.8209   -0.7325   -0.6474   -0.5677   -0.4667    2.4131    3.0501    3.2483    3.3696    3.6117    3.6273    4.1104    4.1383    4.1715    4.3077    4.4578    4.6044
  0.2826  -37.5895  -37.5869  -37.5815  -18.4099  -18.4079  -18.4039  -18.3424  -18.3407  -18.3359  -18.3019  -18.2986  -18.2933  -10.3885  -10.2725  -10.2617  -10.0022   -9.9897   -9.8447   -3.4962   -3.0493   -3.0069   -1.9788   -1.8761   -1.6301   -1.5346   -1.3622   -1.2841   -1.2298   -1.1360   -1.1294   -1.0494   -0.9667   -0.8008   -0.7072   -0.6751   -0.5613    2.4772    2.8329    3.1701    3.2707    3.5040    3.5540    4.1865    4.2305    4.3826    4.4841    4.6272    4.7762
  0.3391  -37.5885  -37.5859  -37.5805  -18.4044  -18.4024  -18.3984  -18.3623  -18.3605  -18.3557  -18.3062  -18.3028  -18.2975  -10.3270  -10.2244  -10.2053   -9.9796   -9.9578   -9.8320   -3.3694   -3.0070   -2.9299   -2.1802   -1.9917   -1.8712   -1.7428   -1.5817   -1.5173   -1.3413   -1.2341   -1.2329   -1.1902   -1.0719   -0.8652   -0.7919   -0.7783   -0.6593    2.5243    2.6114    3.0625    3.2055    3.3821    3.4865    3.9682    4.2884    4.4170    4.5928    4.8026    4.9331
  0.3957  -37.5873  -37.5847  -37.5793  -18.3991  -18.3972  -18.3931  -18.3827  -18.3809  -18.3762  -18.3107  -18.3074  -18.3021  -10.2594  -10.1739  -10.1433   -9.9552   -9.9207   -9.8182   -3.2247   -2.9831   -2.8538   -2.4262   -2.1643   -2.1218   -1.9044   -1.8635   -1.6482   -1.4544   -1.3318   -1.3307   -1.2969   -1.1347   -0.9294   -0.9105   -0.8587   -0.7565    2.4020    2.5361    2.9051    3.1954    3.2706    3.4134    3.7549    4.2786    4.3457    4.7173    4.9383    5.1102
  0.4522  -37.5861  -37.5835  -37.5782  -18.4068  -18.4052  -18.4005  -18.3903  -18.3882  -18.3841  -18.3153  -18.3120  -18.3067  -10.1884  -10.1236  -10.0781   -9.9300   -9.8795   -9.8036   -3.0650   -2.9942   -2.8000   -2.6728   -2.3753   -2.3632   -2.1186   -2.0086   -1.7531   -1.5637   -1.4640   -1.4255   -1.3317   -1.1683   -1.0253   -0.9920   -0.9460   -0.8495    2.2161    2.5108    2.6957    3.1554    3.2343    3.3369    3.6258    4.0980    4.3992    4.8162    4.8441    5.2520
  0.5087  -37.5850  -37.5824  -37.5770  -18.4268  -18.4252  -18.4205  -18.3850  -18.3829  -18.3789  -18.3199  -18.3165  -18.3113  -10.1172  -10.0755  -10.0126   -9.9048   -9.8358   -9.7885   -3.0532   -2.9508   -2.8943   -2.7315   -2.6221   -2.5485   -2.3421   -2.0595   -1.8151   -1.6650   -1.5856   -1.5123   -1.3512   -1.1896   -1.1314   -1.0513   -1.0376   -0.9357    2.0620    2.4499    2.4651    3.0379    3.2582    3.2769    3.5774    3.9288    4.4126    4.9002    5.1226    5.2838
  0.5652  -37.5839  -37.5813  -37.5760  -18.4460  -18.4444  -18.4397  -18.3795  -18.3774  -18.3733  -18.3241  -18.3208  -18.3155  -10.0496  -10.0313   -9.9501   -9.8803   -9.7925   -9.7728   -3.1742   -3.1538   -2.8564   -2.7318   -2.7141   -2.7032   -2.5308   -2.0630   -1.8213   -1.7547   -1.6927   -1.5896   -1.3642   -1.2255   -1.2125   -1.1309   -1.1046   -1.0128    1.9462    2.1924    2.4124    2.9345    3.1786    3.2507    3.5778    3.8478    4.4014    4.9530    5.2250    5.2331
  0.6218  -37.5830  -37.5804  -37.5750  -18.4630  -18.4613  -18.4567  -18.3745  -18.3724  -18.3683  -18.3278  -18.3245  -18.3192   -9.9922   -9.9901   -9.8957   -9.8558   -9.7560   -9.7527   -3.3704   -3.2708   -3.0591   -2.8262   -2.7600   -2.7041   -2.5201   -2.0334   -1.8303   -1.7833   -1.7773   -1.6554   -1.3758   -1.3053   -1.2472   -1.2229   -1.1498   -1.0793    1.8735    1.9455    2.3564    2.8521    3.0996    3.1379    3.6023    3.8774    4.3724    4.9976    5.3323    5.3473
  0.6783  -37.5822  -37.5796  -37.5742  -18.4770  -18.4753  -18.4707  -18.3703  -18.3682  -18.3641  -18.3309  -18.3275  -18.3223   -9.9582   -9.9440   -9.8585   -9.8262   -9.7373   -9.7200   -3.5302   -3.3779   -3.2300   -2.9198   -2.8301   -2.8019   -2.3430   -1.9873   -1.8899   -1.8560   -1.7081   -1.7038   -1.3886   -1.3690   -1.3103   -1.2986   -1.1852   -1.1340    1.7283    1.8463    2.2907    2.7909    3.0071    3.0244    3.6356    3.9562    4.3326    5.0092    5.2703    5.4354
  0.7348  -37.5816  -37.5790  -37.5737  -18.4874  -18.4857  -18.4811  -18.3672  -18.3651  -18.3610  -18.3332  -18.3298  -18.3246   -9.9309   -9.9139   -9.8396   -9.7942   -9.7173   -9.6972   -3.6480   -3.4574   -3.3625   -2.9842   -2.9263   -2.8421   -2.1746   -1.9408   -1.9319   -1.9099   -1.7465   -1.6232   -1.4153   -1.4052   -1.3874   -1.3644   -1.2092   -1.1758    1.5574    1.8633    2.2072    2.7491    2.9116    2.9566    3.6672    4.0409    4.2872    5.0270    5.1825    5.3939
  0.7913  -37.5813  -37.5787  -37.5733  -18.4938  -18.4921  -18.4875  -18.3652  -18.3632  -18.3591  -18.3346  -18.3313  -18.3260   -9.9110   -9.9001   -9.8299   -9.7720   -9.6991   -9.6862   -3.7203   -3.4993   -3.4528   -3.0183   -2.9899   -2.8697   -2.0320   -1.9555   -1.9445   -1.9145   -1.7699   -1.5546   -1.4456   -1.4434   -1.4306   -1.4240   -1.2208   -1.2044    1.4473    1.9195    2.1073    2.7248    2.8674    2.9020    3.6894    4.1166    4.2363    5.0499    5.1216    5.3942
  0.8478  -37.5812  -37.5786  -37.5732  -18.4959  -18.4942  -18.4897  -18.3646  -18.3625  -18.3584  -18.3351  -18.3317  -18.3265   -9.9002   -9.8999   -9.8268   -9.7642   -9.6880   -9.6869   -3.7447   -3.4989   -3.4980   -3.0215   -3.0195   -2.8794   -1.9611   -1.9585   -1.9401   -1.9382   -1.7777   -1.5223   -1.4662   -1.4614   -1.4528   -1.4395   -1.2194   -1.2193    1.4091    2.0034    2.0076    2.7169    2.8668    2.8704    3.6974    4.1798    4.1822    5.0796    5.1639    5.4044
  0.8478  -37.5923  -37.5897  -37.5843  -18.4246  -18.4225  -18.4186  -18.2908  -18.2894  -18.2881  -18.2871  -18.2829  -18.2821  -10.5065  -10.5051  -10.2896  -10.1891   -9.9295   -9.9290   -3.6455   -3.6444   -2.6225   -2.4674   -0.9527   -0.9511   -0.8781   -0.8758   -0.8748   -0.8728   -0.7123   -0.7097   -0.5001   -0.4980   -0.2984   -0.2980   -0.2965   -0.2955    2.6779    2.6830    3.6256    3.6740    3.6743    3.6923    3.6944    3.6987    3.6989    3.7007    3.7032    4.4391
  0.8813  -37.5923  -37.5897  -37.5843  -18.4246  -18.4225  -18.4186  -18.2908  -18.2894  -18.2881  -18.2871  -18.2829  -18.2821  -10.5218  -10.4855  -10.3046  -10.1732   -9.9567   -9.9070   -3.7118   -3.5603   -2.7421   -2.3391   -1.1354   -0.8913   -0.8886   -0.8584   -0.8559   -0.7902   -0.7192   -0.7166   -0.4923   -0.4902   -0.3225   -0.3205   -0.2782   -0.2762    2.5021    2.8802    3.6164    3.6491    3.6870    3.6887    3.6943    3.6964    3.7082    3.7099    3.7132    4.4095
  0.9147  -37.5923  -37.5897  -37.5843  -18.4246  -18.4225  -18.4186  -18.2908  -18.2894  -18.2881  -18.2871  -18.2829  -18.2821  -10.5334  -10.4613  -10.3354  -10.1395   -9.9885   -9.8907   -3.7601   -3.4587   -2.9059   -2.1489   -1.3324   -0.9018   -0.8991   -0.8371   -0.8345   -0.7373   -0.7347   -0.6610   -0.4718   -0.4698   -0.3504   -0.3484   -0.2635   -0.2616    2.3595    3.0858    3.5871    3.6319    3.6761    3.6779    3.6992    3.7013    3.7156    3.7207    3.7609    4.3070
  0.9481  -37.5923  -37.5897  -37.5843  -18.4246  -18.4225  -18.4186  -18.2908  -18.2894  -18.2881  -18.2871  -18.2829  -18.2821  -10.5404  -10.4335  -10.3694  -10.1010  -10.0239   -9.8807   -3.7893   -3.3412   -3.0631   -1.9483   -1.5365   -0.9082   -0.9056   -0.8131   -0.8105   -0.7612   -0.7586   -0.5769   -0.4440   -0.4419   -0.3810   -0.3789   -0.2546   -0.2526    2.2666    3.2772    3.5292    3.6218    3.6684    3.6699    3.7055    3.7076    3.7162    3.7181    3.8376    4.1293
  0.9815  -37.5923  -37.5897  -37.5843  -18.4246  -18.4225  -18.4186  -18.2908  -18.2894  -18.2881  -18.2871  -18.2829  -18.2821  -10.5427  -10.4028  -10.4023  -10.0625  -10.0612   -9.8773   -3.7990   -3.2092   -3.2084   -1.7436   -1.7424   -0.9103   -0.9077   -0.7875   -0.7875   -0.7855   -0.7836   -0.5470   -0.4132   -0.4128   -0.4108   -0.4100   -0.2515   -0.2495    2.2337    3.4277    3.4312    3.6185    3.6656    3.6672    3.7108    3.7131    3.7138    3.7149    3.9592    3.9624
  0.9815  -37.5923  -37.5897  -37.5843  -18.4246  -18.4225  -18.4186  -18.2908  -18.2894  -18.2881  -18.2871  -18.2829  -18.2821  -10.5427  -10.4028  -10.4023  -10.0625  -10.0612   -9.8773   -3.7990   -3.2092   -3.2084   -1.7436   -1.7424   -0.9103   -0.9077   -0.7875   -0.7875   -0.7855   -0.7836   -0.5470   -0.4132   -0.4128   -0.4108   -0.4100   -0.2515   -0.2495    2.2337    3.4277    3.4312    3.6185    3.6658    3.6672    3.7108    3.7130    3.7138    3.7155    3.9598    3.9605
  1.0381  -37.5922  -37.5896  -37.5842  -18.4240  -18.4219  -18.4179  -18.2928  -18.2903  -18.2895  -18.2886  -18.2848  -18.2830  -10.5362  -10.3969  -10.3965  -10.0597  -10.0584   -9.8759   -3.7865   -3.2010   -3.2002   -1.7463   -1.7451   -0.9466   -0.9229   -0.8446   -0.8229   -0.7915   -0.7699   -0.5522   -0.4941   -0.4672   -0.4205   -0.3938   -0.3095   -0.2657    2.2492    3.4149    3.4185    3.6244    3.6895    3.6917    3.7020    3.7214    3.7539    3.7804    3.9734    3.9783
  1.0946  -37.5918  -37.5892  -37.5838  -18.4221  -18.4200  -18.4160  -18.2995  -18.2964  -18.2919  -18.2917  -18.2900  -18.2845  -10.5167  -10.3797  -10.3789  -10.0517  -10.0502   -9.8717   -3.7492   -3.1776   -3.1751   -1.7573   -1.7541   -1.0504   -0.9666   -0.9589   -0.8806   -0.8584   -0.7816   -0.6471   -0.5699   -0.5528   -0.5111   -0.4708   -0.4176   -0.3114    2.2905    3.3631    3.3747    3.5690    3.6746    3.7763    3.8014    3.8051    3.8289    3.9134    4.0092    4.0806
  1.1511  -37.5912  -37.5886  -37.5833  -18.4190  -18.4169  -18.4129  -18.3106  -18.3075  -18.3028  -18.2943  -18.2924  -18.2869  -10.4849  -10.3523  -10.3500  -10.0390  -10.0361   -9.8650   -3.6877   -3.1417   -3.1333   -1.7859   -1.7726   -1.2084   -1.1207   -1.0357   -0.9898   -0.9546   -0.8287   -0.8283   -0.7074   -0.6570   -0.6488   -0.6008   -0.4782   -0.3806    2.3476    3.2373    3.3159    3.4792    3.6535    3.7313    3.9538    4.0111    4.0540    4.0740    4.2777    4.5476
  1.2076  -37.5905  -37.5879  -37.5825  -18.4149  -18.4128  -18.4088  -18.3254  -18.3223  -18.3176  -18.2974  -18.2955  -18.2900  -10.4417  -10.3159  -10.3105  -10.0223  -10.0159   -9.8559   -3.6028   -3.0970   -3.0764   -1.8504   -1.8092   -1.4061   -1.3181   -1.1757   -1.1252   -1.0409   -0.9926   -0.9863   -0.9209   -0.8205   -0.7317   -0.6475   -0.5669   -0.4660    2.4129    3.0498    3.2493    3.3707    3.6110    3.6277    4.1159    4.1420    4.1715    4.3000    4.4519    4.5991
  1.2641  -37.5895  -37.5869  -37.5815  -18.4100  -18.4078  -18.4039  -18.3431  -18.3401  -18.3354  -18.3012  -18.2993  -18.2938  -10.3885  -10.2725  -10.2617  -10.0023   -9.9898   -9.8449   -3.4961   -3.0492   -3.0071   -1.9786   -1.8769   -1.6305   -1.5350   -1.3622   -1.2843   -1.2289   -1.1353   -1.1299   -1.0487   -0.9661   -0.8000   -0.7073   -0.6742   -0.5606    2.4769    2.8325    3.1710    3.2717    3.5043    3.5537    4.1873    4.2320    4.3415    4.4377    4.5465    4.8480
  1.3207  -37.5885  -37.5859  -37.5805  -18.4045  -18.4023  -18.3983  -18.3629  -18.3599  -18.3553  -18.3054  -18.3035  -18.2980  -10.3270  -10.2244  -10.2054   -9.9797   -9.9580   -9.8322   -3.3693   -3.0069   -2.9303   -2.1802   -1.9926   -1.8715   -1.7431   -1.5819   -1.5170   -1.3404   -1.2338   -1.2330   -1.1894   -1.0711   -0.8643   -0.7911   -0.7784   -0.6587    2.5240    2.6109    3.0631    3.2063    3.3822    3.4863    3.9676    4.2702    4.4167    4.5733    4.7954    4.9134
  1.3772  -37.5873  -37.5847  -37.5793  -18.3992  -18.3970  -18.3930  -18.3833  -18.3804  -18.3758  -18.3099  -18.3081  -18.3026  -10.2594  -10.1739  -10.1434   -9.9553   -9.9209   -9.8184   -3.2246   -2.9830   -2.8542   -2.4263   -2.1651   -2.1221   -1.9046   -1.8636   -1.6476   -1.4535   -1.3315   -1.3295   -1.2972   -1.1339   -0.9284   -0.9097   -0.8589   -0.7559    2.4015    2.5360    2.9053    3.1959    3.2708    3.4134    3.7550    4.2778    4.3261    4.7343    5.0038    5.1011
  1.4337  -37.5862  -37.5835  -37.5782  -18.4074  -18.4044  -18.4000  -18.3904  -18.3883  -18.3841  -18.3146  -18.3127  -18.3072  -10.1883  -10.1236  -10.0782   -9.9301   -9.8797   -9.8039   -3.0649   -2.9941   -2.8003   -2.6731   -2.3755   -2.3639   -2.1185   -2.0085   -1.7523   -1.5628   -1.4632   -1.4248   -1.3319   -1.1677   -1.0243   -0.9911   -0.9462   -0.8488    2.2156    2.5108    2.6954    3.1557    3.2345    3.3370    3.6263    4.0979    4.3906    4.8171    4.9012    5.2455
  1.4902  -37.5850  -37.5824  -37.5770  -18.4275  -18.4245  -18.4200  -18.3851  -18.3829  -18.3789  -18.3191  -18.3172  -18.3117  -10.1171  -10.0756  -10.0127   -9.9050   -9.8361   -9.7889   -3.0531   -2.9509   -2.8941   -2.7319   -2.6222   -2.5491   -2.3419   -2.0592   -1.8141   -1.6640   -1.5848   -1.5116   -1.3513   -1.1892   -1.1303   -1.0504   -1.0378   -0.9349    2.0614    2.4495    2.4649    3.0383    3.2584    3.2766    3.5780    3.9292    4.4083    4.8972    5.1894    5.3011
  1.5467  -37.5839  -37.5813  -37.5760  -18.4466  -18.4437  -18.4392  -18.3796  -18.3774  -18.3733  -18.3233  -18.3214  -18.3160  -10.0496  -10.0313   -9.9502   -9.8805   -9.7928   -9.7733   -3.1744   -3.1537   -2.8566   -2.7321   -2.7137   -2.7037   -2.5307   -2.0625   -1.8203   -1.7538   -1.6919   -1.5889   -1.3643   -1.2245   -1.2122   -1.1312   -1.1036   -1.0120    1.9457    2.1916    2.4124    2.9350    3.1787    3.2502    3.5784    3.8485    4.4026    4.9550    5.2276    5.3110
  1.6032  -37.5830  -37.5804  -37.5750  -18.4636  -18.4607  -18.4562  -18.3746  -18.3724  -18.3683  -18.3270  -18.3251  -18.3197   -9.9922   -9.9900   -9.8959   -9.8560   -9.7565   -9.7531   -3.3705   -3.2708   -3.0592   -2.8265   -2.7601   -2.7037   -2.5198   -2.0327   -1.8294   -1.7824   -1.7764   -1.6546   -1.3758   -1.3042   -1.2471   -1.2233   -1.1489   -1.0785    1.8730    1.9447    2.3563    2.8527    3.0998    3.1374    3.6029    3.8782    4.3729    5.0002    5.3190    5.4256
  1.6598  -37.5822  -37.5796  -37.5742  -18.4775  -18.4747  -18.4702  -18.3704  -18.3682  -18.3641  -18.3301  -18.3282  -18.3228   -9.9583   -9.9439   -9.8588   -9.8262   -9.7379   -9.7204   -3.5303   -3.3779   -3.2301   -2.9199   -2.8296   -2.8020   -2.3425   -1.9865   -1.8889   -1.8551   -1.7073   -1.7029   -1.3886   -1.3679   -1.3107   -1.2988   -1.1842   -1.1331    1.7275    1.8458    2.2905    2.7915    3.0071    3.0245    3.6362    3.9569    4.3329    5.0184    5.3091    5.4896
  1.7163  -37.5816  -37.5790  -37.5737  -18.4879  -18.4851  -18.4806  -18.3673  -18.3651  -18.3610  -18.3324  -18.3305  -18.3251   -9.9309   -9.9138   -9.8400   -9.7942   -9.7179   -9.6976   -3.6481   -3.4574   -3.3626   -2.9842   -2.9260   -2.8419   -2.1739   -1.9398   -1.9310   -1.9090   -1.7457   -1.6223   -1.4142   -1.4049   -1.3881   -1.3650   -1.2082   -1.1749    1.5565    1.8628    2.2069    2.7496    2.9117    2.9567    3.6678    4.0415    4.2865    5.0333    5.2285    5.3907
  1.7728  -37.5813  -37.5787  -37.5733  -18.4943  -18.4915  -18.4870  -18.3654  -18.3631  -18.3590  -18.3338  -18.3319  -18.3265   -9.9111   -9.9000   -9.8303   -9.7720   -9.6997   -9.6867   -3.7204   -3.4993   -3.4527   -3.0181   -2.9896   -2.8694   -2.0311   -1.9546   -1.9436   -1.9133   -1.7691   -1.5537   -1.4458   -1.4420   -1.4305   -1.4257   -1.2199   -1.2035    1.4463    1.9190    2.1069    2.7254    2.8677    2.9022    3.6900    4.1171    4.2368    5.0543    5.1489    5.3926
  1.8293  -37.5812  -37.5786  -37.5732  -18.4965  -18.4937  -18.4892  -18.3647  -18.3625  -18.3584  -18.3343  -18.3324  -18.3270   -9.9007   -9.8994   -9.8272   -9.7643   -9.6881   -9.6879   -3.7447   -3.4988   -3.4981   -3.0210   -3.0195   -2.8791   -1.9600   -1.9576   -1.9392   -1.9368   -1.7769   -1.5212   -1.4647   -1.4639   -1.4515   -1.4407   -1.2186   -1.2182    1.4082    2.0043    2.0057    2.7174    2.8682    2.8696    3.6980    4.1804    4.1825    5.0796    5.0913    5.4071
  1.8293  -37.5812  -37.5785  -37.5732  -18.4970  -18.4945  -18.4893  -18.3647  -18.3625  -18.3583  -18.3340  -18.3317  -18.3272   -9.9144   -9.8617   -9.8605   -9.7282   -9.7278   -9.6713   -3.6801   -3.6774   -3.2957   -3.1905   -2.9106   -2.9079   -2.0491   -2.0012   -1.8605   -1.8584   -1.6879   -1.6828   -1.4799   -1.4354   -1.4316   -1.3586   -1.3578   -1.1642    1.6164    1.6196    2.1729    2.7460    2.7475    2.9939    3.8297    3.8359    4.4429    4.9457    5.2992    5.4381
  1.8830  -37.5813  -37.5787  -37.5733  -18.4951  -18.4926  -18.4874  -18.3652  -18.3631  -18.3589  -18.3335  -18.3313  -18.3268   -9.9192   -9.8763   -9.8530   -9.7466   -9.7213   -9.6760   -3.6660   -3.6508   -3.2738   -3.1761   -2.9189   -2.8793   -2.0804   -1.9927   -1.8526   -1.8503   -1.7508   -1.6795   -1.4573   -1.4259   -1.4005   -1.3525   -1.3500   -1.1584    1.5748    1.7055    2.1740    2.7334    2.7779    3.0114    3.7747    3.8836    4.4301    4.9526    5.2694    5.4524
  1.9366  -37.5816  -37.5790  -37.5736  -18.4895  -18.4869  -18.4817  -18.3669  -18.3648  -18.3606  -18.3323  -18.3300  -18.3255   -9.9338   -9.8971   -9.8550   -9.7733   -9.7276   -9.6891   -3.6132   -3.5826   -3.2088   -3.1337   -2.9070   -2.8325   -2.1618   -1.9671   -1.8562   -1.8296   -1.8259   -1.7087   -1.4005   -1.3886   -1.3568   -1.3335   -1.3275   -1.1410    1.5788    1.8318    2.1789    2.7400    2.8250    3.0611    3.7077    3.9312    4.3926    4.9757    5.3340    5.3978
  1.9903  -37.5821  -37.5795  -37.5741  -18.4803  -18.4778  -18.4725  -18.3697  -18.3675  -18.3633  -18.3303  -18.3280  -18.3235   -9.9589   -9.9227   -9.8739   -9.7996   -9.7465   -9.7084   -3.5236   -3.4756   -3.1031   -3.0662   -2.8739   -2.7760   -2.2709   -1.9697   -1.9249   -1.7921   -1.7852   -1.7478   -1.3415   -1.3277   -1.3259   -1.3024   -1.2903   -1.1123    1.6291    1.9894    2.1910    2.7694    2.8863    3.1355    3.6334    3.9812    4.3335    5.0079    5.3433    5.4661
  2.0439  -37.5828  -37.5802  -37.5748  -18.4679  -18.4653  -18.4601  -18.3734  -18.3712  -18.3671  -18.3275  -18.3253  -18.3208   -9.9950   -9.9522   -9.9139   -9.8187   -9.7767   -9.7307   -3.4020   -3.3326   -2.9855   -2.9575   -2.8209   -2.7259   -2.3851   -2.0624   -1.8669   -1.7870   -1.7412   -1.7281   -1.3171   -1.2931   -1.2604   -1.2452   -1.2388   -1.0726    1.7217    2.1683    2.2139    2.8258    2.9596    3.2220    3.5579    4.0389    4.2601    5.0355    5.2611    5.3117
  2.0976  -37.5836  -37.5810  -37.5756  -18.4527  -18.4502  -18.4449  -18.3779  -18.3757  -18.3716  -18.3242  -18.3219  -18.3174  -10.0417   -9.9852   -9.9680   -9.8349   -9.8155   -9.7535   -3.2573   -3.1580   -2.9155   -2.7831   -2.7491   -2.7087   -2.4658   -2.1002   -1.8212   -1.7942   -1.6779   -1.6552   -1.3196   -1.2485   -1.2089   -1.1735   -1.1617   -1.0225    1.8502    2.2497    2.3550    2.9133    3.0422    3.3022    3.4931    4.1050    4.1882    5.0583    5.2359    5.3179
  2.1512  -37.5846  -37.5820  -37.5766  -18.4354  -18.4328  -18.4275  -18.3829  -18.3808  -18.3766  -18.3204  -18.3181  -18.3136  -10.0973  -10.0289  -10.0213   -9.8598   -9.8523   -9.7749   -3.1049   -2.9633   -2.9255   -2.7367   -2.6574   -2.5894   -2.4347   -2.0603   -1.8457   -1.7084   -1.6037   -1.5673   -1.3232   -1.2102   -1.1500   -1.0953   -1.0780   -0.9626    2.0077    2.2985    2.5337    3.0263    3.1312    3.3510    3.4635    4.1441    4.1771    5.0157    5.1499    5.2346
  2.2049  -37.5856  -37.5830  -37.5777  -18.4167  -18.4141  -18.4087  -18.3881  -18.3860  -18.3819  -18.3162  -18.3140  -18.3095  -10.1588  -10.0918  -10.0610   -9.9056   -9.8722   -9.7944   -3.0223   -2.9711   -2.8674   -2.6805   -2.5400   -2.3984   -2.2649   -1.9577   -1.8528   -1.6118   -1.5203   -1.4656   -1.3144   -1.1791   -1.0858   -1.0059   -0.9953   -0.8938    2.1879    2.3568    2.6932    3.1251    3.2240    3.3500    3.5220    4.1513    4.2457    4.7918    5.0838    5.1643
  2.2586  -37.5867  -37.5841  -37.5787  -18.4001  -18.3976  -18.3929  -18.3906  -18.3882  -18.3835  -18.3119  -18.3096  -18.3051  -10.2232  -10.1538  -10.1045   -9.9491   -9.8944   -9.8117   -3.1508   -2.9400   -2.8849   -2.4513   -2.3946   -2.2042   -2.0224   -1.8290   -1.8198   -1.5071   -1.4296   -1.3516   -1.2808   -1.1535   -1.0186   -0.9149   -0.9075   -0.8170    2.3854    2.4163    2.8311    3.1768    3.3121    3.3184    3.7023    4.2035    4.2927    4.6536    5.0446    5.1421
  2.3122  -37.5878  -37.5852  -37.5798  -18.4014  -18.3993  -18.3952  -18.3748  -18.3722  -18.3668  -18.3076  -18.3053  -18.3008  -10.2872  -10.2125  -10.1516   -9.9870   -9.9183   -9.8270   -3.2834   -3.0253   -2.8556   -2.2436   -2.1997   -1.9971   -1.7550   -1.7512   -1.6665   -1.3981   -1.3340   -1.2277   -1.2136   -1.1273   -0.9513   -0.8379   -0.8039   -0.7335    2.4623    2.5951    2.9427    3.2291    3.2749    3.4129    3.9541    4.2739    4.3205    4.5387    4.9073    5.0303
  2.3659  -37.5889  -37.5863  -37.5809  -18.4066  -18.4045  -18.4004  -18.3557  -18.3531  -18.3476  -18.3034  -18.3011  -18.2966  -10.3482  -10.2659  -10.2007  -10.0178   -9.9432   -9.8403   -3.4090   -3.1019   -2.8725   -2.1213   -1.9582   -1.7817   -1.6170   -1.5095   -1.4675   -1.2893   -1.2362   -1.1101   -1.0977   -1.0874   -0.8862   -0.7659   -0.6992   -0.6450    2.4772    2.8105    3.0233    3.2734    3.3208    3.5052    4.2319    4.2748    4.3421    4.5184    4.7187    4.7980
  2.4195  -37.5898  -37.5872  -37.5818  -18.4116  -18.4095  -18.4055  -18.3377  -18.3351  -18.3295  -18.2995  -18.2973  -18.2927  -10.4037  -10.3122  -10.2493  -10.0411   -9.9681   -9.8516   -3.5220   -3.1643   -2.9193   -2.0342   -1.7661   -1.5665   -1.4334   -1.3461   -1.1859   -1.1819   -1.1391   -1.0157   -0.9736   -0.9679   -0.8241   -0.7006   -0.5990   -0.5538    2.4548    3.0216    3.0879    3.3205    3.4434    3.5911    4.1854    4.2478    4.3598    4.4630    4.5625    4.6706
  2.4732  -37.5907  -37.5881  -37.5827  -18.4160  -18.4139  -18.4099  -18.3218  -18.3191  -18.3135  -18.2961  -18.2939  -18.2893  -10.4517  -10.3503  -10.2946  -10.0575   -9.9921   -9.8608   -3.6186   -3.2096   -2.9817   -1.9669   -1.6633   -1.3620   -1.2407   -1.1637   -1.0931   -1.0462   -0.9065   -0.9043   -0.8547   -0.8145   -0.7571   -0.6434   -0.5101   -0.4640    2.4060    3.1552    3.2125    3.4027    3.5713    3.6592    4.0679    4.1160    4.1928    4.2197    4.4213    4.5383
  2.5268  -37.5914  -37.5888  -37.5834  -18.4197  -18.4176  -18.4136  -18.3086  -18.3059  -18.3003  -18.2934  -18.2911  -18.2865  -10.4906  -10.3789  -10.3342  -10.0673  -10.0142   -9.8680   -3.6962   -3.2367   -3.0485   -1.9077   -1.6383   -1.1804   -1.0667   -1.0158   -0.9879   -0.9611   -0.7897   -0.7612   -0.6634   -0.6629   -0.6516   -0.5894   -0.4403   -0.3811    2.3470    3.2313    3.3603    3.4955    3.6808    3.6868    3.9044    3.9513    3.9891    4.0489    4.0686    4.2360
  2.5805  -37.5919  -37.5893  -37.5839  -18.4224  -18.4203  -18.4163  -18.2988  -18.2961  -18.2913  -18.2904  -18.2890  -18.2845  -10.5193  -10.3974  -10.3662  -10.0710  -10.0338   -9.8732   -3.7529   -3.2452   -3.1121   -1.8513   -1.6559   -1.0355   -0.9580   -0.9268   -0.8874   -0.8611   -0.7652   -0.6057   -0.5748   -0.5596   -0.5116   -0.4371   -0.3973   -0.3128    2.2910    3.3119    3.4396    3.5761    3.6862    3.7524    3.7840    3.7989    3.8037    3.8852    4.0282    4.0601
  2.6341  -37.5922  -37.5896  -37.5842  -18.4240  -18.4220  -18.4180  -18.2928  -18.2900  -18.2900  -18.2877  -18.2844  -18.2831  -10.5369  -10.4053  -10.3894  -10.0691  -10.0498   -9.8763   -3.7874   -3.2356   -3.1668   -1.7962   -1.6944   -0.9409   -0.9223   -0.8306   -0.8284   -0.7942   -0.7656   -0.5534   -0.4768   -0.4722   -0.4240   -0.3872   -0.2992   -0.2674    2.2494    3.3834    3.4507    3.6232    3.6863    3.6937    3.6994    3.7174    3.7529    3.7698    3.9429    4.0069
  2.6878  -37.5923  -37.5897  -37.5843  -18.4246  -18.4225  -18.4186  -18.2908  -18.2894  -18.2881  -18.2871  -18.2829  -18.2821  -10.5427  -10.4028  -10.4023  -10.0625  -10.0612   -9.8773   -3.7990   -3.2092   -3.2084   -1.7436   -1.7424   -0.9103   -0.9077   -0.7875   -0.7875   -0.7855   -0.7836   -0.5470   -0.4132   -0.4128   -0.4108   -0.4100   -0.2515   -0.2495    2.2337    3.4277    3.4312    3.6185    3.6656    3.6674    3.7108    3.7130    3.7137    3.7150    3.9582    3.9637
  2.6878  -37.5923  -37.5897  -37.5843  -18.4246  -18.4225  -18.4186  -18.2908  -18.2894  -18.2881  -18.2871  -18.2829  -18.2821  -10.5427  -10.4028  -10.4023  -10.0625  -10.0612   -9.8773   -3.7990   -3.2092   -3.2084   -1.7436   -1.7424   -0.9103   -0.9077   -0.7875   -0.7875   -0.7855   -0.7836   -0.5470   -0.4132   -0.4128   -0.4108   -0.4100   -0.2515   -0.2495    2.2337    3.4277    3.4312    3.6185    3.6656    3.6671    3.7108    3.7130    3.7137    3.7148    3.9608    3.9618
  2.7414  -37.5922  -37.5896  -37.5842  -18.4240  -18.4220  -18.4180  -18.2925  -18.2902  -18.2892  -18.2885  -18.2845  -18.2829  -10.5369  -10.4054  -10.3893  -10.0692  -10.0498   -9.8763   -3.7874   -3.2358   -3.1665   -1.7965   -1.6941   -0.9411   -0.9219   -0.8456   -0.8133   -0.7826   -0.7770   -0.5536   -0.4944   -0.4546   -0.4093   -0.4019   -0.3043   -0.2623    2.2495    3.3841    3.4484    3.6255    3.6877    3.6920    3.6960    3.7189    3.7504    3.7762    3.9379    4.0093
  2.7951  -37.5919  -37.5893  -37.5839  -18.4224  -18.4203  -18.4163  -18.2984  -18.2953  -18.2917  -18.2906  -18.2898  -18.2843  -10.5193  -10.3979  -10.3657  -10.0717  -10.0331   -9.8733   -3.7528   -3.2472   -3.1099   -1.8543   -1.6535   -1.0298   -0.9625   -0.9538   -0.8587   -0.8308   -0.7946   -0.6422   -0.5784   -0.5231   -0.4801   -0.4485   -0.4304   -0.2989    2.2921    3.2981    3.4368    3.5792    3.6703    3.7800    3.7901    3.8007    3.8164    3.9013    3.9649    4.0986
  2.8487  -37.5914  -37.5888  -37.5834  -18.4197  -18.4176  -18.4136  -18.3082  -18.3051  -18.3004  -18.2938  -18.2919  -18.2864  -10.4904  -10.3806  -10.3323  -10.0696  -10.0122   -9.8684   -3.6955   -3.2433   -3.0410   -1.9191   -1.6285   -1.1661   -1.1029   -1.0259   -0.9299   -0.9183   -0.8449   -0.8266   -0.6975   -0.6042   -0.6001   -0.5838   -0.4927   -0.3567    2.3534    3.1590    3.3984    3.4984    3.6351    3.8130    3.9116    3.9243    4.0200    4.0315    4.1138    4.2436
  2.9023  -37.5907  -37.5881  -37.5827  -18.4160  -18.4139  -18.4099  -18.3214  -18.3183  -18.3136  -18.2965  -18.2947  -18.2892  -10.4510  -10.3544  -10.2898  -10.0630   -9.9872   -9.8618   -3.6163   -3.2250   -2.9630   -1.9980   -1.6327   -1.3397   -1.2819   -1.1071   -1.0896   -0.9970   -0.9892   -0.9507   -0.9327   -0.7492   -0.6702   -0.6415   -0.5815   -0.4315    2.4266    2.9805    3.3391    3.3988    3.5910    3.7749    4.0778    4.1045    4.1184    4.2784    4.3320    4.3649
  2.9560  -37.5898  -37.5872  -37.5819  -18.4116  -18.4095  -18.4055  -18.3373  -18.3343  -18.3296  -18.2999  -18.2980  -18.2926  -10.4021  -10.3201  -10.2396  -10.0521   -9.9587   -9.8539   -3.5162   -3.1943   -2.8808   -2.1040   -1.6844   -1.5435   -1.4811   -1.2749   -1.2281   -1.2002   -1.1427   -1.0687   -1.0497   -0.8783   -0.7311   -0.7039   -0.6874   -0.5190    2.5063    2.7869    3.2546    3.2951    3.5437    3.6584    4.1474    4.1592    4.2672    4.3910    4.5482    4.7302
  3.0096  -37.5889  -37.5863  -37.5809  -18.4066  -18.4044  -18.4004  -18.3553  -18.3523  -18.3477  -18.3038  -18.3019  -18.2964  -10.3449  -10.2793  -10.1833  -10.0371   -9.9274   -9.8450   -3.3967   -3.1538   -2.8017   -2.2509   -1.7929   -1.7744   -1.6926   -1.4995   -1.4254   -1.2994   -1.2805   -1.1811   -1.1542   -0.9658   -0.8017   -0.7883   -0.7749   -0.6148    2.5826    2.5984    3.1262    3.2041    3.4979    3.5046    3.9995    4.1840    4.4108    4.5479    4.7249    4.8649
  3.0633  -37.5878  -37.5852  -37.5798  -18.4014  -18.3992  -18.3952  -18.3745  -18.3716  -18.3669  -18.3079  -18.3060  -18.3006  -10.2810  -10.2335  -10.1233  -10.0179   -9.8939   -9.8355   -3.2597   -3.1081   -2.7357   -2.4400   -2.0297   -1.9490   -1.9021   -1.7464   -1.5206   -1.4028   -1.3997   -1.3154   -1.2437   -1.0152   -0.9157   -0.8533   -0.8443   -0.7149    2.4292    2.6377    2.9301    3.1470    3.3527    3.4546    3.9047    4.2436    4.3589    4.5881    4.7954    5.0129
  3.1169  -37.5867  -37.5841  -37.5788  -18.3995  -18.3969  -18.3927  -18.3907  -18.3882  -18.3837  -18.3123  -18.3104  -18.3049  -10.2124  -10.1844  -10.0636   -9.9932   -9.8592   -9.8257   -3.1084   -3.0644   -2.6962   -2.6524   -2.2979   -2.1541   -2.0692   -1.9631   -1.5700   -1.4965   -1.4932   -1.4455   -1.3353   -1.0472   -1.0231   -0.9357   -0.9000   -0.8156    2.2891    2.6489    2.6783    3.1422    3.2302    3.4120    3.8493    4.0842    4.2891    4.6661    5.0652    5.0926
  3.1705  -37.5856  -37.5830  -37.5777  -18.4161  -18.4132  -18.4087  -18.3883  -18.3861  -18.3820  -18.3166  -18.3147  -18.3092  -10.1412  -10.1340  -10.0124   -9.9577   -9.8242   -9.8162   -3.0345   -2.9487   -2.8758   -2.6833   -2.5620   -2.3693   -2.1953   -2.1505   -1.6096   -1.5865   -1.5670   -1.5207   -1.4272   -1.1188   -1.0796   -1.0200   -0.9537   -0.9139    2.1838    2.4081    2.6141    3.1286    3.1735    3.3678    3.8059    3.8224    4.3398    4.7680    5.1122    5.1661
  3.2242  -37.5846  -37.5820  -37.5766  -18.4348  -18.4319  -18.4274  -18.3830  -18.3808  -18.3767  -18.3207  -18.3188  -18.3134  -10.0846  -10.0702   -9.9765   -9.9082   -9.8072   -9.7902   -3.0848   -3.0326   -2.8475   -2.7548   -2.7061   -2.5718   -2.3016   -2.2718   -1.6769   -1.6664   -1.6464   -1.5169   -1.4912   -1.1999   -1.1221   -1.1039   -1.0070   -1.0039    2.1155    2.1468    2.5481    3.0406    3.1657    3.3187    3.6080    3.8140    4.3829    4.8773    5.1679    5.2434
  3.2778  -37.5836  -37.5810  -37.5757  -18.4522  -18.4493  -18.4448  -18.3779  -18.3757  -18.3717  -18.3245  -18.3226  -18.3172  -10.0380  -10.0028   -9.9491   -9.8549   -9.7985   -9.7582   -3.2724   -3.0661   -3.0526   -2.7533   -2.7505   -2.6695   -2.3705   -2.2893   -1.7724   -1.7348   -1.6665   -1.6013   -1.4398   -1.2650   -1.1850   -1.1784   -1.0927   -1.0493    1.9128    2.0828    2.4524    2.9642    3.0412    3.2620    3.5755    3.8180    4.4139    4.9893    5.2705    5.3335
  3.3315  -37.5828  -37.5802  -37.5748  -18.4674  -18.4645  -18.4600  -18.3734  -18.3712  -18.3671  -18.3278  -18.3260  -18.3205   -9.9965   -9.9432   -9.9252   -9.8067   -9.7891   -9.7296   -3.4308   -3.2510   -3.1247   -2.9076   -2.8032   -2.6957   -2.2779   -2.2574   -1.8524   -1.7897   -1.6776   -1.6714   -1.3898   -1.3141   -1.2611   -1.2472   -1.1691   -1.0882    1.7218    2.0807    2.3129    2.8945    2.8992    3.1973    3.6307    3.8292    4.4318    5.0767    5.2652    5.3603
  3.3851  -37.5821  -37.5795  -37.5741  -18.4798  -18.4769  -18.4725  -18.3697  -18.3675  -18.3634  -18.3306  -18.3287  -18.3233   -9.9620   -9.9039   -9.8969   -9.7770   -9.7678   -9.7057   -3.5543   -3.4170   -3.1897   -3.0307   -2.8525   -2.7716   -2.1968   -2.1116   -1.9156   -1.8299   -1.7429   -1.6657   -1.3607   -1.3474   -1.3297   -1.3237   -1.2346   -1.1196    1.5886    2.1011    2.1303    2.8009    2.8451    3.1278    3.6995    3.8407    4.4420    5.0442    5.2133    5.3907
  3.4387  -37.5816  -37.5790  -37.5736  -18.4889  -18.4861  -18.4817  -18.3670  -18.3648  -18.3607  -18.3326  -18.3307  -18.3253   -9.9361   -9.8856   -9.8693   -9.7598   -9.7411   -9.6875   -3.6386   -3.5458   -3.2459   -3.1194   -2.8900   -2.8387   -2.1278   -1.9613   -1.9394   -1.8547   -1.7954   -1.6549   -1.3990   -1.3877   -1.3652   -1.3648   -1.2881   -1.1427    1.5249    1.9339    2.1325    2.7563    2.8019    3.0621    3.7600    3.8488    4.4438    5.0025    5.2612    5.4463
  3.4924  -37.5813  -37.5787  -37.5733  -18.4946  -18.4917  -18.4873  -18.3653  -18.3631  -18.3589  -18.3338  -18.3320  -18.3265   -9.9200   -9.8710   -9.8594   -9.7411   -9.7281   -9.6762   -3.6808   -3.6339   -3.2834   -3.1725   -2.9100   -2.8854   -2.0707   -1.9889   -1.8636   -1.8336   -1.7874   -1.6508   -1.4583   -1.4279   -1.4005   -1.3675   -1.3285   -1.1568    1.5357    1.7550    2.1609    2.7426    2.7695    3.0132    3.8055    3.8481    4.4450    4.9878    5.3054    5.4595
  3.5460  -37.5812  -37.5786  -37.5732  -18.4965  -18.4937  -18.4892  -18.3647  -18.3625  -18.3584  -18.3343  -18.3324  -18.3270   -9.9145   -9.8619   -9.8612   -9.7291   -9.7285   -9.6724   -3.6803   -3.6784   -3.2966   -3.1902   -2.9096   -2.9086   -2.0477   -1.9981   -1.8573   -1.8556   -1.6857   -1.6835   -1.4818   -1.4350   -1.4344   -1.3557   -1.3547   -1.1615    1.6160    1.6170    2.1724    2.7484    2.7492    2.9948    3.8327    3.8365    4.4454    4.9507    5.2492    5.4332
  3.5460  -37.5812  -37.5785  -37.5732  -18.4970  -18.4945  -18.4893  -18.3647  -18.3625  -18.3583  -18.3340  -18.3317  -18.3272   -9.9006   -9.8991   -9.8265   -9.7637   -9.6871   -9.6869   -3.7442   -3.4983   -3.4975   -3.0207   -3.0199   -2.8794   -1.9629   -1.9609   -1.9404   -1.9381   -1.7796   -1.5210   -1.4640   -1.4613   -1.4548   -1.4401   -1.2214   -1.2210    1.4098    2.0057    2.0062    2.7152    2.8657    2.8690    3.6963    4.1783    4.1806    5.0771    5.0818    5.4177
  3.6025  -37.5813  -37.5787  -37.5733  -18.4949  -18.4923  -18.4871  -18.3653  -18.3631  -18.3589  -18.3335  -18.3312  -18.3267   -9.9108   -9.8998   -9.8296   -9.7715   -9.6986   -9.6858   -3.7198   -3.4988   -3.4522   -3.0180   -2.9898   -2.8696   -2.0319   -1.9576   -1.9467   -1.9147   -1.7718   -1.5535   -1.4459   -1.4440   -1.4288   -1.4252   -1.2227   -1.2062    1.4480    1.9199    2.1078    2.7232    2.8663    2.9007    3.6883    4.1151    4.2347    5.0826    5.1456    5.4303
  3.6591  -37.5816  -37.5790  -37.5736  -18.4884  -18.4859  -18.4807  -18.3672  -18.3651  -18.3609  -18.3321  -18.3298  -18.3253   -9.9307   -9.9137   -9.8393   -9.7938   -9.7168   -9.6967   -3.6475   -3.4568   -3.3620   -2.9839   -2.9261   -2.8420   -2.1744   -1.9411   -1.9340   -1.9121   -1.7484   -1.6221   -1.4174   -1.4050   -1.3869   -1.3633   -1.2110   -1.1776    1.5582    1.8637    2.2076    2.7474    2.9107    2.9552    3.6662    4.0394    4.2842    5.0303    5.2720    5.3836
  3.7156  -37.5822  -37.5796  -37.5742  -18.4781  -18.4755  -18.4703  -18.3704  -18.3682  -18.3640  -18.3298  -18.3275  -18.3230   -9.9580   -9.9438   -9.8581   -9.8259   -9.7368   -9.7195   -3.5296   -3.3773   -3.2295   -2.9194   -2.8297   -2.8018   -2.3428   -1.9877   -1.8920   -1.8581   -1.7100   -1.7027   -1.3888   -1.3710   -1.3098   -1.2974   -1.1870   -1.1357    1.7293    1.8467    2.2909    2.7893    3.0067    3.0231    3.6346    3.9548    4.3306    5.0097    5.2780    5.3844
  3.7722  -37.5830  -37.5804  -37.5750  -18.4641  -18.4615  -18.4563  -18.3745  -18.3724  -18.3682  -18.3267  -18.3244  -18.3199   -9.9919   -9.9900   -9.8952   -9.8557   -9.7556   -9.7522   -3.3698   -3.2703   -3.0585   -2.8257   -2.7596   -2.7036   -2.5199   -2.0338   -1.8324   -1.7853   -1.7764   -1.6572   -1.3761   -1.3073   -1.2459   -1.2225   -1.1516   -1.0810    1.8739    1.9467    2.3563    2.8505    3.0982    3.1378    3.6013    3.8760    4.3712    4.9876    5.2977    5.4494
  3.8287  -37.5839  -37.5813  -37.5760  -18.4472  -18.4446  -18.4393  -18.3795  -18.3774  -18.3732  -18.3230  -18.3207  -18.3162  -10.0495  -10.0312   -9.9497   -9.8802   -9.7921   -9.7724   -3.1735   -3.1532   -2.8558   -2.7313   -2.7138   -2.7026   -2.5304   -2.0633   -1.8205   -1.7568   -1.6947   -1.5914   -1.3646   -1.2275   -1.2113   -1.1305   -1.1063   -1.0144    1.9467    2.1936    2.4122    2.9329    3.1771    3.2509    3.5769    3.8466    4.3995    5.0152    5.2241    5.4148
  3.8852  -37.5850  -37.5824  -37.5770  -18.4280  -18.4254  -18.4201  -18.3850  -18.3829  -18.3788  -18.3187  -18.3165  -18.3120  -10.1170  -10.0755  -10.0122   -9.9047   -9.8354   -9.7882   -3.0528   -2.9500   -2.8940   -2.7309   -2.6215   -2.5478   -2.3414   -2.0597   -1.8144   -1.6670   -1.5875   -1.5141   -1.3516   -1.1884   -1.1332   -1.0531   -1.0372   -0.9372    2.0625    2.4513    2.4647    3.0366    3.2568    3.2768    3.5765    3.9279    4.4092    4.9240    5.1460    5.2864
  3.9418  -37.5861  -37.5835  -37.5782  -18.4080  -18.4054  -18.4001  -18.3903  -18.3881  -18.3840  -18.3142  -18.3120  -18.3074  -10.1883  -10.1236  -10.0778   -9.9299   -9.8791   -9.8034   -3.0648   -2.9940   -2.7993   -2.6720   -2.3747   -2.3624   -2.1177   -2.0086   -1.7525   -1.5657   -1.4659   -1.4272   -1.3321   -1.1672   -1.0271   -0.9937   -0.9456   -0.8510    2.2168    2.5108    2.6965    3.1545    3.2338    3.3354    3.6252    4.0973    4.3775    4.8213    5.0922    5.2184
  3.9983  -37.5873  -37.5847  -37.5793  -18.3994  -18.3973  -18.3930  -18.3835  -18.3810  -18.3756  -18.3096  -18.3073  -18.3028  -10.2593  -10.1739  -10.1430   -9.9552   -9.9204   -9.8180   -3.2246   -2.9830   -2.8532   -2.4254   -2.1635   -2.1212   -1.9041   -1.8624   -1.6475   -1.4563   -1.3342   -1.3318   -1.2972   -1.1336   -0.9309   -0.9123   -0.8584   -0.7579    2.4029    2.5363    2.9052    3.1946    3.2701    3.4119    3.7548    4.2777    4.3264    4.6561    4.7584    5.0904
  4.0548  -37.5884  -37.5858  -37.5805  -18.4045  -18.4024  -18.3983  -18.3633  -18.3607  -18.3552  -18.3050  -18.3028  -18.2982  -10.3269  -10.2244  -10.2051   -9.9796   -9.9575   -9.8319   -3.3692   -3.0071   -2.9294   -2.1795   -1.9910   -1.8705   -1.7421   -1.5806   -1.5166   -1.3432   -1.2357   -1.2330   -1.1919   -1.0708   -0.8667   -0.7936   -0.7781   -0.6606    2.5246    2.6124    3.0619    3.2044    3.3817    3.4850    3.9686    4.2692    4.4158    4.5811    4.7868    4.9837
  4.1114  -37.5895  -37.5869  -37.5815  -18.4100  -18.4079  -18.4038  -18.3435  -18.3409  -18.3353  -18.3008  -18.2985  -18.2940  -10.3885  -10.2726  -10.2615  -10.0023   -9.9895   -9.8446   -3.4961   -3.0495   -3.0064   -1.9783   -1.8755   -1.6292   -1.5337   -1.3613   -1.2829   -1.2316   -1.1376   -1.1290   -1.0511   -0.9656   -0.8021   -0.7070   -0.6766   -0.5624    2.4775    2.8340    3.1692    3.2695    3.5034    3.5526    4.1937    4.2447    4.3638    4.4748    4.5929    4.7486
  4.1679  -37.5905  -37.5879  -37.5825  -18.4149  -18.4128  -18.4088  -18.3258  -18.3231  -18.3175  -18.2970  -18.2947  -18.2902  -10.4417  -10.3160  -10.3104  -10.0223  -10.0157   -9.8558   -3.6028   -3.0973   -3.0758   -1.8505   -1.8080   -1.4045   -1.3166   -1.1743   -1.1277   -1.0432   -0.9912   -0.9847   -0.9234   -0.8197   -0.7337   -0.6473   -0.5691   -0.4678    2.4133    3.0511    3.2473    3.3683    3.6104    3.6264    4.1169    4.1391    4.1609    4.3064    4.4798    4.5454
  4.2244  -37.5912  -37.5886  -37.5833  -18.4190  -18.4169  -18.4129  -18.3110  -18.3083  -18.3027  -18.2939  -18.2916  -18.2871  -10.4849  -10.3523  -10.3499  -10.0390  -10.0359   -9.8649   -3.6877   -3.1419   -3.1329   -1.7862   -1.7718   -1.2066   -1.1189   -1.0381   -0.9883   -0.9568   -0.8307   -0.8268   -0.7058   -0.6558   -0.6506   -0.6006   -0.4802   -0.3824    2.3480    3.2381    3.3139    3.4747    3.6519    3.7260    3.9443    3.9596    4.0472    4.0735    4.1219    4.2848
  4.2810  -37.5918  -37.5892  -37.5838  -18.4221  -18.4200  -18.4160  -18.2999  -18.2972  -18.2915  -18.2915  -18.2893  -18.2847  -10.5167  -10.3798  -10.3789  -10.0517  -10.0501   -9.8717   -3.7492   -3.1777   -3.1749   -1.7575   -1.7536   -1.0484   -0.9689   -0.9568   -0.8827   -0.8566   -0.7839   -0.6451   -0.5699   -0.5545   -0.5098   -0.4691   -0.4196   -0.3131    2.2906    3.3634    3.3732    3.5661    3.6754    3.7769    3.8010    3.8097    3.8346    3.9127    4.0204    4.0795
  4.3375  -37.5922  -37.5896  -37.5842  -18.4240  -18.4219  -18.4179  -18.2931  -18.2903  -18.2900  -18.2878  -18.2846  -18.2832  -10.5362  -10.3969  -10.3964  -10.0597  -10.0584   -9.8759   -3.7865   -3.2011   -3.2001   -1.7463   -1.7451   -0.9444   -0.9252   -0.8424   -0.8250   -0.7894   -0.7722   -0.5522   -0.4922   -0.4689   -0.4189   -0.3956   -0.3077   -0.2674    2.2493    3.4142    3.4186    3.6211    3.6914    3.6947    3.7013    3.7200    3.7557    3.7783    3.9760    3.9808
  4.3940  -37.5923  -37.5897  -37.5843  -18.4246  -18.4225  -18.4186  -18.2908  -18.2894  -18.2881  -18.2871  -18.2829  -18.2821  -10.5427  -10.4028  -10.4023  -10.0625  -10.0612   -9.8773   -3.7990   -3.2092   -3.2084   -1.7436   -1.7424   -0.9103   -0.9077   -0.7875   -0.7875   -0.7855   -0.7836   -0.5470   -0.4132   -0.4128   -0.4108   -0.4100   -0.2515   -0.2495    2.2337    3.4277    3.4312    3.6185    3.6656    3.6671    3.7109    3.7130    3.7143    3.7151    3.9587    3.9602
  4.3940  -37.5923  -37.5897  -37.5843  -18.4246  -18.4225  -18.4186  -18.2908  -18.2894  -18.2881  -18.2871  -18.2829  -18.2821  -10.5427  -10.4028  -10.4023  -10.0625  -10.0612   -9.8773   -3.7990   -3.2092   -3.2084   -1.7436   -1.7424   -0.9103   -0.9077   -0.7875   -0.7875   -0.7855   -0.7836   -0.5470   -0.4132   -0.4128   -0.4108   -0.4100   -0.2515   -0.2495    2.2337    3.4277    3.4312    3.6185    3.6656    3.6672    3.7108    3.7130    3.7141    3.7151    3.9590    3.9611
  4.4477  -37.5922  -37.5896  -37.5842  -18.4240  -18.4220  -18.4180  -18.2917  -18.2911  -18.2900  -18.2878  -18.2850  -18.2825  -10.5369  -10.4054  -10.3893  -10.0692  -10.0498   -9.8763   -3.7874   -3.2359   -3.1665   -1.7967   -1.6940   -0.9405   -0.9226   -0.8448   -0.8142   -0.7817   -0.7779   -0.5536   -0.4937   -0.4552   -0.4088   -0.4025   -0.3036   -0.2629    2.2495    3.3843    3.4478    3.6242    3.6884    3.6926    3.6961    3.7180    3.7518    3.7754    3.9391    4.0082
  4.5013  -37.5919  -37.5893  -37.5839  -18.4224  -18.4203  -18.4163  -18.2976  -18.2960  -18.2925  -18.2910  -18.2891  -18.2838  -10.5193  -10.3979  -10.3657  -10.0717  -10.0331   -9.8732   -3.7528   -3.2473   -3.1098   -1.8545   -1.6531   -1.0292   -0.9631   -0.9531   -0.8595   -0.8302   -0.7954   -0.6413   -0.5788   -0.5237   -0.4799   -0.4476   -0.4310   -0.2996    2.2922    3.2984    3.4358    3.5777    3.6710    3.7801    3.7899    3.8010    3.8170    3.9002    3.9681    4.0935
  4.5550  -37.5914  -37.5888  -37.5834  -18.4196  -18.4176  -18.4136  -18.3075  -18.3058  -18.3009  -18.2945  -18.2912  -18.2859  -10.4904  -10.3806  -10.3322  -10.0696  -10.0121   -9.8683   -3.6955   -3.2434   -3.0409   -1.9193   -1.6279   -1.1655   -1.1023   -1.0266   -0.9297   -0.9190   -0.8457   -0.8257   -0.6979   -0.6045   -0.6005   -0.5828   -0.4934   -0.3573    2.3535    3.1593    3.3972    3.4971    3.6354    3.8115    3.9112    3.9227    4.0196    4.0350    4.0850    4.2413
  4.6086  -37.5907  -37.5881  -37.5827  -18.4160  -18.4139  -18.4099  -18.3207  -18.3190  -18.3141  -18.2973  -18.2940  -18.2887  -10.4510  -10.3544  -10.2898  -10.0630   -9.9871   -9.8618   -3.6163   -3.2251   -2.9628   -1.9983   -1.6319   -1.3393   -1.2815   -1.1079   -1.0893   -0.9964   -0.9899   -0.9507   -0.9335   -0.7496   -0.6708   -0.6410   -0.5822   -0.4322    2.4267    2.9810    3.3379    3.3976    3.5904    3.7689    4.0880    4.0999    4.1454    4.2739    4.3490    4.4183
  4.6622  -37.5898  -37.5872  -37.5818  -18.4115  -18.4095  -18.4055  -18.3366  -18.3349  -18.3301  -18.3007  -18.2974  -18.2920  -10.4021  -10.3201  -10.2396  -10.0521   -9.9586   -9.8538   -3.5162   -3.1944   -2.8805   -2.1042   -1.6834   -1.5431   -1.4808   -1.2745   -1.2281   -1.2010   -1.1424   -1.0694   -1.0505   -0.8789   -0.7319   -0.7035   -0.6883   -0.5197    2.5064    2.7874    3.2536    3.2940    3.5437    3.6576    4.1459    4.1612    4.3257    4.4237    4.5573    4.6847
  4.7159  -37.5889  -37.5863  -37.5809  -18.4065  -18.4045  -18.4005  -18.3547  -18.3529  -18.3481  -18.3045  -18.3012  -18.2959  -10.3449  -10.2793  -10.1833  -10.0370   -9.9273   -9.8448   -3.3967   -3.1539   -2.8013   -2.2511   -1.7919   -1.7740   -1.6923   -1.4996   -1.4252   -1.3003   -1.2804   -1.1818   -1.1549   -0.9665   -0.8026   -0.7889   -0.7747   -0.6155    2.5827    2.5990    3.1256    3.2031    3.4982    3.5045    4.0010    4.1846    4.4225    4.5480    4.8746    4.9216
  4.7695  -37.5878  -37.5852  -37.5798  -18.4013  -18.3993  -18.3952  -18.3739  -18.3721  -18.3673  -18.3087  -18.3054  -18.3001  -10.2810  -10.2335  -10.1232  -10.0178   -9.8937   -9.8353   -3.2598   -3.1082   -2.7352   -2.4400   -2.0294   -1.9481   -1.9019   -1.7465   -1.5207   -1.4029   -1.4006   -1.3162   -1.2443   -1.0159   -0.9168   -0.8528   -0.8453   -0.7156    2.4297    2.6378    2.9301    3.1463    3.3525    3.4548    3.9034    4.2361    4.3573    4.5507    4.8160    5.0064
  4.8232  -37.5867  -37.5841  -37.5788  -18.3991  -18.3975  -18.3931  -18.3904  -18.3883  -18.3839  -18.3130  -18.3097  -18.3044  -10.2124  -10.1844  -10.0634   -9.9931   -9.8590   -9.8255   -3.1084   -3.0646   -2.6956   -2.6523   -2.2977   -2.1535   -2.0691   -1.9633   -1.5707   -1.4974   -1.4932   -1.4464   -1.3360   -1.0477   -1.0242   -0.9353   -0.9009   -0.8163    2.2895    2.6487    2.6788    3.1418    3.2298    3.4123    3.8489    4.0847    4.2895    4.6658    5.0421    5.0875
  4.8768  -37.5856  -37.5830  -37.5777  -18.4155  -18.4139  -18.4092  -18.3882  -18.3861  -18.3820  -18.3173  -18.3140  -18.3087  -10.1413  -10.1340  -10.0122   -9.9577   -9.8239   -9.8159   -3.0346   -2.9488   -2.8757   -2.6828   -2.5617   -2.3687   -2.1955   -2.1509   -1.6106   -1.5874   -1.5679   -1.5206   -1.4278   -1.1199   -1.0799   -1.0197   -0.9546   -0.9147    2.1842    2.4087    2.6139    3.1281    3.1735    3.3680    3.8061    3.8218    4.3393    4.8030    5.1018    5.1958
  4.9305  -37.5846  -37.5820  -37.5766  -18.4342  -18.4326  -18.4279  -18.3829  -18.3808  -18.3767  -18.3215  -18.3182  -18.3129  -10.0846  -10.0702   -9.9763   -9.9081   -9.8068   -9.7898   -3.0847   -3.0327   -2.8477   -2.7544   -2.7057   -2.5713   -2.3022   -2.2722   -1.6778   -1.6673   -1.6473   -1.5175   -1.4913   -1.2010   -1.1223   -1.1036   -1.0078   -1.0048    2.1158    2.1476    2.5481    3.0401    3.1661    3.3189    3.6074    3.8134    4.3834    4.8745    5.1670    5.2569
  4.9841  -37.5836  -37.5810  -37.5756  -18.4516  -18.4499  -18.4453  -18.3778  -18.3758  -18.3717  -18.3253  -18.3220  -18.3167  -10.0380  -10.0028   -9.9489   -9.8548   -9.7980   -9.7578   -3.2723   -3.0663   -3.0525   -2.7531   -2.7499   -2.6693   -2.3712   -2.2898   -1.7733   -1.7358   -1.6672   -1.6020   -1.4400   -1.2662   -1.1848   -1.1783   -1.0935   -1.0501    1.9136    2.0831    2.4526    2.9637    3.0415    3.2622    3.5747    3.8176    4.4155    4.9932    5.2589    5.3181
  5.0378  -37.5828  -37.5802  -37.5748  -18.4668  -18.4651  -18.4605  -18.3733  -18.3713  -18.3672  -18.3286  -18.3253  -18.3200   -9.9966   -9.9433   -9.9250   -9.8066   -9.7885   -9.7291   -3.4307   -3.2509   -3.1249   -2.9074   -2.8031   -2.6958   -2.2786   -2.2580   -1.8533   -1.7906   -1.6783   -1.6721   -1.3902   -1.3152   -1.2608   -1.2469   -1.1700   -1.0891    1.7227    2.0810    2.3134    2.8943    2.8988    3.1974    3.6300    3.8281    4.4329    5.0792    5.1374    5.3657
  5.0914  -37.5821  -37.5795  -37.5741  -18.4792  -18.4775  -18.4729  -18.3696  -18.3676  -18.3635  -18.3314  -18.3280  -18.3228   -9.9620   -9.9037   -9.8970   -9.7765   -9.7675   -9.7051   -3.5542   -3.4170   -3.1899   -3.0306   -2.8526   -2.7718   -2.1976   -2.1123   -1.9165   -1.8308   -1.7437   -1.6664   -1.3611   -1.3484   -1.3297   -1.3228   -1.2356   -1.1205    1.5895    2.1012    2.1311    2.8005    2.8447    3.1279    3.6989    3.8401    4.4399    5.0514    5.2445    5.4280
  5.1451  -37.5816  -37.5790  -37.5736  -18.4884  -18.4867  -18.4821  -18.3669  -18.3648  -18.3607  -18.3334  -18.3301  -18.3248   -9.9361   -9.8853   -9.8694   -9.7593   -9.7408   -9.6869   -3.6385   -3.5457   -3.2460   -3.1195   -2.8902   -2.8390   -2.1287   -1.9622   -1.9402   -1.8556   -1.7962   -1.6556   -1.3988   -1.3870   -1.3664   -1.3645   -1.2891   -1.1436    1.5257    1.9346    2.1328    2.7558    2.8014    3.0622    3.7594    3.8482    4.4434    4.9954    5.2776    5.4332
  5.1987  -37.5813  -37.5787  -37.5733  -18.4940  -18.4923  -18.4878  -18.3652  -18.3631  -18.3590  -18.3346  -18.3313  -18.3260   -9.9201   -9.8708   -9.8594   -9.7408   -9.7277   -9.6756   -3.6807   -3.6339   -3.2834   -3.1728   -2.9104   -2.8856   -2.0717   -1.9898   -1.8645   -1.8344   -1.7884   -1.6517   -1.4577   -1.4274   -1.3999   -1.3686   -1.3295   -1.1577    1.5365    1.7558    2.1612    2.7421    2.7690    3.0132    3.8049    3.8475    4.4447    4.9606    5.3020    5.4521
  5.2523  -37.5812  -37.5786  -37.5732  -18.4959  -18.4942  -18.4897  -18.3646  -18.3625  -18.3584  -18.3351  -18.3317  -18.3265   -9.9146   -9.8618   -9.8609   -9.7295   -9.7274   -9.6718   -3.6796   -3.6790   -3.2966   -3.1905   -2.9113   -2.9074   -2.0488   -1.9991   -1.8579   -1.8568   -1.6886   -1.6829   -1.4812   -1.4375   -1.4305   -1.3570   -1.3555   -1.1624    1.6152    1.6193    2.1727    2.7473    2.7493    2.9948    3.8326    3.8354    4.4451    4.9500    5.2860    5.4478
