#K-Path     Band-1    Band-2    Band-3    Band-4      ...     Band-n
  0.0000  -11.5887  -11.4595  -11.4577  -10.6458  -10.6386  -10.3605   -9.1705   -9.1653   -9.1646   -9.1484   -9.1437   -9.1430   -9.1094   -9.1077   -9.1071   -9.0988   -9.0969   -9.0962   -8.8474   -8.7258   -8.7255   -5.2406   -4.6204   -4.6056   -2.7689   -2.7624   -1.4778   -1.0922   -1.0730   -0.9533   -0.9342   -0.8351   -0.7001   -0.6658   -0.5234   -0.3612   -0.3542   -0.2216   -0.2147    2.0954    3.3059    3.3061    4.6679    4.6978    4.7093    4.7386    4.7481    4.7746    4.8174    4.8916    4.9921    5.0028    5.0116    5.0264    5.0704    5.1140
  0.0535  -11.5859  -11.4572  -11.4554  -10.6425  -10.6354  -10.3582   -9.1706   -9.1655   -9.1648   -9.1486   -9.1439   -9.1432   -9.1093   -9.1076   -9.1069   -9.0987   -9.0968   -9.0962   -8.8457   -8.7241   -8.7238   -5.2323   -4.6141   -4.5994   -2.7665   -2.7600   -1.4801   -1.1267   -1.0834   -0.9898   -0.9454   -0.8710   -0.7376   -0.6760   -0.5359   -0.4081   -0.3529   -0.2701   -0.2119    2.1189    3.3001    3.3076    4.6777    4.6998    4.7339    4.7427    4.7746    4.7925    4.8610    4.9245    4.9572    4.9978    5.0472    5.0832    5.1040    5.1339
  0.1069  -11.5777  -11.4505  -11.4485  -10.6330  -10.6258  -10.3514   -9.1710   -9.1659   -9.1652   -9.1492   -9.1445   -9.1438   -9.1089   -9.1073   -9.1066   -9.0984   -9.0966   -9.0959   -8.8405   -8.7193   -8.7189   -5.2078   -4.5955   -4.5809   -2.7594   -2.7532   -1.4881   -1.2110   -1.1458   -1.0615   -0.9942   -0.9806   -0.8297   -0.7085   -0.5764   -0.5031   -0.4269   -0.3296   -0.2469    2.1838    3.2854    3.2954    4.6723    4.7058    4.7460    4.7646    4.7991    4.8630    4.8976    4.9243    4.9523    5.0012    5.0428    5.1282    5.1762    5.2400
  0.1604  -11.5642  -11.4396  -11.4374  -10.6173  -10.6100  -10.3404   -9.1717   -9.1665   -9.1658   -9.1502   -9.1454   -9.1447   -9.1084   -9.1068   -9.1061   -9.0978   -9.0960   -9.0953   -8.8320   -8.7112   -8.7109   -5.1672   -4.5649   -4.5507   -2.7491   -2.7432   -1.5064   -1.3358   -1.2753   -1.1595   -1.1379   -1.0748   -0.9467   -0.7642   -0.6447   -0.6411   -0.5807   -0.3809   -0.3106    2.2775    3.2480    3.2538    4.6681    4.6918    4.7326    4.8020    4.8421    4.8531    4.8907    4.9431    5.0025    5.0179    5.0739    5.2530    5.3307    5.3853
  0.2138  -11.5459  -11.4249  -11.4224  -10.5958  -10.5884  -10.3256   -9.1726   -9.1675   -9.1668   -9.1516   -9.1468   -9.1461   -9.1080   -9.1063   -9.1056   -9.0968   -9.0950   -9.0943   -8.8200   -8.7002   -8.6999   -5.1111   -4.5230   -4.5093   -2.7381   -2.7326   -1.5451   -1.4899   -1.4422   -1.3816   -1.2329   -1.1807   -1.0699   -0.8413   -0.8115   -0.7711   -0.7354   -0.4484   -0.3942    2.3881    3.1720    3.1768    4.4984    4.6550    4.6919    4.8435    4.8623    4.8769    4.9291    4.9314    5.0034    5.0763    5.1402    5.3639    5.4723    5.5178
  0.2673  -11.5234  -11.4070  -11.4041  -10.5692  -10.5617  -10.3077   -9.1738   -9.1687   -9.1680   -9.1532   -9.1484   -9.1477   -9.1077   -9.1060   -9.1053   -9.0954   -9.0936   -9.0929   -8.8047   -8.6864   -8.6861   -5.0401   -4.4710   -4.4580   -2.7305   -2.7251   -1.6601   -1.6284   -1.6280   -1.6100   -1.3498   -1.3076   -1.1772   -0.9993   -0.9768   -0.9361   -0.8441   -0.5333   -0.4929    2.5071    3.0515    3.0668    4.1989    4.6175    4.6332    4.8360    4.8837    4.8943    4.9899    4.9966    5.0335    5.0756    5.1607    5.4498    5.5660    5.6698
  0.3208  -11.4974  -11.3867  -11.3833  -10.5381  -10.5304  -10.2873   -9.1753   -9.1701   -9.1694   -9.1551   -9.1502   -9.1495   -9.1075   -9.1058   -9.1051   -9.0937   -9.0919   -9.0912   -8.7864   -8.6702   -8.6699   -4.9552   -4.4101   -4.3981   -2.7329   -2.7267   -1.8825   -1.8241   -1.7978   -1.7324   -1.4876   -1.4533   -1.2516   -1.1904   -1.1826   -1.0447   -0.9669   -0.6324   -0.6029    2.6282    2.8997    2.9248    3.8805    4.5511    4.5645    4.7956    4.8303    4.8944    5.0825    5.0853    5.0961    5.1030    5.1205    5.5543    5.6254    5.7174
  0.3742  -11.4686  -11.3646  -11.3607  -10.5033  -10.4954  -10.2654   -9.1770   -9.1718   -9.1711   -9.1572   -9.1523   -9.1516   -9.1074   -9.1057   -9.1050   -9.0917   -9.0899   -9.0892   -8.7651   -8.6521   -8.6518   -4.8577   -4.3424   -4.3315   -2.7543   -2.7456   -2.1325   -1.9692   -1.9486   -1.8810   -1.6411   -1.6137   -1.3794   -1.3750   -1.2984   -1.1626   -1.1005   -0.7416   -0.7204    2.7274    2.7414    2.7628    3.5835    4.4636    4.4788    4.7007    4.7116    4.8438    5.1369    5.1492    5.1939    5.2019    5.2141    5.6453    5.6614    5.7197
  0.4277  -11.4381  -11.3417  -11.3372  -10.4658  -10.4578  -10.2429   -9.1789   -9.1737   -9.1730   -9.1594   -9.1544   -9.1537   -9.1072   -9.1055   -9.1048   -9.0896   -9.0879   -9.0872   -8.7413   -8.6327   -8.6324   -4.7494   -4.2698   -4.2604   -2.8026   -2.7903   -2.3704   -2.0804   -2.0640   -2.0394   -1.8014   -1.7800   -1.5620   -1.5510   -1.3346   -1.2857   -1.2400   -0.8571   -0.8423    2.5537    2.5919    2.8037    3.3607    4.3325    4.3491    4.5831    4.5940    4.7264    5.2020    5.2241    5.3029    5.3379    5.3478    5.7186    5.7577    5.7973
  0.4812  -11.4068  -11.3188  -11.3138  -10.4268  -10.4185  -10.2210   -9.1809   -9.1757   -9.1749   -9.1616   -9.1567   -9.1559   -9.1070   -9.1053   -9.1046   -9.0877   -9.0860   -9.0853   -8.7155   -8.6127   -8.6123   -4.6323   -4.1948   -4.1873   -2.8774   -2.8614   -2.5894   -2.1983   -2.1532   -2.1397   -1.9572   -1.9387   -1.7321   -1.7170   -1.4127   -1.4038   -1.3461   -0.9753   -0.9651    2.3862    2.4275    2.7252    3.3114    4.1438    4.1528    4.5005    4.5139    4.5535    5.2914    5.3112    5.4164    5.4921    5.5221    5.7469    5.8436    5.8708
  0.5346  -11.3757  -11.2968  -11.2912  -10.3873  -10.3789  -10.2006   -9.1829   -9.1777   -9.1769   -9.1639   -9.1589   -9.1582   -9.1066   -9.1049   -9.1042   -9.0860   -9.0843   -9.0836   -8.6884   -8.5930   -8.5925   -4.5095   -4.1204   -4.1148   -2.9671   -2.9483   -2.7840   -2.3423   -2.2076   -2.2015   -2.0941   -2.0716   -1.8879   -1.8703   -1.5475   -1.5348   -1.3851   -1.0931   -1.0859    2.2371    2.2794    2.5352    3.4101    3.9209    3.9249    4.3487    4.4453    4.4609    5.3729    5.3880    5.5173    5.6623    5.6694    5.8057    5.8414    5.9541
  0.5881  -11.3458  -11.2766  -11.2704  -10.3487  -10.3401  -10.1829   -9.1847   -9.1795   -9.1787   -9.1662   -9.1612   -9.1604   -9.1060   -9.1043   -9.1036   -9.0846   -9.0829   -9.0822   -8.6608   -8.5743   -8.5737   -4.3842   -4.0490   -4.0450   -3.0564   -3.0358   -2.9495   -2.4709   -2.2885   -2.2845   -2.1865   -2.1623   -2.0170   -1.9958   -1.6957   -1.6526   -1.4221   -1.2074   -1.2020    2.1143    2.1554    2.3316    3.5606    3.6891    3.6904    4.1303    4.4042    4.4214    5.4519    5.4574    5.6089    5.8360    5.8470    5.8940    5.9840    6.1560
  0.6415  -11.3178  -11.2587  -11.2520  -10.3120  -10.3034  -10.1687   -9.1863   -9.1811   -9.1803   -9.1685   -9.1635   -9.1627   -9.1050   -9.1033   -9.1026   -9.0837   -9.0820   -9.0813   -8.6335   -8.5576   -8.5568   -4.2611   -3.9837   -3.9798   -3.1336   -3.1123   -3.0810   -2.5821   -2.4002   -2.3872   -2.2662   -2.2520   -2.0891   -2.0624   -1.8414   -1.7615   -1.4634   -1.3159   -1.3107    2.0234    2.0612    2.1492    3.4605    3.4615    3.7288    3.9108    4.3733    4.3909    5.5101    5.5145    5.6479    5.9043    6.0304    6.0522    6.1567    6.2430
  0.6950  -11.2927  -11.2438  -11.2367  -10.2786  -10.2699  -10.1587   -9.1874   -9.1822   -9.1814   -9.1707   -9.1657   -9.1649   -9.1038   -9.1021   -9.1014   -9.0833   -9.0816   -9.0809   -8.6075   -8.5436   -8.5426   -4.1453   -3.9262   -3.9204   -3.1930   -3.1808   -3.1633   -2.6762   -2.5171   -2.4955   -2.3561   -2.3514   -2.1092   -2.0799   -1.9807   -1.8580   -1.5090   -1.4153   -1.4098    1.9670    1.9991    2.0004    3.2451    3.2473    3.6850    3.9092    4.3526    4.3684    5.5443    5.5571    5.6664    6.0098    6.2081    6.2559    6.3948    6.4784
  0.7485  -11.2710  -11.2320  -11.2247  -10.2492  -10.2405  -10.1534   -9.1881   -9.1828   -9.1821   -9.1729   -9.1678   -9.1671   -9.1023   -9.1007   -9.1000   -9.0834   -9.0818   -9.0811   -8.5838   -8.5329   -8.5316   -4.0421   -3.8770   -3.8691   -3.2416   -3.2223   -3.1982   -2.7555   -2.6384   -2.6118   -2.4283   -2.4273   -2.1119   -2.1090   -2.0802   -1.9384   -1.5572   -1.5025   -1.4967    1.8914    1.9444    1.9683    3.0488    3.0544    3.4748    4.0740    4.3428    4.3544    5.5685    5.5870    5.6643    6.0716    6.3932    6.4094    6.6175    6.6903
  0.8019  -11.2532  -11.2235  -11.2162  -10.2248  -10.2160  -10.1529   -9.1881   -9.1829   -9.1822   -9.1750   -9.1699   -9.1692   -9.1006   -9.0990   -9.0983   -9.0840   -9.0824   -9.0817   -8.5632   -8.5258   -8.5242   -3.9556   -3.8374   -3.8278   -3.2613   -3.2312   -3.2055   -2.8237   -2.7603   -2.7327   -2.4736   -2.4720   -2.2268   -2.1074   -2.0775   -2.0000   -1.6046   -1.5738   -1.5685    1.8272    1.9499    1.9626    2.8801    2.8921    3.2728    4.2192    4.3442    4.3493    5.5868    5.6085    5.6555    6.1948    6.5946    6.7615    6.8883    6.9231
  0.8554  -11.2399  -11.2179  -11.2114  -10.2056  -10.1967  -10.1569   -9.1877   -9.1824   -9.1817   -9.1769   -9.1719   -9.1711   -9.0989   -9.0972   -9.0965   -9.0851   -9.0834   -9.0827   -8.5462   -8.5222   -8.5204   -3.8872   -3.8101   -3.7997   -3.2483   -3.2138   -3.1854   -2.8853   -2.8762   -2.8492   -2.4918   -2.4908   -2.3266   -2.1053   -2.0777   -2.0420   -1.6459   -1.6256   -1.6219    1.8111    1.9654    1.9719    2.7533    2.7751    3.0825    4.3249    4.3521    4.3581    5.6029    5.6269    5.6529    6.3428    6.7440    6.7958    7.1237    7.1728
  0.9089  -11.2317  -11.2141  -11.2098  -10.1921  -10.1828  -10.1648   -9.1868   -9.1815   -9.1808   -9.1786   -9.1736   -9.1728   -9.0973   -9.0957   -9.0950   -9.0861   -9.0845   -9.0838   -8.5331   -8.5219   -8.5199   -3.8356   -3.7980   -3.7879   -3.2097   -3.1763   -3.1415   -2.9776   -2.9507   -2.9428   -2.4891   -2.4852   -2.4065   -2.1045   -2.0810   -2.0685   -1.6725   -1.6576   -1.6552    1.8454    1.9584    1.9792    2.6928    2.7258    2.9056    4.3591    4.3692    4.3905    5.6196    5.6451    5.6592    6.5125    6.7761    6.7893    7.2627    7.3064
  0.9623  -11.2291  -11.2113  -11.2111  -10.1859  -10.1741  -10.1738   -9.1860   -9.1807   -9.1800   -9.1796   -9.1746   -9.1739   -9.0967   -9.0951   -9.0944   -9.0867   -9.0850   -9.0843   -8.5258   -8.5227   -8.5221   -3.8062   -3.7971   -3.7929   -3.1649   -3.1498   -3.1210   -3.0130   -2.9990   -2.9935   -2.4711   -2.4663   -2.4612   -2.0984   -2.0888   -2.0797   -1.6740   -1.6726   -1.6689    1.9173    1.9314    1.9487    2.7225    2.7432    2.7613    4.3707    4.3818    4.3962    5.6325    5.6519    5.6658    6.6967    6.7070    6.7147    7.3819    7.4340
  0.9623  -11.2291  -11.2113  -11.2111  -10.1859  -10.1741  -10.1738   -9.1860   -9.1807   -9.1800   -9.1796   -9.1746   -9.1739   -9.0967   -9.0951   -9.0944   -9.0867   -9.0850   -9.0843   -8.5258   -8.5227   -8.5221   -3.8062   -3.7971   -3.7929   -3.1649   -3.1498   -3.1210   -3.0130   -2.9990   -2.9935   -2.4711   -2.4663   -2.4612   -2.0984   -2.0888   -2.0797   -1.6740   -1.6726   -1.6689    1.9173    1.9314    1.9487    2.7225    2.7432    2.7613    4.3707    4.3818    4.3962    5.6325    5.6519    5.6658    6.6998    6.7037    6.7100    7.3812    7.5961
  1.0225  -11.2316  -11.2156  -11.2089  -10.1961  -10.1754  -10.1693   -9.1860   -9.1807   -9.1800   -9.1793   -9.1743   -9.1735   -9.0978   -9.0962   -9.0955   -9.0858   -9.0841   -9.0834   -8.5305   -8.5277   -8.5169   -3.8277   -3.8189   -3.7768   -3.2275   -3.2058   -3.0790   -3.0429   -2.9187   -2.9108   -2.5048   -2.4458   -2.4327   -2.1164   -2.0675   -2.0539   -1.6766   -1.6700   -1.6316    1.8349    1.8676    2.0890    2.5794    2.8580    2.8939    4.3102    4.3855    4.4152    5.5990    5.6204    5.6442    6.5712    6.5782    6.9303    7.0924    7.1646
  1.0826  -11.2376  -11.2223  -11.2086  -10.2135  -10.1759  -10.1691   -9.1870   -9.1818   -9.1811   -9.1776   -9.1725   -9.1717   -9.1004   -9.0987   -9.0980   -9.0837   -9.0820   -9.0813   -8.5376   -8.5347   -8.5142   -3.8645   -3.8574   -3.7760   -3.3106   -3.2918   -3.1268   -2.9504   -2.7897   -2.7763   -2.5175   -2.4272   -2.4100   -2.1532   -1.9953   -1.9841   -1.6699   -1.6628   -1.5465    1.7335    1.7630    2.3061    2.4385    3.0663    3.0957    4.1703    4.3972    4.4321    5.4850    5.4916    5.5071    6.4467    6.4603    6.7961    6.8732    6.9579
  1.1427  -11.2452  -11.2301  -11.2101  -10.2318  -10.1790  -10.1721   -9.1884   -9.1832   -9.1824   -9.1753   -9.1702   -9.1694   -9.1035   -9.1018   -9.1011   -9.0813   -9.0796   -9.0789   -8.5455   -8.5425   -8.5140   -3.9076   -3.9019   -3.7911   -3.3857   -3.3685   -3.1810   -2.8426   -2.6652   -2.6506   -2.5001   -2.3975   -2.3770   -2.1947   -1.8882   -1.8765   -1.6550   -1.6497   -1.4303    1.6286    1.6534    2.3109    2.5877    3.3136    3.3358    3.9731    4.4105    4.4470    5.2219    5.2306    5.3370    6.1791    6.1830    6.5462    6.5964    6.6295
  1.2029  -11.2531  -11.2381  -11.2127  -10.2490  -10.1838  -10.1769   -9.1897   -9.1844   -9.1837   -9.1730   -9.1679   -9.1671   -9.1067   -9.1050   -9.1043   -9.0789   -9.0773   -9.0766   -8.5532   -8.5501   -8.5153   -3.9506   -3.9459   -3.8152   -3.4487   -3.4331   -3.2285   -2.7571   -2.5967   -2.5872   -2.4419   -2.3083   -2.2878   -2.2351   -1.7798   -1.7655   -1.6209   -1.6176   -1.2996    1.5282    1.5479    2.2114    2.9124    3.5637    3.5793    3.7395    4.4362    4.4695    4.9040    4.9146    5.1961    5.7852    5.7903    6.1181    6.5230    6.5351
  1.2630  -11.2605  -11.2454  -11.2157  -10.2638  -10.1890  -10.1822   -9.1907   -9.1855   -9.1847   -9.1710   -9.1659   -9.1651   -9.1095   -9.1078   -9.1071   -9.0769   -9.0752   -9.0745   -8.5599   -8.5567   -8.5174   -3.9885   -3.9844   -3.8410   -3.4983   -3.4845   -3.2673   -2.7102   -2.5834   -2.5789   -2.3455   -2.2699   -2.1722   -2.1524   -1.7213   -1.7085   -1.5381   -1.5331   -1.1716    1.4380    1.4524    2.1331    3.2725    3.5081    3.7622    3.7738    4.4631    4.4841    4.6564    4.6910    5.0863    5.4499    5.4547    5.7635    6.3364    6.4286
  1.3231  -11.2663  -11.2512  -11.2184  -10.2751  -10.1936  -10.1868   -9.1915   -9.1863   -9.1855   -9.1695   -9.1644   -9.1636   -9.1117   -9.1100   -9.1093   -9.0753   -9.0737   -9.0730   -8.5651   -8.5619   -8.5194   -4.0177   -4.0141   -3.8631   -3.5340   -3.5221   -3.2959   -2.6896   -2.5884   -2.5860   -2.2964   -2.2429   -2.0415   -2.0217   -1.7039   -1.6957   -1.4342   -1.4290   -1.0633    1.3640    1.3736    2.0770    3.2856    3.6864    3.8579    3.8684    4.3301    4.3415    4.7243    4.7609    5.0110    5.2081    5.2140    5.4922    5.7237    6.3180
  1.3833  -11.2701  -11.2550  -11.2203  -10.2823  -10.1966  -10.1899   -9.1920   -9.1868   -9.1860   -9.1685   -9.1634   -9.1627   -9.1131   -9.1114   -9.1107   -9.0743   -9.0727   -9.0720   -8.5684   -8.5651   -8.5208   -4.0361   -4.0327   -3.8777   -3.5553   -3.5451   -3.3135   -2.6812   -2.5948   -2.5932   -2.3129   -2.1674   -1.9484   -1.9285   -1.6997   -1.6957   -1.3577   -1.3524   -0.9906    1.3147    1.3200    2.0432    3.1503    3.8711    3.8795    4.0792    4.2076    4.2190    4.8874    4.9131    4.9663    5.0760    5.0864    5.2483    5.3214    6.2151
  1.4434  -11.2714  -11.2562  -11.2210  -10.2847  -10.1977  -10.1910   -9.1921   -9.1869   -9.1861   -9.1682   -9.1631   -9.1624   -9.1136   -9.1119   -9.1112   -9.0740   -9.0723   -9.0716   -8.5695   -8.5662   -8.5213   -4.0424   -4.0391   -3.8828   -3.5624   -3.5529   -3.3193   -2.6790   -2.5974   -2.5960   -2.3185   -2.1398   -1.9142   -1.8943   -1.6988   -1.6979   -1.3300   -1.3246   -0.9650    1.2975    1.3006    2.0320    3.1018    3.8653    3.8721    4.1666    4.1790    4.3162    4.9321    4.9511    4.9529    5.0151    5.0620    5.0736    5.2630    6.1511
  1.4434  -11.2714  -11.2562  -11.2210  -10.2847  -10.1977  -10.1910   -9.1921   -9.1869   -9.1861   -9.1682   -9.1631   -9.1624   -9.1136   -9.1119   -9.1112   -9.0740   -9.0723   -9.0716   -8.5695   -8.5662   -8.5213   -4.0424   -4.0391   -3.8828   -3.5624   -3.5529   -3.3193   -2.6790   -2.5974   -2.5960   -2.3185   -2.1398   -1.9142   -1.8943   -1.6988   -1.6979   -1.3300   -1.3246   -0.9650    1.2975    1.3006    2.0320    3.1018    3.8653    3.8721    4.1666    4.1790    4.3162    4.9321    4.9511    4.9530    5.0151    5.0622    5.0735    5.2630    6.1630
  1.4990  -11.2774  -11.2562  -11.2237  -10.2892  -10.2161  -10.1802   -9.1917   -9.1865   -9.1857   -9.1681   -9.1630   -9.1623   -9.1135   -9.1118   -9.1111   -9.0743   -9.0727   -9.0720   -8.5814   -8.5606   -8.5241   -4.0713   -4.0304   -3.8935   -3.5512   -3.5339   -3.2958   -2.6682   -2.5939   -2.5640   -2.3177   -2.1312   -1.9060   -1.8856   -1.7522   -1.6396   -1.3236   -1.3157   -0.9578    1.2700    1.3842    2.0488    3.1229    3.7621    3.9590    4.1199    4.2471    4.3261    4.8826    4.9348    5.0247    5.0318    5.0646    5.0908    5.2675    6.0973
  1.5545  -11.2920  -11.2590  -11.2316  -10.3025  -10.2443  -10.1743   -9.1903   -9.1851   -9.1842   -9.1678   -9.1627   -9.1620   -9.1132   -9.1115   -9.1108   -9.0752   -9.0736   -9.0729   -8.6003   -8.5601   -8.5322   -4.1334   -4.0311   -3.9237   -3.5012   -3.4887   -3.2295   -2.6336   -2.5543   -2.5008   -2.3152   -2.1055   -1.8815   -1.8599   -1.7958   -1.5804   -1.3033   -1.2904   -0.9366    1.2983    1.5226    2.0988    3.1848    3.6433    4.0099    4.1164    4.3340    4.3556    4.8370    4.9336    5.0555    5.0730    5.1261    5.1308    5.2790    6.0688
  1.6101  -11.3126  -11.2666  -11.2443  -10.3237  -10.2783  -10.1758   -9.1882   -9.1830   -9.1821   -9.1672   -9.1622   -9.1615   -9.1127   -9.1110   -9.1103   -9.0767   -9.0751   -9.0744   -8.6236   -8.5657   -8.5451   -4.2264   -4.0434   -3.9691   -3.4337   -3.3898   -3.1303   -2.5705   -2.4795   -2.4163   -2.3101   -2.0631   -1.8413   -1.8221   -1.8174   -1.5244   -1.2690   -1.2500   -0.9018    1.3829    1.7100    2.1806    3.2830    3.5153    4.0082    4.1793    4.4040    4.4259    4.8177    4.9336    5.1019    5.1086    5.1894    5.2129    5.2924    6.0604
  1.6657  -11.3378  -11.2790  -11.2613  -10.3515  -10.3169  -10.1841   -9.1855   -9.1803   -9.1794   -9.1665   -9.1614   -9.1607   -9.1121   -9.1103   -9.1096   -9.0788   -9.0771   -9.0764   -8.6500   -8.5766   -8.5619   -4.3402   -4.0720   -4.0266   -3.3453   -3.2403   -3.0103   -2.4766   -2.3728   -2.3248   -2.2962   -2.0046   -1.8189   -1.7860   -1.7588   -1.4740   -1.2213   -1.1953   -0.8543    1.5201    1.9412    2.2909    3.3811    3.4123    4.0049    4.2612    4.4704    4.5113    4.8297    4.9386    5.1422    5.1802    5.2664    5.2887    5.3047    6.0656
  1.7212  -11.3664  -11.2954  -11.2818  -10.3843  -10.3583  -10.1980   -9.1826   -9.1774   -9.1765   -9.1654   -9.1604   -9.1597   -9.1113   -9.1096   -9.1089   -9.0812   -9.0795   -9.0788   -8.6779   -8.5916   -8.5815   -4.4644   -4.1185   -4.0934   -3.2306   -3.0517   -2.8848   -2.3667   -2.2472   -2.2457   -2.2375   -1.9312   -1.7674   -1.7169   -1.6852   -1.4295   -1.1615   -1.1274   -0.7955    1.7035    2.2090    2.4248    3.2491    3.5624    4.0164    4.3483    4.5530    4.5781    4.8755    4.9522    5.1905    5.2414    5.3351    5.3481    5.3608    6.0925
  1.7768  -11.3973  -11.3151  -11.3047  -10.4203  -10.4011  -10.2162   -9.1797   -9.1745   -9.1737   -9.1640   -9.1590   -9.1583   -9.1105   -9.1088   -9.1081   -9.0839   -9.0822   -9.0815   -8.7061   -8.6095   -8.6026   -4.5908   -4.1797   -4.1660   -3.0981   -2.8312   -2.7765   -2.2757   -2.1865   -2.1093   -2.0825   -1.8443   -1.6563   -1.6354   -1.5979   -1.3896   -1.0917   -1.0478   -0.7272    1.9238    2.4997    2.5752    3.1282    3.7278    4.0465    4.4385    4.6243    4.6489    4.9467    4.9771    5.2372    5.2454    5.3807    5.4351    5.8227    6.1871
  1.8324  -11.4292  -11.3369  -11.3291  -10.4579  -10.4436  -10.2374   -9.1771   -9.1719   -9.1712   -9.1621   -9.1572   -9.1565   -9.1098   -9.1081   -9.1074   -9.0867   -9.0850   -9.0843   -8.7333   -8.6287   -8.6243   -4.7137   -4.2503   -4.2403   -2.9650   -2.7097   -2.5851   -2.1624   -2.1294   -1.9140   -1.9082   -1.7459   -1.5451   -1.4992   -1.4941   -1.3497   -1.0141   -0.9585   -0.6517    2.1692    2.7309    2.7491    3.0813    3.8998    4.0978    4.5306    4.6578    4.7534    5.0136    5.0270    5.1957    5.2817    5.3874    5.5600    5.6510    6.1326
  1.8879  -11.4608  -11.3597  -11.3539  -10.4954  -10.4844  -10.2600   -9.1751   -9.1699   -9.1692   -9.1599   -9.1550   -9.1543   -9.1091   -9.1074   -9.1067   -9.0895   -9.0878   -9.0871   -8.7587   -8.6482   -8.6454   -4.8288   -4.3240   -4.3135   -2.8546   -2.6864   -2.3208   -2.0446   -2.0023   -1.7466   -1.6754   -1.6382   -1.4471   -1.3910   -1.3019   -1.2995   -0.9321   -0.8619   -0.5723    2.4250    2.7513    2.8880    3.3029    4.0703    4.1730    4.6222    4.6852    4.8588    5.0571    5.1034    5.1384    5.2982    5.3658    5.6953    6.0076    6.1865
  1.9435  -11.4910  -11.3822  -11.3779  -10.5312  -10.5221  -10.2827   -9.1735   -9.1683   -9.1676   -9.1575   -9.1526   -9.1519   -9.1086   -9.1069   -9.1062   -9.0922   -9.0904   -9.0897   -8.7816   -8.6668   -8.6652   -4.9331   -4.3950   -4.3833   -2.7843   -2.6896   -2.0478   -1.9117   -1.8130   -1.6034   -1.5243   -1.4245   -1.3463   -1.2779   -1.2192   -1.0941   -0.8493   -0.7605   -0.4927    2.6447    2.6745    3.0291    3.6528    4.2315    4.2745    4.7078    4.7106    4.9517    5.0367    5.1367    5.1714    5.2730    5.3163    5.7480    5.8883    6.0114
  1.9990  -11.5187  -11.4035  -11.4002  -10.5638  -10.5558  -10.3041   -9.1724   -9.1672   -9.1665   -9.1551   -9.1502   -9.1495   -9.1084   -9.1067   -9.1060   -9.0945   -9.0927   -9.0920   -8.8014   -8.6837   -8.6828   -5.0243   -4.4596   -4.4468   -2.7523   -2.7047   -1.7844   -1.7370   -1.6142   -1.4984   -1.4071   -1.2470   -1.1679   -1.1627   -1.0949   -0.8850   -0.7699   -0.6570   -0.4172    2.5245    2.8974    3.1466    4.0223    4.3766    4.4003    4.7305    4.7832    4.9515    5.0211    5.1809    5.1924    5.2297    5.2393    5.7046    5.7430    5.7704
  2.0546  -11.5427  -11.4224  -11.4197  -10.5921  -10.5846  -10.3231   -9.1716   -9.1665   -9.1658   -9.1528   -9.1480   -9.1473   -9.1084   -9.1067   -9.1060   -9.0963   -9.0944   -9.0937   -8.8178   -8.6983   -8.6978   -5.1008   -4.5154   -4.5018   -2.7450   -2.7231   -1.5863   -1.5446   -1.4264   -1.3781   -1.2883   -1.1546   -1.0488   -0.9460   -0.9184   -0.6983   -0.6908   -0.5522   -0.3506    2.4036    3.0776    3.2321    4.3746    4.4996    4.5402    4.7497    4.8298    4.8704    5.0396    5.0802    5.1500    5.1938    5.2810    5.4631    5.4911    5.5453
  2.1102  -11.5623  -11.4381  -11.4358  -10.6151  -10.6078  -10.3389   -9.1711   -9.1659   -9.1652   -9.1510   -9.1462   -9.1455   -9.1086   -9.1070   -9.1063   -9.0975   -9.0957   -9.0950   -8.8307   -8.7101   -8.7097   -5.1614   -4.5604   -4.5463   -2.7499   -2.7399   -1.5125   -1.3610   -1.2735   -1.1789   -1.1664   -1.0742   -0.9419   -0.8057   -0.6924   -0.6368   -0.5375   -0.4394   -0.2970    2.2889    3.2035    3.2821    4.5985    4.6475    4.6696    4.7779    4.8022    4.8308    4.9298    5.0012    5.0380    5.1662    5.1766    5.2708    5.3249    5.3682
  2.1657  -11.5768  -11.4498  -11.4478  -10.6320  -10.6248  -10.3507   -9.1707   -9.1656   -9.1649   -9.1496   -9.1448   -9.1441   -9.1090   -9.1073   -9.1066   -9.0983   -9.0964   -9.0957   -8.8400   -8.7188   -8.7184   -5.2052   -4.5935   -4.5790   -2.7589   -2.7522   -1.4892   -1.2098   -1.1675   -1.0524   -1.0091   -0.9882   -0.8445   -0.7050   -0.5840   -0.5097   -0.4394   -0.3244   -0.2581    2.1900    3.2743    3.3021    4.6742    4.7113    4.7435    4.7550    4.8215    4.8443    4.8795    4.9294    4.9574    5.0303    5.0895    5.1329    5.1875    5.2487
  2.2213  -11.5857  -11.4570  -11.4552  -10.6423  -10.6351  -10.3580   -9.1705   -9.1654   -9.1647   -9.1487   -9.1439   -9.1433   -9.1093   -9.1076   -9.1069   -9.0987   -9.0968   -9.0961   -8.8456   -8.7240   -8.7237   -5.2317   -4.6136   -4.5989   -2.7663   -2.7598   -1.4803   -1.1189   -1.0991   -0.9771   -0.9574   -0.8703   -0.7537   -0.6631   -0.5406   -0.3944   -0.3793   -0.2453   -0.2305    2.1207    3.3014    3.3058    4.6953    4.7112    4.7198    4.7359    4.7564    4.8058    4.8158    4.9030    4.9592    4.9879    5.0385    5.0646    5.1030    5.1432
  2.2769  -11.5887  -11.4595  -11.4577  -10.6458  -10.6386  -10.3605   -9.1705   -9.1653   -9.1646   -9.1484   -9.1437   -9.1430   -9.1094   -9.1077   -9.1071   -9.0988   -9.0969   -9.0962   -8.8474   -8.7258   -8.7255   -5.2406   -4.6204   -4.6056   -2.7689   -2.7624   -1.4778   -1.0922   -1.0730   -0.9533   -0.9342   -0.8351   -0.7001   -0.6658   -0.5234   -0.3612   -0.3542   -0.2216   -0.2147    2.0954    3.3058    3.3061    4.6676    4.6982    4.7068    4.7305    4.7548    4.7871    4.8124    4.9346    4.9781    5.0086    5.0145    5.0375    5.0568    5.1333
  2.2769  -11.5887  -11.4595  -11.4577  -10.6458  -10.6386  -10.3605   -9.1705   -9.1653   -9.1646   -9.1484   -9.1437   -9.1430   -9.1094   -9.1077   -9.1071   -9.0988   -9.0969   -9.0962   -8.8474   -8.7258   -8.7255   -5.2406   -4.6204   -4.6056   -2.7689   -2.7624   -1.4778   -1.0922   -1.0730   -0.9533   -0.9342   -0.8351   -0.7001   -0.6658   -0.5234   -0.3612   -0.3542   -0.2216   -0.2147    2.0954    3.3058    3.3061    4.6694    4.7022    4.7094    4.7360    4.7416    4.7741    4.8090    4.9044    4.9768    4.9990    5.0071    5.0190    5.0755    5.1168
  2.3332  -11.5856  -11.4627  -11.4496  -10.6511  -10.6260  -10.3585   -9.1705   -9.1654   -9.1647   -9.1487   -9.1439   -9.1433   -9.1093   -9.1076   -9.1069   -9.0987   -9.0968   -9.0961   -8.8453   -8.7282   -8.7198   -5.2309   -4.6444   -4.5675   -2.8208   -2.7047   -1.4824   -1.1183   -1.0997   -0.9804   -0.9533   -0.8695   -0.7562   -0.6641   -0.5377   -0.3906   -0.3830   -0.2533   -0.2236    2.1229    3.2563    3.3492    4.6839    4.7017    4.7285    4.7353    4.7590    4.8131    4.8344    4.9480    4.9688    4.9963    5.0354    5.0759    5.1147    5.1443
  2.3895  -11.5762  -11.4618  -11.4362  -10.6516  -10.6037  -10.3525   -9.1707   -9.1656   -9.1649   -9.1496   -9.1448   -9.1441   -9.1090   -9.1073   -9.1066   -9.0983   -9.0964   -9.0957   -8.8391   -8.7274   -8.7106   -5.2022   -4.6600   -4.5103   -2.8678   -2.6414   -1.4969   -1.2023   -1.1774   -1.0629   -0.9931   -0.9776   -0.8622   -0.7168   -0.5651   -0.4873   -0.4584   -0.3415   -0.2478    2.1992    3.1952    3.3742    4.6747    4.7146    4.7306    4.7464    4.8144    4.8411    4.9031    4.9240    4.9986    5.0479    5.0846    5.1502    5.1841    5.2615
  2.4458  -11.5609  -11.4561  -11.4188  -10.6448  -10.5748  -10.3429   -9.1711   -9.1659   -9.1652   -9.1510   -9.1462   -9.1455   -9.1086   -9.1070   -9.1063   -9.0975   -9.0957   -9.0950   -8.8286   -8.7235   -8.6983   -5.1548   -4.6604   -4.4419   -2.9055   -2.5814   -1.5240   -1.3491   -1.2955   -1.1783   -1.1628   -1.0442   -0.9783   -0.8324   -0.6527   -0.5951   -0.5621   -0.4717   -0.2867    2.3098    3.1120    3.3563    4.6072    4.6309    4.6693    4.7574    4.7786    4.8551    4.9301    4.9835    5.0367    5.1252    5.1604    5.2921    5.3240    5.3985
  2.5021  -11.5401  -11.4458  -11.3980  -10.6306  -10.5402  -10.3301   -9.1716   -9.1665   -9.1658   -9.1528   -9.1480   -9.1473   -9.1084   -9.1067   -9.1060   -9.0963   -9.0944   -9.0937   -8.8141   -8.7165   -8.6831   -5.0894   -4.6456   -4.3648   -2.9330   -2.5354   -1.5718   -1.5245   -1.4654   -1.3955   -1.2955   -1.1124   -1.0974   -0.9836   -0.8583   -0.7121   -0.6351   -0.6103   -0.3427    2.4406    2.9991    3.2767    4.4155    4.4449    4.5225    4.7405    4.8510    4.8604    5.0064    5.0761    5.1477    5.2757    5.3124    5.4133    5.5134    5.5817
  2.5584  -11.5147  -11.4316  -11.3748  -10.6095  -10.5010  -10.3147   -9.1724   -9.1672   -9.1665   -9.1551   -9.1502   -9.1495   -9.1084   -9.1067   -9.1060   -9.0945   -9.0927   -9.0920   -8.7957   -8.7067   -8.6652   -5.0070   -4.6160   -4.2824   -2.9500   -2.5231   -1.6974   -1.6866   -1.6676   -1.6115   -1.4102   -1.2313   -1.1818   -1.1406   -1.0845   -0.9055   -0.7395   -0.6863   -0.4135    2.5811    2.8522    3.1368    4.0923    4.2288    4.4210    4.7196    4.8103    4.9466    4.9917    5.1649    5.1908    5.2673    5.4193    5.6362    5.7044    5.7854
  2.6147  -11.4855  -11.4141  -11.3502  -10.5819  -10.4582  -10.2976   -9.1735   -9.1683   -9.1676   -9.1575   -9.1526   -9.1519   -9.1086   -9.1069   -9.1062   -9.0922   -9.0904   -9.0897   -8.7735   -8.6945   -8.6451   -4.9090   -4.5724   -4.1988   -2.9563   -2.5740   -1.9403   -1.8940   -1.8084   -1.7409   -1.5234   -1.3600   -1.3158   -1.2756   -1.2632   -1.1167   -0.8657   -0.7457   -0.4948    2.6694    2.7244    2.9512    3.7522    4.0250    4.3084    4.6914    4.7487    4.9271    5.0307    5.1338    5.1998    5.4140    5.5097    5.6568    5.8310    5.9832
  2.6710  -11.4535  -11.3941  -11.3253  -10.5489  -10.4131  -10.2798   -9.1751   -9.1699   -9.1692   -9.1599   -9.1550   -9.1543   -9.1091   -9.1074   -9.1067   -9.0895   -9.0878   -9.0871   -8.7480   -8.6803   -8.6237   -4.7973   -4.5163   -4.1191   -2.9527   -2.7002   -2.2038   -2.1142   -1.9000   -1.8547   -1.6331   -1.5390   -1.4862   -1.3753   -1.3502   -1.3242   -0.9897   -0.8088   -0.5816    2.4576    2.7372    2.8577    3.4245    3.8597    4.1892    4.6568    4.6817    4.8504    5.0549    5.0767    5.2034    5.4556    5.5105    5.5121    5.6956    5.9821
  2.7273  -11.4200  -11.3727  -11.3011  -10.5114  -10.3671  -10.2623   -9.1771   -9.1719   -9.1712   -9.1622   -9.1572   -9.1565   -9.1098   -9.1081   -9.1074   -9.0867   -9.0850   -9.0843   -8.7197   -8.6645   -8.6017   -4.6744   -4.4496   -4.0492   -2.9409   -2.8751   -2.4563   -2.3234   -2.0802   -1.8546   -1.7423   -1.7359   -1.6065   -1.5321   -1.4498   -1.4218   -1.1088   -0.8715   -0.6694    2.2275    2.5121    2.9179    3.1802    3.7405    4.0683    4.6144    4.6181    4.7656    5.0174    5.0278    5.1798    5.2738    5.5410    5.5761    5.5905    6.0039
  2.7836  -11.3863  -11.3508  -11.2788  -10.4709  -10.3220  -10.2465   -9.1797   -9.1745   -9.1737   -9.1640   -9.1590   -9.1583   -9.1105   -9.1088   -9.1081   -9.0839   -9.0822   -9.0815   -8.6894   -8.6481   -8.5803   -4.5438   -4.3754   -3.9945   -3.0645   -2.9248   -2.6890   -2.5141   -2.2631   -1.9139   -1.8533   -1.8291   -1.7174   -1.6974   -1.5138   -1.4938   -1.2200   -0.9301   -0.7545    1.9964    2.2901    2.7198    3.2060    3.6640    3.9504    4.5555    4.5724    4.6842    4.9617    4.9650    5.1143    5.1281    5.4989    5.5679    5.5934    5.9029
  2.8399  -11.3540  -11.3292  -11.2595  -10.4288  -10.2796  -10.2336   -9.1826   -9.1774   -9.1765   -9.1654   -9.1604   -9.1597   -9.1113   -9.1096   -9.1089   -9.0812   -9.0795   -9.0788   -8.6582   -8.6317   -8.5607   -4.4101   -4.2972   -3.9587   -3.2463   -2.9125   -2.8942   -2.6819   -2.4344   -2.0412   -1.9404   -1.9101   -1.8161   -1.7512   -1.5761   -1.5558   -1.3208   -0.9816   -0.8335    1.7807    2.0847    2.4572    3.3061    3.6229    3.8402    4.5045    4.5286    4.6133    4.8850    4.9187    4.9710    5.0502    5.4572    5.5734    5.6120    5.8331
  2.8962  -11.3252  -11.3082  -11.2440  -10.3869  -10.2418  -10.2246   -9.1855   -9.1803   -9.1794   -9.1665   -9.1614   -9.1607   -9.1121   -9.1103   -9.1096   -9.0788   -9.0771   -9.0764   -8.6275   -8.6162   -8.5445   -4.2796   -4.2195   -3.9416   -3.4081   -3.0663   -2.9142   -2.8227   -2.5857   -2.1130   -2.0711   -1.9772   -1.9007   -1.7422   -1.6414   -1.6060   -1.4087   -1.0237   -0.9040    1.5928    1.9077    2.2155    3.3924    3.6092    3.7422    4.4662    4.4951    4.5575    4.8032    4.8371    4.9053    4.9515    5.4282    5.5404    5.5405    5.7075
  2.9525  -11.3033  -11.2866  -11.2333  -10.3470  -10.2229  -10.2084   -9.1882   -9.1830   -9.1821   -9.1672   -9.1622   -9.1615   -9.1127   -9.1110   -9.1103   -9.0767   -9.0751   -9.0744   -8.6039   -8.5975   -8.5329   -4.1625   -4.1467   -3.9388   -3.5425   -3.1948   -2.9758   -2.8981   -2.7115   -2.1833   -2.1270   -2.0290   -1.9695   -1.7321   -1.7122   -1.6434   -1.4819   -1.0546   -0.9641    1.4414    1.7694    2.0079    3.4515    3.6145    3.6599    4.4445    4.4814    4.5196    4.7270    4.7298    4.8408    4.9133    5.3974    5.4836    5.5220    5.6342
  3.0088  -11.2890  -11.2655  -11.2279  -10.3107  -10.2258  -10.1847   -9.1903   -9.1851   -9.1843   -9.1678   -9.1627   -9.1620   -9.1132   -9.1115   -9.1108   -9.0752   -9.0736   -9.0729   -8.5931   -8.5722   -8.5272   -4.0903   -4.0642   -3.9442   -3.6441   -3.2709   -3.0811   -2.9189   -2.8085   -2.2663   -2.0942   -2.0647   -2.0213   -1.7888   -1.7276   -1.6678   -1.5380   -1.0732   -1.0124    1.3313    1.6777    1.8414    3.4850    3.5959    3.6298    4.4432    4.4903    4.5014    4.6418    4.6599    4.7302    4.9537    5.3265    5.4587    5.5065    5.5739
  3.0651  -11.2808  -11.2484  -11.2282  -10.2797  -10.2360  -10.1697   -9.1917   -9.1865   -9.1857   -9.1681   -9.1630   -9.1623   -9.1135   -9.1118   -9.1111   -9.0743   -9.0727   -9.0720   -8.5865   -8.5513   -8.5283   -4.0492   -4.0019   -3.9533   -3.7087   -3.2878   -3.1767   -2.9260   -2.8754   -2.3169   -2.0847   -2.0546   -2.0310   -1.8702   -1.7269   -1.6804   -1.5743   -1.0786   -1.0477    1.2649    1.6379    1.7217    3.5038    3.5507    3.6448    4.4635    4.5038    4.5165    4.5750    4.6019    4.6350    5.0245    5.2244    5.4662    5.4965    5.5261
  3.1214  -11.2780  -11.2390  -11.2317  -10.2587  -10.2500  -10.1646   -9.1921   -9.1869   -9.1862   -9.1682   -9.1631   -9.1624   -9.1136   -9.1119   -9.1112   -9.0740   -9.0723   -9.0716   -8.5843   -8.5370   -8.5358   -4.0342   -3.9721   -3.9660   -3.7313   -3.2524   -3.2492   -2.9160   -2.9111   -2.3340   -2.0905   -2.0666   -1.9547   -1.9513   -1.7271   -1.6840   -1.5871   -1.0727   -1.0673    1.2427    1.6485    1.6572    3.5218    3.5224    3.6510    4.4863    4.5231    4.5315    4.5519    4.5583    4.5867    5.1141    5.1230    5.4871    5.4929    5.4930
  3.1214  -11.2780  -11.2390  -11.2317  -10.2587  -10.2500  -10.1646   -9.1921   -9.1869   -9.1862   -9.1682   -9.1631   -9.1624   -9.1136   -9.1119   -9.1112   -9.0740   -9.0723   -9.0716   -8.5843   -8.5370   -8.5358   -4.0342   -3.9721   -3.9660   -3.7313   -3.2524   -3.2492   -2.9160   -2.9111   -2.3340   -2.0905   -2.0666   -1.9547   -1.9513   -1.7271   -1.6840   -1.5871   -1.0727   -1.0673    1.2427    1.6485    1.6572    3.5218    3.5224    3.6510    4.4863    4.5231    4.5315    4.5519    4.5583    4.5867    5.1141    5.1230    5.4871    5.4929    5.4930
  3.1815  -11.2766  -11.2381  -11.2308  -10.2568  -10.2480  -10.1639   -9.1920   -9.1868   -9.1860   -9.1685   -9.1634   -9.1627   -9.1131   -9.1114   -9.1107   -9.0743   -9.0727   -9.0720   -8.5829   -8.5363   -8.5351   -4.0282   -3.9662   -3.9602   -3.7227   -3.2501   -3.2413   -2.9125   -2.9059   -2.3331   -2.1281   -2.1052   -1.9465   -1.9427   -1.7457   -1.6977   -1.6165   -1.0994   -1.0941    1.2604    1.6646    1.6743    3.5607    3.5665    3.6756    4.2142    4.2317    4.5387    4.5887    4.7813    4.7873    5.1582    5.1670    5.4206    5.5806    5.5868
  3.2417  -11.2723  -11.2355  -11.2282  -10.2510  -10.2422  -10.1621   -9.1915   -9.1863   -9.1855   -9.1695   -9.1644   -9.1636   -9.1117   -9.1100   -9.1093   -9.0753   -9.0737   -9.0730   -8.5790   -8.5344   -8.5330   -4.0105   -3.9492   -3.9432   -3.6969   -3.2389   -3.2225   -2.9013   -2.8913   -2.3325   -2.2248   -2.2028   -1.9342   -1.9274   -1.8264   -1.7088   -1.6964   -1.1750   -1.1698    1.3101    1.7102    1.7231    3.6350    3.6517    3.7410    3.9056    3.9356    4.5424    4.6958    4.9114    4.9225    5.3184    5.3264    5.3294    5.8030    5.8112
  3.3018  -11.2657  -11.2316  -11.2243  -10.2419  -10.2332  -10.1598   -9.1907   -9.1855   -9.1847   -9.1710   -9.1659   -9.1651   -9.1095   -9.1078   -9.1071   -9.0769   -9.0752   -9.0745   -8.5727   -8.5314   -8.5300   -3.9823   -3.9224   -3.9168   -3.6541   -3.2189   -3.1955   -2.8821   -2.8685   -2.3591   -2.3408   -2.3380   -1.9565   -1.9228   -1.9128   -1.8064   -1.7138   -1.2874   -1.2825    1.3838    1.7789    1.7969    3.4381    3.4462    3.8224    3.9652    3.9802    4.3479    4.9439    4.9748    4.9904    5.4258    5.5986    5.6056    6.0593    6.1880
  3.3619  -11.2573  -11.2270  -11.2197  -10.2304  -10.2216  -10.1577   -9.1896   -9.1844   -9.1837   -9.1730   -9.1679   -9.1671   -9.1067   -9.1050   -9.1043   -9.0789   -9.0773   -9.0766   -8.5643   -8.5280   -8.5264   -3.9455   -3.8889   -3.8836   -3.5948   -3.1928   -3.1633   -2.8556   -2.8385   -2.5112   -2.4920   -2.3772   -2.1120   -1.9112   -1.9060   -1.8986   -1.7224   -1.4205   -1.4158    1.4746    1.8633    1.8882    3.1172    3.1341    3.8297    4.1306    4.1984    4.2122    5.0191    5.0375    5.2742    5.7110    5.9669    5.9724    6.2165    6.2951
  3.4221  -11.2480  -11.2222  -11.2151  -10.2173  -10.2085  -10.1570   -9.1884   -9.1832   -9.1824   -9.1753   -9.1702   -9.1694   -9.1035   -9.1018   -9.1011   -9.0813   -9.0796   -9.0789   -8.5544   -8.5247   -8.5230   -3.9033   -3.8532   -3.8481   -3.5196   -3.1665   -3.1315   -2.8227   -2.8029   -2.6598   -2.6428   -2.4625   -2.2750   -1.9562   -1.8978   -1.8841   -1.7365   -1.5575   -1.5530    1.5789    1.9530    1.9866    2.8305    2.8559    3.5735    4.1599    4.4296    4.4499    5.0709    5.0894    5.6075    6.0689    6.1400    6.3976    6.4037    6.4825
  3.4822  -11.2390  -11.2179  -11.2116  -10.2042  -10.1953  -10.1591   -9.1870   -9.1818   -9.1811   -9.1776   -9.1725   -9.1717   -9.1004   -9.0987   -9.0980   -9.0837   -9.0820   -9.0813   -8.5437   -8.5223   -8.5205   -3.8604   -3.8214   -3.8162   -3.4294   -3.1534   -3.1133   -2.7862   -2.7804   -2.7734   -2.7488   -2.5852   -2.4314   -1.9513   -1.8814   -1.8682   -1.7579   -1.6826   -1.6781    1.6966    2.0251    2.0672    2.6200    2.6535    3.2439    4.2833    4.5858    4.6166    5.1451    5.1572    5.6305    6.2948    6.5936    6.6938    6.8208    6.8922
  3.5423  -11.2319  -11.2143  -11.2099  -10.1926  -10.1833  -10.1649   -9.1860   -9.1807   -9.1800   -9.1793   -9.1743   -9.1735   -9.0978   -9.0962   -9.0955   -9.0858   -9.0841   -9.0834   -8.5332   -8.5219   -8.5199   -3.8233   -3.8009   -3.7954   -3.3255   -3.1754   -3.1334   -2.8324   -2.8228   -2.7429   -2.7160   -2.7095   -2.5704   -1.9100   -1.8604   -1.8499   -1.7882   -1.7821   -1.7775    1.8300    2.0329    2.0690    2.5555    2.5831    2.9291    4.4312    4.6265    4.6675    5.2324    5.2456    5.4749    6.7571    6.9416    6.9637    7.1659    7.2538
  3.6025  -11.2291  -11.2113  -11.2111  -10.1859  -10.1741  -10.1738   -9.1860   -9.1807   -9.1800   -9.1796   -9.1746   -9.1739   -9.0967   -9.0951   -9.0944   -9.0867   -9.0850   -9.0843   -8.5258   -8.5227   -8.5221   -3.8039   -3.7943   -3.7922   -3.2317   -3.2104   -3.1891   -2.8156   -2.8128   -2.8062   -2.6976   -2.6845   -2.6674   -1.8511   -1.8493   -1.8429   -1.8307   -1.8259   -1.8215    1.9718    1.9815    1.9900    2.6446    2.6494    2.6556    4.5709    4.5945    4.6226    5.3005    5.3273    5.3335    7.1204    7.1282    7.1571    7.1892    7.3197
  3.6025  -11.2291  -11.2113  -11.2111  -10.1859  -10.1741  -10.1738   -9.1860   -9.1807   -9.1800   -9.1796   -9.1746   -9.1739   -9.0967   -9.0951   -9.0944   -9.0867   -9.0850   -9.0843   -8.5258   -8.5227   -8.5221   -3.8039   -3.7943   -3.7922   -3.2317   -3.2104   -3.1891   -2.8156   -2.8128   -2.8062   -2.6976   -2.6845   -2.6674   -1.8511   -1.8493   -1.8429   -1.8307   -1.8259   -1.8215    1.9718    1.9815    1.9900    2.6446    2.6494    2.6556    4.5709    4.5945    4.6226    5.3005    5.3273    5.3335    7.1227    7.1377    7.1768    7.1939    7.3812
  3.6559  -11.2314  -11.2154  -11.2088  -10.1956  -10.1752  -10.1691   -9.1868   -9.1815   -9.1808   -9.1786   -9.1736   -9.1728   -9.0973   -9.0957   -9.0950   -9.0861   -9.0845   -9.0838   -8.5304   -8.5276   -8.5170   -3.8191   -3.8096   -3.7889   -3.2805   -3.2453   -3.0988   -2.8704   -2.7686   -2.7600   -2.7556   -2.6504   -2.6204   -1.8749   -1.8691   -1.8657   -1.7996   -1.7961   -1.7758    1.9138    1.9183    2.1347    2.4376    2.7866    2.7908    4.4774    4.5237    4.7537    5.2005    5.3649    5.3921    6.9818    6.9926    7.1127    7.2104    7.4133
  3.7094  -11.2382  -11.2229  -11.2080  -10.2162  -10.1750  -10.1682   -9.1877   -9.1824   -9.1817   -9.1769   -9.1719   -9.1711   -9.0989   -9.0972   -9.0965   -9.0851   -9.0834   -9.0827   -8.5392   -8.5363   -8.5133   -3.8557   -3.8456   -3.7963   -3.3137   -3.2811   -2.9932   -2.8928   -2.7994   -2.7132   -2.6965   -2.5876   -2.5586   -1.9083   -1.8709   -1.8627   -1.7624   -1.7576   -1.6959    1.8769    1.8835    2.2639    2.3087    2.9539    2.9641    4.3587    4.4041    4.9180    5.1022    5.4056    5.4372    6.7657    6.7892    6.8287    7.1075    7.1536
  3.7629  -11.2492  -11.2342  -11.2095  -10.2431  -10.1787  -10.1719   -9.1881   -9.1829   -9.1822   -9.1750   -9.1699   -9.1692   -9.1006   -9.0990   -9.0983   -9.0840   -9.0824   -9.0817   -8.5517   -8.5486   -8.5129   -3.9121   -3.9013   -3.8135   -3.3211   -3.2909   -2.9281   -2.8849   -2.7708   -2.6594   -2.6374   -2.5001   -2.4733   -1.9470   -1.8444   -1.8329   -1.7168   -1.7071   -1.6073    1.8752    1.8895    2.1397    2.4968    3.1427    3.1580    4.2310    4.2751    5.0223    5.0865    5.4334    5.4679    6.5395    6.5934    6.6526    6.8533    6.9710
  3.8163  -11.2644  -11.2492  -11.2140  -10.2757  -10.1872  -10.1804   -9.1881   -9.1828   -9.1821   -9.1729   -9.1678   -9.1671   -9.1023   -9.1007   -9.1000   -9.0834   -9.0818   -9.0811   -8.5677   -8.5644   -8.5162   -3.9872   -3.9759   -3.8350   -3.2971   -3.2688   -2.9154   -2.8542   -2.6664   -2.6025   -2.5777   -2.3898   -2.3653   -1.9742   -1.8044   -1.7899   -1.6571   -1.6440   -1.5110    1.9137    1.9349    2.0607    2.7063    3.3472    3.3673    4.1041    4.1482    4.9593    5.2533    5.4477    5.4835    6.3206    6.3959    6.4011    6.6223    6.7140
  3.8698  -11.2833  -11.2679  -11.2216  -10.3134  -10.2004  -10.1938   -9.1874   -9.1822   -9.1814   -9.1707   -9.1657   -9.1649   -9.1038   -9.1021   -9.1014   -9.0833   -9.0816   -9.0809   -8.5870   -8.5833   -8.5233   -4.0784   -4.0666   -3.8565   -3.2392   -3.2127   -2.9166   -2.8011   -2.5408   -2.5331   -2.5082   -2.2632   -2.2411   -1.9786   -1.7609   -1.7453   -1.5793   -1.5662   -1.4077    1.9910    2.0186    2.0300    2.9346    3.5596    3.5867    3.9866    4.0333    4.9108    5.4089    5.4489    5.4834    6.1264    6.2046    6.2419    6.3997    6.4399
  3.9233  -11.3057  -11.2901  -11.2323  -10.3551  -10.2181  -10.2117   -9.1863   -9.1810   -9.1803   -9.1685   -9.1634   -9.1627   -9.1050   -9.1033   -9.1026   -9.0837   -9.0820   -9.0813   -8.6087   -8.6049   -8.5341   -4.1816   -4.1692   -3.8767   -3.1479   -3.1231   -2.9243   -2.7289   -2.4470   -2.4228   -2.4099   -2.1256   -2.1061   -1.9473   -1.7210   -1.7057   -1.4833   -1.4732   -1.2980    2.0470    2.1037    2.1369    3.1805    3.7446    3.7868    3.9114    3.9638    4.8742    5.4388    5.4679    5.5691    6.0112    6.0360    6.0523    6.1750    6.2111
  3.9767  -11.3310  -11.3150  -11.2458  -10.3999  -10.2397  -10.2334   -9.1847   -9.1795   -9.1787   -9.1662   -9.1612   -9.1605   -9.1060   -9.1043   -9.1036   -9.0846   -9.0829   -9.0822   -8.6322   -8.6281   -8.5481   -4.2921   -4.2791   -3.8966   -3.0256   -3.0030   -2.9432   -2.6375   -2.3386   -2.3162   -2.2804   -1.9810   -1.9644   -1.8726   -1.6872   -1.6724   -1.3731   -1.3672   -1.1828    2.1092    2.2460    2.2836    3.4417    3.7468    3.7758    4.0777    4.0873    4.8471    5.4201    5.4375    5.5731    5.8502    5.8656    5.9468    5.9747    6.0437
  4.0302  -11.3586  -11.3422  -11.2617  -10.4464  -10.2642  -10.2581   -9.1829   -9.1777   -9.1769   -9.1639   -9.1589   -9.1582   -9.1066   -9.1049   -9.1042   -9.0860   -9.0843   -9.0836   -8.6565   -8.6523   -8.5646   -4.4054   -4.3917   -3.9180   -2.9795   -2.8752   -2.8543   -2.5256   -2.2080   -2.1892   -2.1461   -1.8329   -1.8192   -1.7576   -1.6582   -1.6436   -1.2546   -1.2507   -1.0633    2.2124    2.4079    2.4483    3.6819    3.7141    3.7165    4.3051    4.3067    4.8275    5.3966    5.4010    5.4826    5.6983    5.7222    5.7598    5.9080    6.0070
  4.0836  -11.3874  -11.3707  -11.2793  -10.4933  -10.2907  -10.2849   -9.1809   -9.1757   -9.1749   -9.1616   -9.1567   -9.1559   -9.1070   -9.1053   -9.1046   -9.0877   -9.0860   -9.0853   -8.6809   -8.6764   -8.5827   -4.5174   -4.5032   -3.9427   -3.0266   -2.7033   -2.6856   -2.3919   -2.0576   -2.0438   -2.0024   -1.6867   -1.6753   -1.6264   -1.6146   -1.6124   -1.1340   -1.1254   -0.9412    2.3511    2.5717    2.6126    3.6496    3.6804    3.9959    4.5214    4.5232    4.8135    5.3422    5.3533    5.3663    5.5536    5.5598    5.5762    5.7847    6.1218
  4.1371  -11.4167  -11.3997  -11.2981  -10.5393  -10.3181  -10.3125   -9.1789   -9.1737   -9.1730   -9.1594   -9.1544   -9.1537   -9.1072   -9.1055   -9.1048   -9.0896   -9.0879   -9.0872   -8.7044   -8.6998   -8.6014   -4.6249   -4.6101   -3.9710   -3.0819   -2.5172   -2.5032   -2.2371   -1.8954   -1.8876   -1.8495   -1.6006   -1.5822   -1.5345   -1.5199   -1.4466   -1.0131   -0.9970   -0.8187    2.5181    2.7082    2.7460    3.6778    3.7059    4.2754    4.7015    4.7064    4.8044    5.2303    5.2824    5.3140    5.3902    5.4646    5.5240    5.7147    5.8441
  4.1906  -11.4454  -11.4282  -11.3171  -10.5831  -10.3454  -10.3399   -9.1770   -9.1718   -9.1711   -9.1572   -9.1523   -9.1516   -9.1074   -9.1057   -9.1050   -9.0917   -9.0899   -9.0892   -8.7264   -8.7217   -8.6200   -4.7250   -4.7097   -4.0024   -3.1402   -2.3294   -2.3195   -2.0641   -1.7461   -1.7372   -1.6929   -1.5243   -1.5110   -1.3996   -1.3770   -1.2656   -0.8953   -0.8696   -0.6984    2.7056    2.7853    2.8176    3.7939    3.8183    4.5396    4.7977    4.8125    4.8332    5.1199    5.2108    5.2179    5.2416    5.4511    5.5907    5.6574    5.8864
  4.2440  -11.4726  -11.4551  -11.3356  -10.6235  -10.3713  -10.3660   -9.1753   -9.1701   -9.1694   -9.1551   -9.1502   -9.1495   -9.1075   -9.1058   -9.1051   -9.0937   -9.0919   -9.0912   -8.7463   -8.7415   -8.6375   -4.8155   -4.7999   -4.0351   -3.1973   -2.1605   -2.1541   -1.8785   -1.6341   -1.6123   -1.5409   -1.3829   -1.3743   -1.2734   -1.2386   -1.0738   -0.7843   -0.7469   -0.5834    2.7972    2.8248    2.9045    3.9940    4.0135    4.7427    4.8204    4.8402    4.8902    5.0278    5.1055    5.1179    5.1284    5.4182    5.4821    5.5843    5.6208
  4.2975  -11.4974  -11.4797  -11.3528  -10.6595  -10.3951  -10.3899   -9.1738   -9.1687   -9.1680   -9.1532   -9.1484   -9.1477   -9.1077   -9.1060   -9.1053   -9.0954   -9.0936   -9.0929   -8.7638   -8.7589   -8.6534   -4.8947   -4.8788   -4.0672   -3.2498   -2.0359   -2.0319   -1.6885   -1.5225   -1.4862   -1.3996   -1.2051   -1.1848   -1.1606   -1.1070   -0.8774   -0.6845   -0.6327   -0.4771    2.7645    2.7894    3.1046    4.2443    4.2558    4.7718    4.8243    4.9016    4.9270    4.9506    5.0265    5.0373    5.0534    5.3477    5.4116    5.5514    5.6568
  4.3510  -11.5189  -11.5010  -11.3680  -10.6902  -10.4158  -10.4106   -9.1726   -9.1675   -9.1668   -9.1516   -9.1468   -9.1461   -9.1080   -9.1063   -9.1056   -9.0968   -9.0950   -9.0943   -8.7784   -8.7734   -8.6670   -4.9611   -4.9450   -4.0965   -3.2954   -1.9652   -1.9615   -1.5056   -1.3853   -1.3317   -1.2738   -1.0657   -1.0195   -1.0148   -0.9557   -0.6864   -0.6002   -0.5311   -0.3824    2.7081    2.7317    3.2947    4.4839    4.5109    4.7654    4.7950    4.8529    4.8941    4.9226    4.9771    5.0011    5.0566    5.2865    5.3737    5.4945    5.5673
  4.4044  -11.5364  -11.5184  -11.3805  -10.7148  -10.4326  -10.4276   -9.1717   -9.1665   -9.1658   -9.1502   -9.1454   -9.1447   -9.1084   -9.1068   -9.1061   -9.0978   -9.0960   -9.0953   -8.7899   -8.7849   -8.6779   -5.0138   -4.9975   -4.1214   -3.3325   -1.9322   -1.9273   -1.3444   -1.2394   -1.1715   -1.1605   -0.9912   -0.9136   -0.8436   -0.7665   -0.5358   -0.5160   -0.4473   -0.3008    2.6423    2.6654    3.4621    4.6452    4.7068    4.7433    4.7721    4.7813    4.8841    4.8965    4.9432    4.9801    5.0264    5.1259    5.2580    5.3218    5.3945
  4.4579  -11.5493  -11.5312  -11.3899  -10.7329  -10.4450  -10.4401   -9.1710   -9.1659   -9.1652   -9.1492   -9.1445   -9.1438   -9.1089   -9.1073   -9.1066   -9.0984   -9.0966   -9.0959   -8.7982   -8.7932   -8.6859   -5.0520   -5.0355   -4.1402   -3.3598   -1.9183   -1.9122   -1.2223   -1.1104   -1.0779   -1.0194   -0.9381   -0.8436   -0.6960   -0.5991   -0.4933   -0.3880   -0.3866   -0.2307    2.5795    2.6023    3.5932    4.6545    4.7058    4.7307    4.7787    4.8350    4.8720    4.8948    4.9545    4.9591    4.9949    5.0215    5.0761    5.1908    5.2728
  4.5113  -11.5572  -11.5391  -11.3956  -10.7438  -10.4527  -10.4477   -9.1706   -9.1655   -9.1648   -9.1486   -9.1439   -9.1432   -9.1093   -9.1076   -9.1069   -9.0987   -9.0968   -9.0962   -8.8032   -8.7982   -8.6908   -5.0750   -5.0586   -4.1519   -3.3764   -1.9129   -1.9061   -1.1506   -1.0148   -1.0129   -0.9479   -0.8787   -0.8097   -0.5869   -0.5058   -0.4480   -0.3622   -0.3139   -0.1751    2.5334    2.5558    3.6759    4.5789    4.7089    4.7253    4.8039    4.8320    4.8568    4.8696    4.9045    4.9217    4.9396    5.0199    5.1335    5.1531    5.2029
  4.5648  -11.5599  -11.5417  -11.3976  -10.7475  -10.4552  -10.4503   -9.1705   -9.1653   -9.1646   -9.1484   -9.1437   -9.1430   -9.1094   -9.1077   -9.1071   -9.0988   -9.0969   -9.0962   -8.8049   -8.7998   -8.6925   -5.0828   -5.0663   -4.1558   -3.3821   -1.9115   -1.9045   -1.1277   -0.9885   -0.9633   -0.9545   -0.8255   -0.8169   -0.5221   -0.5216   -0.3820   -0.3818   -0.2921   -0.1525    2.5162    2.5385    3.7037    4.5486    4.7036    4.7221    4.8074    4.8179    4.8293    4.8645    4.8837    4.9113    4.9282    4.9294    4.9865    5.0828    5.1532
  4.5648  -11.5599  -11.5417  -11.3976  -10.7475  -10.4552  -10.4503   -9.1705   -9.1653   -9.1646   -9.1484   -9.1437   -9.1430   -9.1094   -9.1077   -9.1071   -9.0988   -9.0969   -9.0962   -8.8049   -8.7998   -8.6925   -5.0828   -5.0663   -4.1558   -3.3821   -1.9115   -1.9045   -1.1277   -0.9885   -0.9633   -0.9545   -0.8255   -0.8169   -0.5221   -0.5216   -0.3820   -0.3818   -0.2921   -0.1525    2.5162    2.5385    3.7040    4.5486    4.7060    4.7386    4.8081    4.8148    4.8460    4.8706    4.8851    4.8953    4.9203    4.9670    5.0664    5.1318    5.1769
  4.5989  -11.5689  -11.5290  -11.4023  -10.7399  -10.4974  -10.4146   -9.1705   -9.1653   -9.1646   -9.1484   -9.1437   -9.1430   -9.1094   -9.1077   -9.1071   -9.0988   -9.0969   -9.0962   -8.8205   -8.7822   -8.6946   -5.1469   -4.9831   -4.2062   -3.3214   -2.1072   -1.7342   -1.1250   -0.9956   -0.9858   -0.9200   -0.8575   -0.7828   -0.5689   -0.4755   -0.4286   -0.3358   -0.2964   -0.1567    2.3543    2.7215    3.6749    4.5636    4.6925    4.7138    4.7884    4.7982    4.8390    4.8651    4.8731    4.8970    4.9103    4.9538    4.9994    5.1024    5.1767
  4.6330  -11.5796  -11.5075  -11.4155  -10.7180  -10.5456  -10.3853   -9.1705   -9.1653   -9.1646   -9.1484   -9.1437   -9.1430   -9.1094   -9.1077   -9.1071   -9.0988   -9.0969   -9.0962   -8.8349   -8.7620   -8.7011   -5.1987   -4.8747   -4.3248   -3.1722   -2.3219   -1.5972   -1.1169   -1.0283   -0.9777   -0.8899   -0.8817   -0.7453   -0.6136   -0.4727   -0.4318   -0.3090   -0.2922   -0.1694    2.2164    2.9232    3.5925    4.5993    4.6810    4.7554    4.7674    4.8079    4.8262    4.8442    4.8864    4.9264    4.9411    4.9953    5.0409    5.0856    5.1266
  4.6671  -11.5864  -11.4834  -11.4352  -10.6844  -10.5948  -10.3668   -9.1705   -9.1653   -9.1646   -9.1484   -9.1437   -9.1430   -9.1094   -9.1077   -9.1071   -9.0988   -9.0969   -9.0962   -8.8442   -8.7427   -8.7115   -5.2301   -4.7504   -4.4677   -2.9792   -2.5439   -1.5089   -1.1039   -1.0563   -0.9649   -0.9176   -0.8493   -0.7137   -0.6502   -0.5084   -0.3922   -0.3296   -0.2527   -0.1900    2.1269    3.1217    3.4662    4.6477    4.6878    4.7306    4.7440    4.7753    4.7823    4.7949    4.8892    4.9617    4.9900    5.0069    5.0527    5.0767    5.1271
  4.7013  -11.5887  -11.4595  -11.4577  -10.6458  -10.6386  -10.3605   -9.1705   -9.1653   -9.1646   -9.1484   -9.1437   -9.1430   -9.1094   -9.1077   -9.1071   -9.0988   -9.0969   -9.0962   -8.8474   -8.7258   -8.7255   -5.2406   -4.6204   -4.6056   -2.7689   -2.7624   -1.4778   -1.0922   -1.0730   -0.9533   -0.9342   -0.8351   -0.7001   -0.6658   -0.5234   -0.3612   -0.3542   -0.2216   -0.2147    2.0954    3.3058    3.3061    4.6693    4.6980    4.7123    4.7375    4.7514    4.7867    4.8439    4.9098    4.9844    5.0019    5.0185    5.0363    5.0684    5.1376
  4.7013  -11.2739  -11.2350  -11.2277  -10.2551  -10.2463  -10.1615   -9.1969   -9.1916   -9.1909   -9.1589   -9.1540   -9.1532   -9.1080   -9.1063   -9.1056   -9.0612   -9.0596   -9.0589   -8.5818   -8.5347   -8.5335   -4.0219   -3.9583   -3.9524   -3.7093   -3.2461   -3.2429   -2.9183   -2.9134   -2.3467   -2.0241   -2.0005   -1.9764   -1.9731   -1.7597   -1.6236   -1.5315   -1.0208   -1.0153    1.2803    1.6803    1.6890    3.5005    3.5006    3.6871    4.4392    4.5474    4.5514    4.5566    4.5661    4.5716    5.1023    5.1110    5.4594    5.4658    5.5125
  4.7576  -11.2776  -11.2410  -11.2267  -10.2704  -10.2410  -10.1639   -9.1965   -9.1912   -9.1904   -9.1588   -9.1538   -9.1531   -9.1079   -9.1063   -9.1056   -9.0616   -9.0600   -9.0593   -8.5858   -8.5445   -8.5289   -4.0421   -3.9740   -3.9530   -3.6859   -3.2642   -3.1905   -2.9221   -2.8798   -2.3361   -2.0168   -2.0003   -1.9895   -1.9491   -1.7461   -1.6175   -1.5205   -1.0221   -0.9991    1.3118    1.6038    1.8178    3.4141    3.5980    3.6673    4.4539    4.5312    4.5417    4.5703    4.5815    4.6036    4.9933    5.2473    5.4555    5.4873    5.5197
  4.8139  -11.2885  -11.2539  -11.2286  -10.2980  -10.2427  -10.1708   -9.1952   -9.1899   -9.1891   -9.1585   -9.1535   -9.1528   -9.1078   -9.1062   -9.1055   -9.0629   -9.0612   -9.0605   -8.5974   -8.5592   -8.5295   -4.1001   -4.0205   -3.9539   -3.6163   -3.2256   -3.1399   -2.8857   -2.8183   -2.3021   -2.0152   -1.9938   -1.9583   -1.9298   -1.7095   -1.5986   -1.4884   -1.0106   -0.9659    1.4053    1.5804    1.9948    3.3449    3.6132    3.7010    4.4898    4.5103    4.5521    4.5992    4.6288    4.6408    4.9186    5.3870    5.4619    5.5414    5.5504
  4.8701  -11.3061  -11.2712  -11.2353  -10.3330  -10.2544  -10.1820   -9.1932   -9.1879   -9.1871   -9.1580   -9.1530   -9.1522   -9.1077   -9.1060   -9.1053   -9.0649   -9.0632   -9.0625   -8.6156   -8.5772   -8.5357   -4.1895   -4.0939   -3.9529   -3.5024   -3.1281   -3.1143   -2.8032   -2.7302   -2.2414   -2.0062   -1.9544   -1.9201   -1.9086   -1.6592   -1.5658   -1.4376   -0.9845   -0.9190    1.5580    1.6157    2.2041    3.3005    3.5349    3.8055    4.4992    4.5320    4.5821    4.6510    4.6651    4.6932    4.8937    5.4698    5.4796    5.6971    5.8869
  4.9264  -11.3293  -11.2920  -11.2466  -10.3731  -10.2755  -10.1968   -9.1907   -9.1855   -9.1846   -9.1572   -9.1523   -9.1515   -9.1075   -9.1058   -9.1051   -9.0676   -9.0659   -9.0652   -8.6389   -8.5971   -8.5473   -4.3011   -4.1826   -3.9546   -3.3477   -3.1046   -2.9845   -2.6958   -2.6133   -2.1525   -1.9588   -1.9207   -1.8985   -1.8422   -1.6042   -1.5187   -1.3705   -0.9446   -0.8595    1.7072    1.7649    2.4289    3.2912    3.4422    3.9085    4.5011    4.5699    4.6309    4.6715    4.7215    4.7720    4.9174    5.5064    5.5163    5.8542    6.1351
  4.9827  -11.3570  -11.3152  -11.2621  -10.4163  -10.3044  -10.2144   -9.1879   -9.1826   -9.1818   -9.1563   -9.1514   -9.1507   -9.1074   -9.1057   -9.1050   -9.0708   -9.0692   -9.0685   -8.6656   -8.6179   -8.5632   -4.4258   -4.2754   -3.9679   -3.1570   -3.0944   -2.8159   -2.5800   -2.4647   -2.0374   -1.9275   -1.8626   -1.8276   -1.7608   -1.5498   -1.4577   -1.2896   -0.8921   -0.7892    1.8496    2.0163    2.6434    3.3298    3.3480    4.0079    4.5166    4.6032    4.6747    4.6986    4.8007    4.8613    4.9635    5.5429    5.5509    5.9066    6.1146
  5.0390  -11.3879  -11.3397  -11.2811  -10.4603  -10.3395  -10.2339   -9.1849   -9.1797   -9.1789   -9.1553   -9.1504   -9.1497   -9.1073   -9.1056   -9.1049   -9.0745   -9.0728   -9.0721   -8.6938   -8.6386   -8.5822   -4.5553   -4.3650   -4.0002   -3.0810   -2.9331   -2.6456   -2.4552   -2.2816   -1.9303   -1.9017   -1.7431   -1.7186   -1.6667   -1.4966   -1.3839   -1.1977   -0.8286   -0.7104    2.0345    2.2955    2.8138    3.2519    3.4524    4.1026    4.5464    4.6310    4.6921    4.7793    4.8819    4.9551    5.0031    5.5573    5.6081    6.1512    6.3463
  5.0953  -11.4204  -11.3645  -11.3029  -10.5030  -10.3789  -10.2545   -9.1820   -9.1768   -9.1760   -9.1542   -9.1493   -9.1486   -9.1073   -9.1056   -9.1049   -9.0784   -9.0767   -9.0760   -8.7221   -8.6582   -8.6031   -4.6829   -4.4468   -4.0530   -3.0609   -2.6856   -2.5058   -2.3132   -2.0656   -1.9052   -1.7560   -1.6470   -1.5627   -1.5374   -1.4396   -1.2994   -1.0980   -0.7563   -0.6260    2.2515    2.5580    2.9264    3.2070    3.6439    4.1927    4.5900    4.6525    4.7280    4.8707    4.9618    5.0175    5.0443    5.5463    5.6832    6.1958    6.3141
  5.1516  -11.4533  -11.3883  -11.3266  -10.5427  -10.4205  -10.2752   -9.1793   -9.1741   -9.1734   -9.1531   -9.1482   -9.1475   -9.1074   -9.1057   -9.1050   -9.0824   -9.0806   -9.0799   -8.7492   -8.6763   -8.6246   -4.8037   -4.5176   -4.1224   -3.0379   -2.4298   -2.4201   -2.1489   -1.8637   -1.7830   -1.6208   -1.5424   -1.4521   -1.3632   -1.3327   -1.2067   -0.9942   -0.6777   -0.5394    2.4881    2.6861    3.0013    3.3181    3.8720    4.2799    4.6435    4.6686    4.7864    4.9639    5.0013    5.0390    5.1147    5.5032    5.7544    6.1171    6.1993
  5.2079  -11.4850  -11.4102  -11.3510  -10.5777  -10.4626  -10.2952   -9.1769   -9.1717   -9.1710   -9.1520   -9.1472   -9.1464   -9.1076   -9.1059   -9.1052   -9.0862   -9.0845   -9.0838   -8.7740   -8.6921   -8.6457   -4.9138   -4.5755   -4.2020   -3.0126   -2.4216   -2.1474   -1.9644   -1.7180   -1.5297   -1.5214   -1.4326   -1.3394   -1.2469   -1.1179   -1.1091   -0.8906   -0.5959   -0.4547    2.6459    2.7289    3.0586    3.6109    4.0954    4.3675    4.6773    4.7040    4.8679    4.9608    5.0451    5.1139    5.1472    5.4569    5.7941    5.9085    6.0620
  5.2642  -11.5141  -11.4292  -11.3752  -10.6068  -10.5034  -10.3135   -9.1749   -9.1697   -9.1690   -9.1510   -9.1462   -9.1455   -9.1079   -9.1062   -9.1055   -9.0898   -9.0880   -9.0873   -8.7958   -8.7054   -8.6655   -5.0104   -4.6194   -4.2854   -2.9845   -2.4563   -1.8833   -1.7683   -1.5559   -1.4508   -1.3219   -1.2590   -1.2296   -1.0992   -1.0106   -0.9058   -0.7918   -0.5141   -0.3763    2.5414    2.9553    3.1071    3.9683    4.2860    4.4587    4.6874    4.7549    4.8995    4.9731    5.0906    5.1239    5.1887    5.3058    5.6262    5.7189    5.8108
  5.3205  -11.5397  -11.4445  -11.3981  -10.6291  -10.5413  -10.3296   -9.1733   -9.1681   -9.1674   -9.1501   -9.1453   -9.1446   -9.1083   -9.1066   -9.1059   -9.0929   -9.0911   -9.0904   -8.8141   -8.7159   -8.6832   -5.0917   -4.6484   -4.3672   -2.9522   -2.5113   -1.6645   -1.5730   -1.3941   -1.3641   -1.2148   -1.1290   -0.9969   -0.9511   -0.9144   -0.7094   -0.7027   -0.4355   -0.3090    2.4197    3.1453    3.1493    4.3194    4.4324    4.5535    4.6987    4.7882    4.8404    5.0381    5.0595    5.0851    5.1668    5.2898    5.3821    5.5348    5.5657
  5.3768  -11.5605  -11.4554  -11.4187  -10.6441  -10.5752  -10.3428   -9.1720   -9.1669   -9.1662   -9.1494   -9.1446   -9.1439   -9.1087   -9.1070   -9.1063   -9.0954   -9.0936   -9.0929   -8.8286   -8.7232   -8.6984   -5.1562   -4.6622   -4.4435   -2.9147   -2.5747   -1.5458   -1.3931   -1.2523   -1.2095   -1.1166   -1.0440   -0.8407   -0.8103   -0.7598   -0.6281   -0.5431   -0.3627   -0.2570    2.2992    3.1864    3.2777    4.5399    4.5896    4.6444    4.7280    4.7867    4.7968    4.9492    5.0205    5.0421    5.1000    5.1674    5.3076    5.3690    5.4981
  5.4331  -11.5760  -11.4616  -11.4361  -10.6514  -10.6037  -10.3525   -9.1712   -9.1660   -9.1653   -9.1488   -9.1441   -9.1434   -9.1091   -9.1074   -9.1067   -9.0973   -9.0954   -9.0947   -8.8390   -8.7273   -8.7106   -5.2029   -4.6608   -4.5111   -2.8711   -2.6405   -1.5008   -1.2426   -1.1461   -1.0340   -1.0284   -0.9809   -0.7698   -0.7192   -0.5714   -0.5644   -0.4223   -0.2982   -0.2237    2.1945    3.2225    3.3402    4.6214    4.6789    4.7089    4.7498    4.7875    4.8259    4.8433    4.9376    4.9429    5.0439    5.1090    5.1494    5.2063    5.2625
  5.4894  -11.5855  -11.4627  -11.4496  -10.6510  -10.6260  -10.3585   -9.1707   -9.1655   -9.1648   -9.1485   -9.1438   -9.1431   -9.1093   -9.1077   -9.1070   -9.0985   -9.0966   -9.0959   -8.8453   -8.7282   -8.7198   -5.2311   -4.6447   -4.5677   -2.8214   -2.7048   -1.4829   -1.1367   -1.0861   -0.9757   -0.9445   -0.8890   -0.7214   -0.6731   -0.5356   -0.4267   -0.3584   -0.2476   -0.2105    2.1217    3.2623    3.3408    4.6749    4.6825    4.7153    4.7258    4.7789    4.7984    4.8427    4.9199    4.9610    5.0171    5.0280    5.0785    5.1245    5.1790
  5.5457  -11.5887  -11.4595  -11.4577  -10.6458  -10.6386  -10.3605   -9.1705   -9.1653   -9.1646   -9.1484   -9.1437   -9.1430   -9.1094   -9.1077   -9.1071   -9.0988   -9.0969   -9.0962   -8.8474   -8.7258   -8.7255   -5.2406   -4.6204   -4.6056   -2.7689   -2.7624   -1.4778   -1.0922   -1.0730   -0.9533   -0.9342   -0.8351   -0.7001   -0.6658   -0.5234   -0.3612   -0.3542   -0.2216   -0.2147    2.0954    3.3058    3.3061    4.6753    4.7030    4.7081    4.7398    4.7542    4.7813    4.8203    4.9097    4.9780    5.0021    5.0140    5.0254    5.0554    5.1451
  5.5457  -11.5887  -11.4595  -11.4577  -10.6458  -10.6386  -10.3605   -9.1705   -9.1653   -9.1646   -9.1484   -9.1437   -9.1430   -9.1094   -9.1077   -9.1071   -9.0988   -9.0969   -9.0962   -8.8474   -8.7258   -8.7255   -5.2406   -4.6204   -4.6056   -2.7689   -2.7624   -1.4778   -1.0922   -1.0730   -0.9533   -0.9342   -0.8351   -0.7001   -0.6658   -0.5234   -0.3612   -0.3542   -0.2216   -0.2147    2.0954    3.3059    3.3061    4.6693    4.7034    4.7119    4.7318    4.7448    4.7761    4.7970    4.9156    4.9842    5.0042    5.0108    5.0350    5.0802    5.1217
  5.6013  -11.5857  -11.4570  -11.4552  -10.6423  -10.6351  -10.3580   -9.1707   -9.1655   -9.1648   -9.1485   -9.1438   -9.1431   -9.1093   -9.1077   -9.1070   -9.0985   -9.0966   -9.0959   -8.8455   -8.7240   -8.7237   -5.2318   -4.6139   -4.5991   -2.7666   -2.7602   -1.4806   -1.1327   -1.0926   -0.9798   -0.9386   -0.8828   -0.7274   -0.6795   -0.5297   -0.4167   -0.3652   -0.2570   -0.2035    2.1195    3.2977    3.3078    4.6783    4.6902    4.7219    4.7282    4.7638    4.7790    4.8525    4.9009    4.9648    4.9990    5.0353    5.0932    5.1224    5.1802
  5.6568  -11.5767  -11.4497  -11.4477  -10.6319  -10.6247  -10.3507   -9.1712   -9.1660   -9.1653   -9.1488   -9.1441   -9.1434   -9.1091   -9.1074   -9.1067   -9.0973   -9.0954   -9.0947   -8.8399   -8.7187   -8.7184   -5.2058   -4.5943   -4.5798   -2.7604   -2.7538   -1.4905   -1.2361   -1.1626   -1.0419   -1.0141   -0.9654   -0.7905   -0.7372   -0.5498   -0.5405   -0.4329   -0.3202   -0.2115    2.1868    3.2688    3.3039    4.6317    4.6777    4.7119    4.7250    4.8001    4.8236    4.8345    4.9274    4.9605    5.0305    5.0964    5.1856    5.2109    5.2483
  5.7124  -11.5619  -11.4378  -11.4355  -10.6149  -10.6076  -10.3389   -9.1720   -9.1669   -9.1662   -9.1494   -9.1446   -9.1439   -9.1087   -9.1070   -9.1063   -9.0954   -9.0936   -9.0929   -8.8306   -8.7100   -8.7097   -5.1627   -4.5622   -4.5481   -2.7527   -2.7435   -1.5149   -1.3850   -1.2819   -1.2006   -1.1270   -1.0171   -0.8774   -0.8395   -0.7185   -0.5861   -0.5537   -0.4006   -0.2408    2.2848    3.2011    3.2838    4.5407    4.6192    4.6199    4.7022    4.7569    4.8174    4.9373    5.0049    5.0270    5.1426    5.2277    5.3057    5.3715    5.4065
  5.7680  -11.5421  -11.4218  -11.4192  -10.5918  -10.5842  -10.3230   -9.1733   -9.1681   -9.1674   -9.1501   -9.1453   -9.1446   -9.1083   -9.1066   -9.1059   -9.0929   -9.0911   -9.0904   -8.8176   -8.6982   -8.6976   -5.1029   -4.5183   -4.5048   -2.7492   -2.7291   -1.5895   -1.5600   -1.4399   -1.3919   -1.2269   -1.0894   -0.9879   -0.9647   -0.9353   -0.7167   -0.6391   -0.4914   -0.2892    2.4009    3.0828    3.2353    4.3624    4.4438    4.4979    4.6759    4.7970    4.8149    5.0359    5.0684    5.1142    5.1916    5.2977    5.4395    5.5570    5.5964
  5.8235  -11.5177  -11.4026  -11.3993  -10.5633  -10.5552  -10.3038   -9.1749   -9.1697   -9.1690   -9.1510   -9.1462   -9.1455   -9.1079   -9.1062   -9.1055   -9.0898   -9.0880   -9.0873   -8.8011   -8.6834   -8.6826   -5.0273   -4.4637   -4.4509   -2.7569   -2.7134   -1.7823   -1.7448   -1.6229   -1.5089   -1.3359   -1.1768   -1.1755   -1.1218   -1.0829   -0.9070   -0.7062   -0.5892   -0.3527    2.5254    2.9125    3.1533    4.0241    4.3246    4.3673    4.6599    4.7384    4.8908    5.0242    5.1692    5.1828    5.1871    5.2073    5.6443    5.7184    5.7499
  5.8791  -11.4897  -11.3810  -11.3767  -10.5303  -10.5213  -10.2823   -9.1769   -9.1717   -9.1710   -9.1520   -9.1472   -9.1464   -9.1076   -9.1059   -9.1052   -9.0862   -9.0845   -9.0838   -8.7811   -8.6664   -8.6648   -4.9368   -4.3999   -4.3882   -2.7872   -2.7006   -2.0383   -1.9155   -1.8146   -1.6129   -1.4488   -1.4249   -1.2733   -1.2382   -1.1993   -1.1102   -0.7833   -0.6906   -0.4266    2.6507    2.6987    3.0402    3.6649    4.1857    4.2486    4.6427    4.6586    4.9594    4.9714    5.1183    5.1276    5.2712    5.3305    5.7848    5.8944    6.0454
  5.9346  -11.4590  -11.3580  -11.3523  -10.4942  -10.4832  -10.2594   -9.1793   -9.1741   -9.1734   -9.1531   -9.1482   -9.1475   -9.1074   -9.1057   -9.1050   -9.0824   -9.0806   -9.0799   -8.7581   -8.6476   -8.6449   -4.8329   -4.3293   -4.3188   -2.8529   -2.6984   -2.3057   -2.0487   -1.9989   -1.7536   -1.6710   -1.5612   -1.3731   -1.3190   -1.3134   -1.3109   -0.8655   -0.7922   -0.5062    2.4567    2.7627    2.9037    3.3222    4.0314    4.1530    4.5695    4.6244    4.8718    5.0056    5.0500    5.1165    5.3040    5.3340    5.6767    6.0155    6.1868
  5.9902  -11.4269  -11.3349  -11.3271  -10.4564  -10.4421  -10.2365   -9.1820   -9.1768   -9.1760   -9.1542   -9.1493   -9.1486   -9.1073   -9.1056   -9.1049   -9.0784   -9.0767   -9.0760   -8.7324   -8.6279   -8.6235   -4.7177   -4.2551   -4.2453   -2.9571   -2.7199   -2.5665   -2.1580   -2.1369   -1.9185   -1.9018   -1.6689   -1.5038   -1.4710   -1.4242   -1.3662   -0.9482   -0.8904   -0.5867    2.2057    2.7508    2.7698    3.1015    3.8681    4.0830    4.4784    4.6041    4.7692    4.9753    4.9833    5.1603    5.2916    5.3615    5.5563    5.7245    6.1254
  6.0458  -11.3946  -11.3126  -11.3023  -10.4183  -10.3992  -10.2150   -9.1849   -9.1797   -9.1789   -9.1553   -9.1504   -9.1497   -9.1073   -9.1056   -9.1049   -9.0745   -9.0728   -9.0721   -8.7050   -8.6083   -8.6016   -4.5940   -4.1828   -4.1700   -3.0852   -2.8107   -2.7811   -2.2744   -2.1971   -2.1039   -2.0857   -1.7685   -1.6655   -1.5634   -1.5250   -1.4080   -1.0274   -0.9821   -0.6641    1.9630    2.5285    2.5980    3.1480    3.7030    4.0364    4.3881    4.5800    4.6670    4.8966    4.9554    5.2022    5.2541    5.3579    5.4267    5.5203    6.1817
  6.1013  -11.3633  -11.2925  -11.2790  -10.3818  -10.3561  -10.1963   -9.1879   -9.1826   -9.1818   -9.1563   -9.1514   -9.1507   -9.1074   -9.1057   -9.1050   -9.0708   -9.0692   -9.0685   -8.6765   -8.5902   -8.5802   -4.4658   -4.1186   -4.0955   -3.2148   -3.0308   -2.8829   -2.3656   -2.2570   -2.2491   -2.2411   -1.8571   -1.7803   -1.6465   -1.6145   -1.4497   -1.0996   -1.0644   -0.7349    1.7434    2.2415    2.4497    3.2700    3.5436    4.0110    4.3005    4.5454    4.5731    4.8250    4.9376    5.2072    5.2186    5.3121    5.3290    5.3799    6.1491
  6.1569  -11.3343  -11.2757  -11.2582  -10.3486  -10.3143  -10.1820   -9.1907   -9.1855   -9.1846   -9.1572   -9.1523   -9.1515   -9.1075   -9.1058   -9.1051   -9.0676   -9.0659   -9.0652   -8.6483   -8.5749   -8.5603   -4.3389   -4.0682   -4.0259   -3.3284   -3.2200   -3.0043   -2.4738   -2.3772   -2.3351   -2.3072   -1.9324   -1.8367   -1.7177   -1.6905   -1.4959   -1.1618   -1.1351   -0.7964    1.5595    1.9757    2.3170    3.3945    3.4053    4.0045    4.2162    4.4899    4.4921    4.7794    4.9309    5.1610    5.1744    5.2609    5.2728    5.2864    6.0552
  6.2124  -11.3089  -11.2630  -11.2409  -10.3204  -10.2754  -10.1733   -9.1932   -9.1880   -9.1871   -9.1580   -9.1530   -9.1522   -9.1077   -9.1060   -9.1053   -9.0649   -9.0632   -9.0625   -8.6217   -8.5637   -8.5433   -4.2213   -4.0353   -3.9652   -3.4170   -3.3709   -3.1226   -2.5690   -2.4856   -2.4262   -2.3255   -1.9927   -1.8442   -1.7750   -1.7513   -1.5481   -1.2118   -1.1924   -0.8463    1.4211    1.7455    2.2073    3.2725    3.5331    4.0148    4.1354    4.4115    4.4268    4.7713    4.9331    5.1016    5.1224    5.1973    5.2104    5.2460    6.0399
  6.2680  -11.2881  -11.2551  -11.2279  -10.2989  -10.2411  -10.1715   -9.1952   -9.1899   -9.1891   -9.1585   -9.1535   -9.1528   -9.1078   -9.1062   -9.1055   -9.0629   -9.0612   -9.0605   -8.5981   -8.5579   -8.5302   -4.1241   -4.0192   -3.9166   -3.4845   -3.4718   -3.2216   -2.6335   -2.5623   -2.5111   -2.3332   -2.0367   -1.8210   -1.8169   -1.7955   -1.6057   -1.2481   -1.2349   -0.8831    1.3353    1.5584    2.1258    3.1765    3.6565    4.0259    4.0716    4.3229    4.3791    4.7974    4.9407    5.0455    5.0941    5.1105    5.1523    5.2301    6.0523
  6.3235  -11.2733  -11.2521  -11.2198  -10.2855  -10.2129  -10.1771   -9.1965   -9.1912   -9.1904   -9.1588   -9.1538   -9.1531   -9.1079   -9.1063   -9.1056   -9.0616   -9.0600   -9.0593   -8.5790   -8.5582   -8.5219   -4.0584   -4.0161   -3.8840   -3.5354   -3.5180   -3.2883   -2.6689   -2.6035   -2.5747   -2.3371   -2.0634   -1.8426   -1.8224   -1.7788   -1.6661   -1.2695   -1.2616   -0.9056    1.3062    1.4200    2.0759    3.1159    3.7691    3.9595    4.0994    4.2367    4.3501    4.8511    4.9486    5.0115    5.0153    5.0840    5.1128    5.2162    6.0899
  6.3791  -11.2673  -11.2521  -11.2171  -10.2809  -10.1945  -10.1878   -9.1969   -9.1916   -9.1909   -9.1590   -9.1540   -9.1532   -9.1080   -9.1063   -9.1056   -9.0612   -9.0596   -9.0589   -8.5671   -8.5638   -8.5191   -4.0278   -4.0241   -3.8723   -3.5471   -3.5372   -3.3122   -2.6800   -2.6081   -2.6064   -2.3384   -2.0724   -1.8512   -1.8315   -1.7259   -1.7249   -1.2763   -1.2709   -0.9132    1.3333    1.3365    2.0591    3.0951    3.8679    3.8718    4.1535    4.1673    4.3404    4.9248    4.9260    4.9540    5.0003    5.0838    5.0954    5.2105    6.1493
