#K-Path     Band-1    Band-2    Band-3    Band-4      ...     Band-n
  0.0000  -43.8797  -43.8489  -42.9074  -42.8783  -42.7719  -42.7712  -32.8126  -32.7666  -32.7296  -32.7288  -32.6657  -32.6638  -23.7853  -23.6506  -23.5846  -23.4521  -23.4089  -23.3644  -22.6991  -22.6847  -22.6745  -22.6491  -22.6414  -22.6330  -22.5950  -22.5292  -22.4564  -22.4444  -22.4184  -22.4092  -16.1257  -15.8478  -15.6128  -15.5825  -15.5542  -15.4964  -15.4122  -15.4005  -15.3459  -15.3310  -15.2492  -15.1769  -15.1505  -15.0581  -14.9623  -14.9433  -14.9177  -14.8246  -14.7411  -14.3873  -14.0830  -14.0612  -13.8935  -13.6445  -13.4277  -13.3579  -13.3384  -13.3271  -13.2497  -13.2454   -6.4692   -6.3028   -5.4507   -5.3610   -4.7575   -4.0555   -3.7296   -3.6421   -3.6326   -3.5841   -3.3028   -3.1936   -3.0479   -2.8394   -2.7511   -2.5145   -2.4995   -2.3853   -2.1316   -1.9175   -1.8920   -1.7369   -1.6904   -1.6083   -1.5837   -1.4638   -1.4425   -1.4107   -1.2994   -1.2034   -1.1738   -1.1513   -1.1102   -0.9120   -0.6185   -0.3916    1.4652    2.8528    3.0365    3.2095    3.6173    3.7525    3.8283    3.9813    4.2292    4.3220    4.4780    4.5929    4.6543    4.7981    4.8666    4.9194    5.0580    5.1304    5.5718    5.6720    5.7237    5.7521    5.8919    6.0068    6.1728    6.2938    6.5172    6.5987    6.6511    6.7998    6.9630    7.1229
  0.0614  -43.8797  -43.8489  -42.9074  -42.8783  -42.7719  -42.7712  -32.8126  -32.7666  -32.7302  -32.7282  -32.6657  -32.6638  -23.7853  -23.6506  -23.5846  -23.4521  -23.4089  -23.3644  -22.6992  -22.6847  -22.6744  -22.6491  -22.6414  -22.6330  -22.5950  -22.5295  -22.4576  -22.4419  -22.4184  -22.4102  -16.1237  -15.8516  -15.6121  -15.5835  -15.5736  -15.4740  -15.4113  -15.3980  -15.3494  -15.3341  -15.2396  -15.1756  -15.1513  -15.0612  -14.9608  -14.9445  -14.9191  -14.8253  -14.7395  -14.4094  -14.0837  -14.0410  -13.8861  -13.6527  -13.4277  -13.3577  -13.3376  -13.3292  -13.2492  -13.2463   -6.4642   -6.3088   -5.4476   -5.3629   -4.7544   -4.0510   -3.7567   -3.6376   -3.6099   -3.6052   -3.3406   -3.1682   -3.0081   -2.8545   -2.7525   -2.5430   -2.4494   -2.3757   -2.1318   -1.9311   -1.8923   -1.7307   -1.6970   -1.6108   -1.5881   -1.4604   -1.4459   -1.4075   -1.2938   -1.2081   -1.1693   -1.1534   -1.1061   -0.9436   -0.6192   -0.3928    1.4993    2.7991    3.0755    3.2335    3.5526    3.7558    3.8968    3.9269    4.2334    4.3684    4.4752    4.5927    4.6493    4.7956    4.8872    4.9172    5.0570    5.1112    5.5740    5.6481    5.7312    5.7509    5.8817    6.0161    6.1833    6.3206    6.4636    6.5404    6.6837    6.7344    6.9526    7.2413
  0.1228  -43.8797  -43.8489  -42.9074  -42.8783  -42.7719  -42.7712  -32.8126  -32.7665  -32.7309  -32.7276  -32.6657  -32.6638  -23.7853  -23.6506  -23.5846  -23.4521  -23.4089  -23.3644  -22.6994  -22.6846  -22.6742  -22.6491  -22.6414  -22.6330  -22.5949  -22.5302  -22.4596  -22.4363  -22.4184  -22.4130  -16.1186  -15.8612  -15.6103  -15.5995  -15.5859  -15.4409  -15.4090  -15.3910  -15.3578  -15.3424  -15.2135  -15.1722  -15.1534  -15.0712  -14.9567  -14.9474  -14.9228  -14.8272  -14.7352  -14.4556  -14.0885  -13.9972  -13.8634  -13.6769  -13.4278  -13.3573  -13.3357  -13.3342  -13.2485  -13.2480   -6.4501   -6.3254   -5.4395   -5.3681   -4.7466   -4.0392   -3.7978   -3.6713   -3.6295   -3.5557   -3.3981   -3.1198   -2.9381   -2.8910   -2.7571   -2.5716   -2.3582   -2.3533   -2.1327   -1.9672   -1.8931   -1.7170   -1.7124   -1.6163   -1.6011   -1.4549   -1.4516   -1.3987   -1.2808   -1.2163   -1.1618   -1.1601   -1.0974   -1.0199   -0.6210   -0.3952    1.5848    2.6979    3.1403    3.3018    3.4497    3.7638    3.8123    4.0070    4.2433    4.4525    4.4682    4.5937    4.6376    4.7902    4.9097    4.9363    5.0542    5.0726    5.5841    5.5971    5.7291    5.7418    5.8545    6.0109    6.1977    6.3478    6.3839    6.4404    6.5575    6.6607    7.0170    7.1597
  0.1842  -43.8797  -43.8489  -42.9074  -42.8783  -42.7719  -42.7712  -32.8126  -32.7664  -32.7314  -32.7271  -32.6657  -32.6638  -23.7853  -23.6506  -23.5846  -23.4521  -23.4088  -23.3644  -22.6996  -22.6845  -22.6741  -22.6491  -22.6415  -22.6331  -22.5948  -22.5310  -22.4610  -22.4299  -22.4184  -22.4174  -16.1131  -15.8713  -15.6161  -15.6080  -15.5887  -15.4162  -15.4065  -15.3804  -15.3675  -15.3542  -15.1785  -15.1678  -15.1565  -15.0888  -14.9514  -14.9506  -14.9278  -14.8292  -14.7301  -14.4964  -14.0935  -13.9625  -13.8244  -13.7144  -13.4278  -13.3569  -13.3391  -13.3335  -13.2509  -13.2469   -6.4307   -6.3471   -5.4298   -5.3750   -4.7385   -4.0257   -3.8293   -3.7170   -3.6369   -3.5100   -3.4371   -3.0765   -2.9288   -2.8841   -2.7655   -2.5949   -2.3313   -2.2444   -2.1344   -2.0210   -1.8939   -1.7271   -1.7033   -1.6214   -1.6195   -1.4620   -1.4451   -1.3865   -1.2686   -1.2224   -1.1788   -1.1567   -1.0913   -1.0870   -0.6229   -0.3971    1.6774    2.6043    3.2017    3.3600    3.4035    3.6812    3.7725    4.0940    4.2529    4.4617    4.5168    4.5962    4.6245    4.7850    4.8985    4.9889    5.0472    5.0487    5.5263    5.6080    5.6951    5.7833    5.8338    5.9698    6.1814    6.3251    6.3439    6.4025    6.5059    6.7399    7.0922    7.1465
  0.2456  -43.8797  -43.8489  -42.9074  -42.8783  -42.7719  -42.7712  -32.8126  -32.7663  -32.7316  -32.7269  -32.6657  -32.6638  -23.7853  -23.6506  -23.5846  -23.4521  -23.4089  -23.3644  -22.6997  -22.6845  -22.6740  -22.6492  -22.6415  -22.6331  -22.5948  -22.5313  -22.4614  -22.4243  -22.4222  -22.4184  -16.1108  -15.8757  -15.6216  -15.6068  -15.5901  -15.4060  -15.4056  -15.3728  -15.3687  -15.3664  -15.1649  -15.1588  -15.1563  -15.1035  -14.9521  -14.9484  -14.9307  -14.8301  -14.7277  -14.5125  -14.0955  -13.9509  -13.7893  -13.7475  -13.4278  -13.3567  -13.3411  -13.3326  -13.2519  -13.2465   -6.4188   -6.3600   -5.4249   -5.3788   -4.7350   -4.0195   -3.8415   -3.7356   -3.6393   -3.4917   -3.4504   -3.0591   -2.9451   -2.8625   -2.7717   -2.6043   -2.3222   -2.1675   -2.1355   -2.0700   -1.8943   -1.7331   -1.6964   -1.6303   -1.6234   -1.4652   -1.4423   -1.3794   -1.2637   -1.2245   -1.1977   -1.1549   -1.1089   -1.0863   -0.6237   -0.3978    1.7191    2.5641    3.2426    3.3088    3.4947    3.5810    3.7760    4.1275    4.2568    4.4591    4.5390    4.5978    4.6179    4.7829    4.8917    5.0191    5.0362    5.0454    5.4950    5.6383    5.6600    5.8285    5.8397    5.8814    6.1595    6.3063    6.3457    6.3975    6.4959    6.6420    7.0308    7.1027
  0.2456  -43.8767  -43.8519  -42.9061  -42.8796  -42.7719  -42.7712  -32.8121  -32.7634  -32.7323  -32.7302  -32.6662  -32.6649  -23.7641  -23.6611  -23.5748  -23.4760  -23.4206  -23.3463  -22.6934  -22.6675  -22.6613  -22.6424  -22.6388  -22.6291  -22.6100  -22.5265  -22.4487  -22.4452  -22.4434  -22.3961  -16.2970  -15.9036  -15.8758  -15.7494  -15.5485  -15.4791  -15.4443  -15.3914  -15.3844  -15.3419  -15.2076  -15.1320  -15.0501  -15.0342  -14.9625  -14.8196  -14.8039  -14.7909  -14.5879  -14.2884  -13.9584  -13.8357  -13.7657  -13.6594  -13.5518  -13.4986  -13.4815  -13.4093  -13.3613  -13.1663   -6.1548   -6.0088   -5.1895   -5.1583   -4.6435   -4.4520   -4.2790   -3.8533   -3.6196   -3.4070   -3.3773   -3.0986   -3.0322   -2.9762   -2.8269   -2.7100   -2.7098   -2.5384   -2.2279   -2.0020   -1.9347   -1.9269   -1.7984   -1.7284   -1.5763   -1.5371   -1.4701   -1.3699   -1.3606   -1.3344   -1.2938   -1.2788   -1.1819   -0.9700   -0.4072   -0.1937    2.4930    3.0973    3.3026    3.3662    3.6356    3.9763    4.1111    4.1523    4.2001    4.2107    4.3992    4.6265    4.7321    4.7782    4.9668    5.0306    5.3027    5.3147    5.3862    5.7040    5.7631    5.7904    5.9473    6.0617    6.1471    6.2643    6.3241    6.5884    6.6820    6.8693    6.9564    7.1375
  0.3027  -43.8768  -43.8518  -42.9062  -42.8795  -42.7719  -42.7712  -32.8121  -32.7635  -32.7322  -32.7302  -32.6662  -32.6649  -23.7648  -23.6608  -23.5750  -23.4753  -23.4203  -23.3468  -22.6936  -22.6681  -22.6619  -22.6426  -22.6389  -22.6292  -22.6094  -22.5265  -22.4507  -22.4435  -22.4429  -22.3963  -16.2916  -15.9003  -15.8699  -15.7520  -15.5498  -15.4777  -15.4435  -15.3908  -15.3837  -15.3399  -15.2075  -15.1324  -15.0551  -15.0285  -14.9611  -14.8210  -14.8099  -14.7928  -14.5952  -14.2854  -13.9648  -13.8443  -13.7804  -13.6423  -13.5874  -13.4781  -13.4657  -13.4035  -13.3587  -13.1661   -6.1550   -6.0269   -5.1995   -5.1849   -4.6425   -4.4161   -4.2734   -3.8537   -3.6146   -3.4016   -3.3842   -3.0586   -3.0245   -2.9902   -2.8625   -2.7022   -2.6719   -2.5401   -2.2284   -2.0083   -1.9317   -1.9310   -1.7901   -1.7264   -1.6013   -1.5141   -1.4659   -1.3794   -1.3568   -1.3295   -1.3101   -1.2534   -1.1815   -0.9711   -0.4133   -0.2009    2.4669    3.1104    3.2973    3.3504    3.6422    3.9628    4.1050    4.1160    4.2011    4.2451    4.3917    4.6226    4.6825    4.7970    4.9751    5.0479    5.2811    5.3227    5.3936    5.7193    5.7280    5.8251    5.9189    6.0481    6.1880    6.2506    6.3226    6.5867    6.6732    6.8597    7.0532    7.1302
  0.3599  -43.8771  -43.8515  -42.9063  -42.8794  -42.7719  -42.7712  -32.8121  -32.7638  -32.7319  -32.7301  -32.6661  -32.6648  -23.7667  -23.6600  -23.5758  -23.4731  -23.4195  -23.3481  -22.6941  -22.6697  -22.6633  -22.6432  -22.6391  -22.6295  -22.6077  -22.5265  -22.4533  -22.4435  -22.4393  -22.3971  -16.2759  -15.8900  -15.8533  -15.7584  -15.5534  -15.4741  -15.4413  -15.3891  -15.3814  -15.3339  -15.2069  -15.1339  -15.0644  -15.0177  -14.9572  -14.8287  -14.8258  -14.7976  -14.6159  -14.2778  -13.9775  -13.8697  -13.8153  -13.6375  -13.6034  -13.4688  -13.4209  -13.3887  -13.3515  -13.1668   -6.1574   -6.0768   -5.2458   -5.2261   -4.6465   -4.3259   -4.2532   -3.8536   -3.6040   -3.4026   -3.3702   -3.0238   -3.0151   -2.9709   -2.9076   -2.6732   -2.6342   -2.5273   -2.2183   -2.0226   -1.9448   -1.9227   -1.7787   -1.7128   -1.6321   -1.5047   -1.4389   -1.3970   -1.3472   -1.3441   -1.3016   -1.2167   -1.1792   -0.9739   -0.4308   -0.2214    2.3922    3.1423    3.2785    3.3172    3.6535    3.9336    4.0603    4.0882    4.1948    4.2820    4.3490    4.6179    4.6311    4.8292    4.9880    5.0785    5.2315    5.3403    5.4122    5.6619    5.7516    5.8459    5.8902    6.0709    6.1600    6.2538    6.3516    6.5837    6.7039    6.8499    7.0012    7.1321
  0.4170  -43.8775  -43.8511  -42.9064  -42.8792  -42.7719  -42.7712  -32.8122  -32.7643  -32.7314  -32.7300  -32.6661  -32.6647  -23.7697  -23.6587  -23.5770  -23.4698  -23.4182  -23.3503  -22.6949  -22.6721  -22.6653  -22.6441  -22.6395  -22.6300  -22.6054  -22.5266  -22.4553  -22.4436  -22.4355  -22.3982  -16.2517  -15.8718  -15.8309  -15.7634  -15.5584  -15.4699  -15.4381  -15.3856  -15.3776  -15.3241  -15.2059  -15.1365  -15.0760  -15.0058  -14.9513  -14.8628  -14.8351  -14.8035  -14.6447  -14.2700  -13.9869  -13.9101  -13.8588  -13.6781  -13.5579  -13.4548  -13.3816  -13.3703  -13.3402  -13.1706   -6.1660   -6.1479   -5.3093   -5.2632   -4.6629   -4.2170   -4.2107   -3.8500   -3.5892   -3.4275   -3.3114   -3.0559   -3.0428   -2.9047   -2.9007   -2.6501   -2.5991   -2.4924   -2.1716   -2.0352   -1.9642   -1.9131   -1.7761   -1.6836   -1.6571   -1.5089   -1.4210   -1.4038   -1.3566   -1.3363   -1.2856   -1.1780   -1.1724   -0.9772   -0.4578   -0.2515    2.2761    3.1679    3.2396    3.3003    3.6545    3.9046    3.9919    4.0623    4.1783    4.2182    4.3616    4.6176    4.6418    4.8561    4.9794    5.1217    5.1845    5.3608    5.4188    5.6149    5.7293    5.7730    5.9373    6.0871    6.1709    6.2904    6.3739    6.5761    6.6352    6.8922    7.0017    7.1641
  0.4742  -43.8780  -43.8506  -42.9066  -42.8790  -42.7719  -42.7712  -32.8123  -32.7648  -32.7308  -32.7299  -32.6660  -32.6645  -23.7732  -23.6570  -23.5786  -23.4658  -23.4166  -23.3530  -22.6959  -22.6750  -22.6675  -22.6451  -22.6399  -22.6306  -22.6028  -22.5269  -22.4565  -22.4438  -22.4318  -22.3998  -16.2223  -15.8443  -15.8176  -15.7518  -15.5639  -15.4670  -15.4344  -15.3795  -15.3722  -15.3112  -15.2047  -15.1403  -15.0920  -14.9940  -14.9443  -14.9126  -14.8497  -14.8090  -14.6743  -14.2691  -13.9915  -13.9584  -13.9007  -13.7016  -13.5151  -13.4373  -13.3530  -13.3509  -13.3250  -13.1797   -6.2280   -6.1846   -5.3553   -5.3057   -4.6877   -4.1737   -4.0890   -3.8404   -3.5710   -3.4551   -3.2601   -3.0967   -3.0534   -2.8762   -2.8685   -2.6888   -2.4820   -2.4784   -2.0887   -2.0324   -1.9765   -1.9038   -1.7746   -1.6791   -1.6504   -1.5093   -1.4540   -1.3754   -1.3543   -1.3300   -1.2710   -1.1588   -1.1448   -0.9768   -0.4913   -0.2865    2.1270    3.1614    3.1773    3.3205    3.6381    3.8769    3.8962    4.0282    4.1678    4.1702    4.4041    4.6147    4.6763    4.8670    4.9347    5.1522    5.1815    5.3840    5.3951    5.5879    5.6306    5.7665    5.9710    6.0560    6.2771    6.2892    6.4376    6.5297    6.7307    6.9326    7.0480    7.3061
  0.5313  -43.8785  -43.8501  -42.9069  -42.8788  -42.7719  -42.7712  -32.8124  -32.7654  -32.7302  -32.7298  -32.6659  -32.6643  -23.7769  -23.6552  -23.5803  -23.4616  -23.4146  -23.3560  -22.6968  -22.6780  -22.6696  -22.6463  -22.6404  -22.6313  -22.6003  -22.5274  -22.4571  -22.4439  -22.4282  -22.4018  -16.1916  -15.8218  -15.8057  -15.7166  -15.5688  -15.4672  -15.4310  -15.3703  -15.3657  -15.2956  -15.2053  -15.1449  -15.1177  -14.9833  -14.9697  -14.9372  -14.8687  -14.8137  -14.6992  -14.2827  -14.0031  -14.0023  -13.9245  -13.7062  -13.4800  -13.4173  -13.3395  -13.3313  -13.3066  -13.1941   -6.3061   -6.2128   -5.3775   -5.3492   -4.7127   -4.1331   -3.9704   -3.8229   -3.5603   -3.4832   -3.2423   -3.1530   -3.0141   -2.8511   -2.8297   -2.7293   -2.4856   -2.3825   -2.0625   -1.9958   -1.9105   -1.8934   -1.7688   -1.6986   -1.6170   -1.5014   -1.4918   -1.3521   -1.3415   -1.3306   -1.2579   -1.1408   -1.1270   -0.9672   -0.5274   -0.3210    1.9559    3.0962    3.1414    3.3265    3.6276    3.8102    3.8424    3.9895    4.1728    4.1863    4.4468    4.6032    4.6994    4.8742    4.8755    5.1104    5.2266    5.3827    5.3887    5.4449    5.6789    5.7409    5.9961    6.0488    6.2361    6.3566    6.4332    6.4960    6.5553    6.8501    6.9326    7.1054
  0.5884  -43.8790  -43.8496  -42.9071  -42.8786  -42.7719  -42.7712  -32.8124  -32.7659  -32.7298  -32.7295  -32.6658  -32.6641  -23.7803  -23.6535  -23.5819  -23.4578  -23.4125  -23.3591  -22.6978  -22.6807  -22.6716  -22.6474  -22.6408  -22.6320  -22.5981  -22.5280  -22.4571  -22.4441  -22.4248  -22.4040  -16.1640  -15.8314  -15.7549  -15.6725  -15.5723  -15.4716  -15.4281  -15.3586  -15.3583  -15.2788  -15.2180  -15.1550  -15.1494  -15.0160  -14.9743  -14.9308  -14.8905  -14.8179  -14.7179  -14.3125  -14.0328  -14.0299  -13.9219  -13.6948  -13.4547  -13.3965  -13.3308  -13.3224  -13.2885  -13.2111   -6.3739   -6.2454   -5.3895   -5.3803   -4.7330   -4.1000   -3.8599   -3.7983   -3.5678   -3.5106   -3.2313   -3.2060   -3.0063   -2.8076   -2.7678   -2.7565   -2.4996   -2.3412   -2.0858   -1.9429   -1.8754   -1.8086   -1.7535   -1.7035   -1.5785   -1.5286   -1.4866   -1.3523   -1.3251   -1.3085   -1.2443   -1.1271   -1.1240   -0.9486   -0.5621   -0.3509    1.7792    3.0082    3.1189    3.2819    3.6455    3.7823    3.8035    3.9449    4.1998    4.2246    4.4871    4.5893    4.6942    4.8220    4.8987    5.0480    5.1823    5.2724    5.4261    5.4888    5.7237    5.7352    6.0133    6.0621    6.1486    6.3019    6.4923    6.5330    6.6202    6.7620    6.9263    7.0828
  0.6456  -43.8794  -43.8492  -42.9072  -42.8785  -42.7719  -42.7712  -32.8125  -32.7663  -32.7297  -32.7292  -32.6657  -32.6640  -23.7829  -23.6520  -23.5833  -23.4547  -23.4107  -23.3619  -22.6985  -22.6829  -22.6731  -22.6483  -22.6411  -22.6325  -22.5964  -22.5286  -22.4568  -22.4442  -22.4218  -22.4062  -16.1430  -15.8401  -15.6941  -15.6299  -15.5731  -15.4801  -15.4256  -15.3522  -15.3455  -15.2732  -15.2633  -15.1741  -15.1521  -15.0421  -14.9677  -14.9275  -14.9115  -14.8214  -14.7308  -14.3485  -14.0576  -14.0501  -13.9091  -13.6737  -13.4387  -13.3777  -13.3268  -13.3244  -13.2727  -13.2262   -6.4258   -6.2751   -5.4221   -5.3730   -4.7470   -4.0757   -3.7697   -3.7618   -3.5914   -3.5369   -3.2530   -3.2144   -3.0242   -2.8179   -2.7562   -2.6533   -2.5100   -2.3426   -2.1099   -1.9224   -1.8663   -1.7620   -1.7150   -1.6704   -1.5625   -1.5254   -1.4698   -1.3718   -1.3110   -1.2572   -1.2281   -1.1369   -1.1129   -0.9293   -0.5912   -0.3733    1.6200    2.9286    3.0869    3.2344    3.6400    3.7719    3.8422    3.8938    4.2247    4.2711    4.5105    4.5844    4.6706    4.7903    4.9403    4.9758    5.0464    5.2365    5.4987    5.5380    5.7139    5.7768    6.0332    6.0405    6.1301    6.2899    6.5116    6.5508    6.6280    6.7827    6.9699    7.0979
  0.7027  -43.8796  -43.8490  -42.9073  -42.8784  -42.7719  -42.7712  -32.8126  -32.7665  -32.7296  -32.7289  -32.6657  -32.6639  -23.7847  -23.6510  -23.5843  -23.4528  -23.4094  -23.3637  -22.6989  -22.6842  -22.6741  -22.6489  -22.6413  -22.6329  -22.5954  -22.5291  -22.4565  -22.4443  -22.4194  -22.4083  -16.1300  -15.8458  -15.6359  -15.5964  -15.5669  -15.4906  -15.4223  -15.3505  -15.3472  -15.3351  -15.2527  -15.1768  -15.1516  -15.0544  -14.9637  -14.9364  -14.9181  -14.8237  -14.7385  -14.3768  -14.0764  -14.0587  -13.8978  -13.6532  -13.4303  -13.3636  -13.3333  -13.3264  -13.2592  -13.2373   -6.4582   -6.2955   -5.4433   -5.3645   -4.7550   -4.0607   -3.7427   -3.6826   -3.6188   -3.5638   -3.2887   -3.1994   -3.0414   -2.8335   -2.7520   -2.5499   -2.5140   -2.3651   -2.1260   -1.9182   -1.8819   -1.7445   -1.6927   -1.6260   -1.5792   -1.4812   -1.4536   -1.3955   -1.3023   -1.2112   -1.2006   -1.1471   -1.1091   -0.9163   -0.6113   -0.3870    1.5066    2.8728    3.0516    3.2139    3.6239    3.7557    3.8481    3.9339    4.2331    4.3081    4.4961    4.5893    4.6559    4.7860    4.9059    4.9488    5.0060    5.1790    5.5647    5.5946    5.7175    5.7968    5.9285    6.0335    6.1594    6.2989    6.5234    6.5885    6.6117    6.7694    6.9688    7.1897
  0.7599  -43.8797  -43.8489  -42.9074  -42.8783  -42.7719  -42.7712  -32.8126  -32.7666  -32.7296  -32.7288  -32.6657  -32.6638  -23.7853  -23.6506  -23.5846  -23.4521  -23.4089  -23.3644  -22.6991  -22.6847  -22.6745  -22.6491  -22.6414  -22.6330  -22.5950  -22.5292  -22.4564  -22.4444  -22.4184  -22.4092  -16.1257  -15.8478  -15.6128  -15.5825  -15.5542  -15.4964  -15.4122  -15.4005  -15.3459  -15.3310  -15.2492  -15.1769  -15.1505  -15.0581  -14.9623  -14.9433  -14.9177  -14.8246  -14.7411  -14.3873  -14.0830  -14.0612  -13.8935  -13.6445  -13.4277  -13.3579  -13.3384  -13.3271  -13.2497  -13.2454   -6.4692   -6.3028   -5.4507   -5.3610   -4.7575   -4.0555   -3.7296   -3.6421   -3.6326   -3.5841   -3.3028   -3.1936   -3.0479   -2.8394   -2.7511   -2.5145   -2.4995   -2.3853   -2.1316   -1.9175   -1.8920   -1.7369   -1.6904   -1.6083   -1.5837   -1.4638   -1.4425   -1.4107   -1.2994   -1.2034   -1.1738   -1.1513   -1.1102   -0.9120   -0.6185   -0.3916    1.4652    2.8528    3.0365    3.2095    3.6173    3.7525    3.8283    3.9813    4.2292    4.3220    4.4780    4.5929    4.6543    4.7981    4.8666    4.9196    5.0580    5.1319    5.5718    5.6720    5.7263    5.7510    5.8925    6.0116    6.1713    6.3521    6.5171    6.5728    6.6160    6.7245    6.9283    7.0623
  0.7599  -43.8797  -43.8489  -42.9074  -42.8783  -42.7719  -42.7712  -32.8126  -32.7666  -32.7296  -32.7288  -32.6657  -32.6638  -23.7853  -23.6506  -23.5846  -23.4521  -23.4089  -23.3644  -22.6991  -22.6847  -22.6745  -22.6491  -22.6414  -22.6330  -22.5950  -22.5292  -22.4564  -22.4444  -22.4184  -22.4092  -16.1257  -15.8478  -15.6128  -15.5825  -15.5542  -15.4964  -15.4122  -15.4005  -15.3459  -15.3310  -15.2492  -15.1769  -15.1505  -15.0581  -14.9623  -14.9433  -14.9177  -14.8246  -14.7411  -14.3873  -14.0830  -14.0612  -13.8935  -13.6445  -13.4277  -13.3579  -13.3384  -13.3271  -13.2497  -13.2454   -6.4692   -6.3028   -5.4507   -5.3610   -4.7575   -4.0555   -3.7296   -3.6421   -3.6326   -3.5841   -3.3028   -3.1936   -3.0479   -2.8394   -2.7511   -2.5145   -2.4995   -2.3853   -2.1316   -1.9175   -1.8920   -1.7369   -1.6904   -1.6083   -1.5837   -1.4638   -1.4425   -1.4107   -1.2994   -1.2034   -1.1738   -1.1513   -1.1102   -0.9120   -0.6185   -0.3916    1.4652    2.8528    3.0365    3.2095    3.6173    3.7525    3.8283    3.9813    4.2292    4.3220    4.4780    4.5929    4.6543    4.7981    4.8666    4.9197    5.0580    5.1301    5.5718    5.6720    5.7344    5.7544    5.8981    6.0087    6.1920    6.3189    6.5288    6.5612    6.6250    6.7054    6.9785    7.1097
  0.8196  -43.8796  -43.8489  -42.9072  -42.8785  -42.7719  -42.7712  -32.8125  -32.7666  -32.7293  -32.7283  -32.6661  -32.6642  -23.7850  -23.6508  -23.5845  -23.4524  -23.4091  -23.3642  -22.6996  -22.6851  -22.6744  -22.6490  -22.6414  -22.6329  -22.5936  -22.5286  -22.4569  -22.4443  -22.4192  -22.4091  -16.1241  -15.8500  -15.6206  -15.5946  -15.5616  -15.4941  -15.4194  -15.3823  -15.3491  -15.3334  -15.2556  -15.1713  -15.1469  -15.0537  -14.9627  -14.9469  -14.9185  -14.8238  -14.7344  -14.3821  -14.0778  -14.0569  -13.8886  -13.6448  -13.4284  -13.3638  -13.3376  -13.3239  -13.2542  -13.2433   -6.4535   -6.2897   -5.4508   -5.3712   -4.7403   -4.0504   -3.7230   -3.6486   -3.6360   -3.5863   -3.3227   -3.1844   -3.0484   -2.8430   -2.7469   -2.5241   -2.4999   -2.3932   -2.1319   -1.9258   -1.8901   -1.7351   -1.6996   -1.6111   -1.6009   -1.4701   -1.4460   -1.4099   -1.2950   -1.2072   -1.1792   -1.1654   -1.1130   -0.9138   -0.6313   -0.4155    1.4972    2.8589    3.0550    3.2099    3.6142    3.7101    3.8466    4.0080    4.2394    4.3287    4.4679    4.5875    4.6503    4.7852    4.8796    4.9469    5.0488    5.1377    5.5389    5.6682    5.7083    5.8014    5.9218    6.0299    6.1821    6.3150    6.5120    6.5670    6.6149    6.7156    6.7557    7.0545
  0.8794  -43.8795  -43.8490  -42.9067  -42.8790  -42.7719  -42.7712  -32.8121  -32.7667  -32.7285  -32.7271  -32.6673  -32.6654  -23.7841  -23.6513  -23.5842  -23.4534  -23.4098  -23.3634  -22.7010  -22.6860  -22.6742  -22.6489  -22.6415  -22.6328  -22.5894  -22.5268  -22.4586  -22.4441  -22.4215  -22.4090  -16.1197  -15.8562  -15.6516  -15.6202  -15.5668  -15.4950  -15.4310  -15.3582  -15.3516  -15.3383  -15.2718  -15.1544  -15.1361  -15.0420  -14.9642  -14.9533  -14.9211  -14.8216  -14.7170  -14.3688  -14.0642  -14.0418  -13.8752  -13.6451  -13.4304  -13.3798  -13.3359  -13.3156  -13.2707  -13.2334   -6.4073   -6.2509   -5.4530   -5.3953   -4.6940   -4.0358   -3.7142   -3.6781   -3.6371   -3.5828   -3.3644   -3.1678   -3.0500   -2.8518   -2.7428   -2.5490   -2.4975   -2.4190   -2.1300   -1.9503   -1.8879   -1.7428   -1.7281   -1.6343   -1.6221   -1.4829   -1.4580   -1.4172   -1.2845   -1.2201   -1.1943   -1.1910   -1.1242   -0.9189   -0.6705   -0.4790    1.5855    2.8775    3.1041    3.2074    3.6080    3.6337    3.8915    4.0553    4.2554    4.3391    4.4532    4.5587    4.6575    4.7725    4.9061    5.0032    5.0476    5.1592    5.4819    5.6654    5.6796    5.8758    5.9955    6.0704    6.1942    6.3047    6.4683    6.5956    6.6755    6.7590    7.0564    7.2190
  0.9391  -43.8794  -43.8492  -42.9058  -42.8799  -42.7719  -42.7712  -32.8116  -32.7668  -32.7270  -32.7251  -32.6694  -32.6674  -23.7828  -23.6521  -23.5838  -23.4549  -23.4108  -23.3624  -22.7029  -22.6875  -22.6739  -22.6487  -22.6416  -22.6326  -22.5830  -22.5237  -22.4615  -22.4439  -22.4252  -22.4089  -16.1136  -15.8659  -15.6998  -15.6461  -15.5728  -15.4980  -15.4459  -15.3721  -15.3552  -15.3139  -15.2912  -15.1306  -15.1160  -15.0259  -14.9676  -14.9555  -14.9252  -14.8182  -14.6940  -14.3528  -14.0455  -14.0138  -13.8557  -13.6445  -13.4346  -13.4039  -13.3338  -13.3125  -13.2883  -13.2175   -6.3328   -6.1884   -5.4664   -5.4147   -4.6307   -4.0139   -3.7605   -3.6991   -3.6302   -3.5637   -3.3979   -3.1522   -3.0523   -2.8631   -2.7569   -2.5813   -2.4842   -2.4606   -2.1271   -1.9930   -1.8968   -1.8081   -1.7433   -1.6543   -1.6498   -1.4969   -1.4784   -1.4344   -1.2778   -1.2350   -1.2179   -1.2055   -1.1417   -0.9272   -0.7354   -0.5658    1.7117    2.9054    3.1535    3.2084    3.5774    3.6045    3.9393    4.1114    4.2521    4.3355    4.4525    4.5113    4.6988    4.7735    4.9332    5.0294    5.1178    5.1870    5.4366    5.6194    5.6908    5.9153    6.0861    6.1439    6.2339    6.3342    6.4768    6.5357    6.6425    6.7677    6.8542    7.0151
  0.9988  -43.8792  -43.8494  -42.9046  -42.8811  -42.7719  -42.7712  -32.8110  -32.7670  -32.7248  -32.7224  -32.6722  -32.6701  -23.7811  -23.6532  -23.5832  -23.4570  -23.4119  -23.3612  -22.7050  -22.6893  -22.6735  -22.6484  -22.6416  -22.6324  -22.5749  -22.5196  -22.4655  -22.4437  -22.4299  -22.4090  -16.1076  -15.8779  -15.7497  -15.6776  -15.5824  -15.5009  -15.4617  -15.3905  -15.3678  -15.3096  -15.2866  -15.1093  -15.0819  -15.0074  -14.9713  -14.9518  -14.9302  -14.8140  -14.6693  -14.3380  -14.0217  -13.9763  -13.8326  -13.6417  -13.4491  -13.4270  -13.3430  -13.3312  -13.2782  -13.1975   -6.2339   -6.1053   -5.4953   -5.4165   -4.5632   -3.9867   -3.8514   -3.7177   -3.6521   -3.5111   -3.3953   -3.1380   -3.0545   -2.8771   -2.7976   -2.6140   -2.5091   -2.4578   -2.1400   -2.0563   -1.9457   -1.8596   -1.7644   -1.7113   -1.6617   -1.5177   -1.4889   -1.4483   -1.2865   -1.2482   -1.2346   -1.2092   -1.1617   -0.9401   -0.8161   -0.6645    1.8573    2.9303    3.1347    3.2668    3.5664    3.6072    3.9682    4.1709    4.2454    4.3083    4.4041    4.5362    4.7638    4.7847    4.9602    5.0487    5.1996    5.2486    5.4143    5.5809    5.7037    5.9112    6.1356    6.2204    6.2915    6.3774    6.4310    6.5850    6.7351    6.8198    6.9748    7.1302
  1.0586  -43.8789  -43.8496  -42.9031  -42.8826  -42.7719  -42.7712  -32.8102  -32.7673  -32.7219  -32.7192  -32.6757  -32.6734  -23.7793  -23.6543  -23.5825  -23.4593  -23.4128  -23.3600  -22.7070  -22.6912  -22.6732  -22.6482  -22.6415  -22.6321  -22.5657  -22.5144  -22.4707  -22.4435  -22.4356  -22.4091  -16.1037  -15.8908  -15.7954  -15.7135  -15.5937  -15.5057  -15.4753  -15.4116  -15.3786  -15.3235  -15.2645  -15.0896  -15.0433  -14.9879  -14.9736  -14.9454  -14.9336  -14.8097  -14.6458  -14.3258  -13.9925  -13.9345  -13.8080  -13.6368  -13.4857  -13.4358  -13.3854  -13.3286  -13.2606  -13.1754   -6.1166   -6.0063   -5.5251   -5.4098   -4.5033   -3.9659   -3.9515   -3.7458   -3.6963   -3.4405   -3.3564   -3.1236   -3.0551   -2.9045   -2.8422   -2.6454   -2.5568   -2.4280   -2.2185   -2.1035   -2.0103   -1.8949   -1.7918   -1.7837   -1.6723   -1.5383   -1.4916   -1.4518   -1.3073   -1.2714   -1.2351   -1.2069   -1.1799   -0.9610   -0.8963   -0.7697    2.0077    2.9230    3.1218    3.3245    3.5945    3.6281    3.9783    4.1643    4.2388    4.3135    4.3720    4.5935    4.8057    4.8339    4.9933    5.0702    5.2234    5.3770    5.4195    5.5506    5.7136    5.8949    6.1593    6.2393    6.2858    6.3956    6.4245    6.5433    6.6649    6.7643    6.8602    7.0711
  1.1183  -43.8787  -43.8498  -42.9014  -42.8843  -42.7719  -42.7712  -32.8094  -32.7676  -32.7183  -32.7153  -32.6797  -32.6773  -23.7774  -23.6555  -23.5818  -23.4616  -23.4137  -23.3589  -22.7086  -22.6930  -22.6729  -22.6480  -22.6414  -22.6318  -22.5558  -22.5085  -22.4770  -22.4433  -22.4420  -22.4092  -16.1031  -15.9051  -15.8319  -15.7502  -15.6036  -15.5153  -15.4836  -15.4328  -15.3859  -15.3344  -15.2443  -15.0710  -15.0104  -14.9773  -14.9637  -14.9460  -14.9266  -14.8059  -14.6257  -14.3155  -13.9587  -13.8929  -13.7833  -13.6311  -13.5309  -13.4425  -13.4303  -13.3266  -13.2428  -13.1534   -5.9896   -5.8986   -5.5454   -5.4010   -4.4619   -4.0821   -3.9221   -3.7890   -3.7239   -3.3890   -3.2978   -3.1059   -3.0491   -2.9527   -2.8570   -2.6763   -2.6004   -2.4125   -2.3293   -2.1366   -2.0638   -1.9519   -1.8439   -1.8193   -1.6793   -1.5571   -1.4937   -1.4541   -1.3306   -1.2834   -1.2449   -1.2068   -1.1863   -0.9982   -0.9623   -0.8689    2.1525    2.8739    3.1486    3.3518    3.6478    3.6760    3.9761    4.0991    4.1970    4.3584    4.4117    4.6367    4.8357    4.8993    5.0383    5.0949    5.2339    5.4354    5.5078    5.5385    5.7174    5.8800    6.1751    6.2340    6.3202    6.3867    6.4114    6.6064    6.7425    6.8721    7.0188    7.1007
  1.1781  -43.8785  -43.8501  -42.8995  -42.8862  -42.7719  -42.7711  -32.8087  -32.7679  -32.7142  -32.7111  -32.6843  -32.6817  -23.7757  -23.6566  -23.5811  -23.4638  -23.4143  -23.3579  -22.7100  -22.6945  -22.6726  -22.6479  -22.6411  -22.6316  -22.5455  -22.5021  -22.4840  -22.4491  -22.4431  -22.4093  -16.1058  -15.9233  -15.8534  -15.7841  -15.6098  -15.5286  -15.4875  -15.4514  -15.3901  -15.3434  -15.2254  -15.0557  -14.9919  -14.9729  -14.9510  -14.9406  -14.9134  -14.8030  -14.6105  -14.3064  -13.9208  -13.8542  -13.7606  -13.6288  -13.5772  -13.4774  -13.4451  -13.3253  -13.2268  -13.1335   -5.8696   -5.7892   -5.5479   -5.3945   -4.4464   -4.2009   -3.8913   -3.8244   -3.7362   -3.3843   -3.2564   -3.0782   -3.0293   -2.9748   -2.8519   -2.7068   -2.6390   -2.4586   -2.3773   -2.1777   -2.1082   -2.0144   -1.8917   -1.8476   -1.6794   -1.5748   -1.5018   -1.4626   -1.3410   -1.2879   -1.2628   -1.2119   -1.1805   -1.0622   -1.0116   -0.9366    2.2837    2.8119    3.1903    3.3538    3.7110    3.7387    3.9572    4.0285    4.1941    4.3745    4.4778    4.6534    4.8644    4.9586    5.0934    5.1308    5.2406    5.4424    5.5375    5.6177    5.7106    5.8570    6.1891    6.2204    6.2692    6.3592    6.4509    6.5874    6.7286    6.7845    7.0147    7.1483
  1.2378  -43.8783  -43.8502  -42.8974  -42.8883  -42.7719  -42.7711  -32.8082  -32.7683  -32.7096  -32.7064  -32.6891  -32.6864  -23.7743  -23.6574  -23.5806  -23.4655  -23.4147  -23.3573  -22.7109  -22.6957  -22.6724  -22.6479  -22.6409  -22.6314  -22.5352  -22.4977  -22.4895  -22.4564  -22.4430  -22.4093  -16.1100  -15.9431  -15.8603  -15.8125  -15.6116  -15.5425  -15.4896  -15.4652  -15.3922  -15.3509  -15.2089  -15.0456  -14.9851  -14.9659  -14.9550  -14.9189  -14.9007  -14.8013  -14.6006  -14.2985  -13.8798  -13.8197  -13.7445  -13.6482  -13.6035  -13.5168  -13.4489  -13.3249  -13.2142  -13.1176   -5.7876   -5.6771   -5.5259   -5.3966   -4.4552   -4.3058   -3.8769   -3.8239   -3.7435   -3.4274   -3.2505   -3.0495   -3.0177   -2.9251   -2.8328   -2.7352   -2.6723   -2.5183   -2.3929   -2.2225   -2.1400   -2.0616   -1.9403   -1.8682   -1.6738   -1.5951   -1.5243   -1.4593   -1.3456   -1.2869   -1.2797   -1.2184   -1.1844   -1.1207   -1.0470   -0.9735    2.3946    2.7540    3.2263    3.3482    3.7586    3.7898    3.9169    4.0264    4.1933    4.4016    4.5108    4.6504    4.8797    5.0206    5.1284    5.1915    5.2476    5.4325    5.5527    5.6700    5.7020    5.8262    6.1622    6.1901    6.3275    6.3720    6.4360    6.5375    6.7205    6.8068    7.0240    7.1430
  1.2976  -43.8782  -43.8503  -42.8952  -42.8905  -42.7719  -42.7711  -32.8078  -32.7685  -32.7046  -32.7015  -32.6943  -32.6914  -23.7735  -23.6580  -23.5803  -23.4666  -23.4150  -23.3569  -22.7114  -22.6964  -22.6723  -22.6479  -22.6407  -22.6312  -22.5255  -22.5029  -22.4861  -22.4632  -22.4430  -22.4093  -16.1136  -15.9578  -15.8582  -15.8338  -15.6102  -15.5539  -15.4908  -15.4733  -15.3928  -15.3561  -15.1974  -15.0409  -14.9808  -14.9631  -14.9565  -14.9040  -14.8917  -14.8005  -14.5953  -14.2930  -13.8391  -13.7912  -13.7403  -13.6903  -13.6006  -13.5477  -13.4511  -13.3250  -13.2061  -13.1074   -5.7526   -5.5723   -5.4907   -5.4161   -4.4726   -4.3815   -3.8738   -3.7982   -3.7513   -3.4841   -3.2553   -3.0425   -3.0034   -2.8505   -2.8067   -2.7588   -2.7018   -2.5495   -2.4102   -2.2591   -2.1507   -2.0980   -1.9769   -1.8809   -1.6644   -1.6219   -1.5414   -1.4481   -1.3548   -1.2897   -1.2831   -1.2268   -1.2154   -1.1247   -1.0714   -0.9950    2.4768    2.7067    3.2466    3.3464    3.7659    3.8063    3.9175    4.0679    4.1785    4.4295    4.5152    4.6400    4.8836    5.0867    5.1444    5.2300    5.2551    5.4363    5.5530    5.6520    5.7227    5.8022    6.1406    6.1929    6.3801    6.4016    6.4624    6.5133    6.8214    6.8462    7.0167    7.1671
  1.3573  -43.8782  -43.8504  -42.8935  -42.8922  -42.7719  -42.7711  -32.8076  -32.7686  -32.6998  -32.6992  -32.6966  -32.6963  -23.7732  -23.6582  -23.5802  -23.4670  -23.4150  -23.3567  -22.7116  -22.6966  -22.6723  -22.6479  -22.6406  -22.6312  -22.5195  -22.5082  -22.4829  -22.4668  -22.4429  -22.4093  -16.1150  -15.9631  -15.8528  -15.8454  -15.6088  -15.5586  -15.4912  -15.4758  -15.3929  -15.3580  -15.1932  -15.0397  -14.9788  -14.9635  -14.9560  -14.8988  -14.8884  -14.8003  -14.5936  -14.2910  -13.8165  -13.7781  -13.7422  -13.7148  -13.5940  -13.5627  -13.4517  -13.3251  -13.2033  -13.1039   -5.7442   -5.5176   -5.4584   -5.4540   -4.4799   -4.4108   -3.8717   -3.7807   -3.7591   -3.5101   -3.2579   -3.0421   -2.9974   -2.7996   -2.7959   -2.7791   -2.7190   -2.5584   -2.4180   -2.2735   -2.1435   -2.1217   -1.9897   -1.8853   -1.6532   -1.6422   -1.5463   -1.4417   -1.3609   -1.2929   -1.2816   -1.2354   -1.2247   -1.1171   -1.0831   -1.0026    2.5112    2.6848    3.2520    3.3473    3.7589    3.8088    3.9281    4.1038    4.1578    4.4392    4.5160    4.6330    4.8839    5.1363    5.1368    5.2269    5.2576    5.4595    5.5331    5.6473    5.7254    5.7991    6.1272    6.1900    6.3710    6.4076    6.4392    6.6020    6.8265    6.8573    7.0166    7.1359
  1.3573  -43.8782  -43.8504  -42.8935  -42.8922  -42.7719  -42.7712  -32.8076  -32.7686  -32.6992  -32.6990  -32.6971  -32.6966  -23.7732  -23.6582  -23.5802  -23.4670  -23.4150  -23.3567  -22.7117  -22.6963  -22.6735  -22.6475  -22.6396  -22.6314  -22.5189  -22.5086  -22.4882  -22.4670  -22.4264  -22.4207  -16.1178  -15.9543  -15.8696  -15.8266  -15.6453  -15.5084  -15.4955  -15.4905  -15.3887  -15.3795  -15.1394  -15.0916  -14.9910  -14.9572  -14.9317  -14.8948  -14.8935  -14.8030  -14.5878  -14.3093  -13.8532  -13.7564  -13.6946  -13.6708  -13.6579  -13.5579  -13.4428  -13.3335  -13.2264  -13.0885   -5.7506   -5.4990   -5.4757   -5.4391   -4.5200   -4.3769   -3.8726   -3.7754   -3.7709   -3.4623   -3.2561   -3.1758   -3.0296   -2.8316   -2.8225   -2.7722   -2.6128   -2.4552   -2.4405   -2.2739   -2.1488   -2.1220   -1.8807   -1.8022   -1.7270   -1.6319   -1.6102   -1.5572   -1.3336   -1.2910   -1.2712   -1.2246   -1.1872   -1.1115   -1.0845   -1.0638    2.5390    2.6696    3.1919    3.4513    3.7892    3.8398    4.0060    4.0376    4.2006    4.2667    4.4691    4.6055    4.8375    4.9879    5.1125    5.3319    5.3834    5.4182    5.5756    5.6140    5.7836    5.9100    6.1540    6.2840    6.3309    6.4459    6.4901    6.6055    6.6662    6.8128    6.9644    7.0916
  1.4141  -43.8782  -43.8504  -42.8950  -42.8907  -42.7719  -42.7712  -32.8077  -32.7686  -32.7037  -32.7015  -32.6944  -32.6921  -23.7734  -23.6580  -23.5803  -23.4667  -23.4150  -23.3568  -22.7116  -22.6962  -22.6735  -22.6475  -22.6397  -22.6315  -22.5243  -22.5037  -22.4904  -22.4645  -22.4269  -22.4202  -16.1166  -15.9508  -15.8673  -15.8229  -15.6434  -15.5111  -15.4939  -15.4845  -15.3921  -15.3774  -15.1440  -15.0896  -14.9904  -14.9572  -14.9370  -14.9000  -14.8927  -14.8034  -14.5893  -14.3103  -13.8641  -13.7477  -13.7207  -13.6895  -13.6145  -13.5556  -13.4427  -13.3327  -13.2284  -13.0917   -5.7604   -5.5386   -5.4904   -5.4247   -4.5150   -4.3472   -3.8738   -3.8022   -3.7495   -3.4510   -3.2494   -3.1778   -3.0280   -2.8832   -2.7785   -2.7697   -2.6294   -2.4477   -2.4388   -2.2643   -2.1427   -2.1109   -1.8787   -1.8013   -1.7142   -1.6595   -1.5817   -1.5481   -1.3364   -1.2869   -1.2608   -1.2265   -1.1768   -1.1108   -1.0846   -1.0590    2.5085    2.6917    3.1899    3.4496    3.8034    3.8405    3.9645    4.0655    4.1611    4.2698    4.4618    4.6203    4.8347    4.9728    5.1353    5.3158    5.3601    5.4496    5.5441    5.6313    5.7632    5.8986    6.1536    6.2659    6.3410    6.3858    6.5393    6.5980    6.6561    6.9059    7.0498    7.1906
  1.4709  -43.8783  -43.8503  -42.8970  -42.8887  -42.7719  -42.7712  -32.8080  -32.7684  -32.7083  -32.7059  -32.6899  -32.6875  -23.7741  -23.6575  -23.5806  -23.4658  -23.4148  -23.3572  -22.7111  -22.6956  -22.6734  -22.6476  -22.6399  -22.6316  -22.5331  -22.4979  -22.4938  -22.4591  -22.4281  -22.4190  -16.1133  -15.9412  -15.8603  -15.8117  -15.6379  -15.5143  -15.4900  -15.4714  -15.3978  -15.3738  -15.1564  -15.0854  -14.9892  -14.9579  -14.9497  -14.9142  -14.8928  -14.8046  -14.5941  -14.3129  -13.8863  -13.7737  -13.7418  -13.6784  -13.5712  -13.5451  -13.4419  -13.3309  -13.2341  -13.1010   -5.7951   -5.6152   -5.5342   -5.4042   -4.4995   -4.2733   -3.8752   -3.8330   -3.7327   -3.4238   -3.2298   -3.1891   -3.0250   -2.9320   -2.7895   -2.7305   -2.6461   -2.4375   -2.4246   -2.2441   -2.1294   -2.0772   -1.8726   -1.7964   -1.6962   -1.6687   -1.5529   -1.5234   -1.3424   -1.2806   -1.2374   -1.2277   -1.1525   -1.1023   -1.0777   -1.0462    2.4411    2.7352    3.1821    3.4449    3.8252    3.8548    3.9049    4.0418    4.1424    4.2535    4.4404    4.6437    4.8366    4.9476    5.1638    5.2685    5.3442    5.4644    5.5125    5.6535    5.7193    5.8671    6.1653    6.2537    6.3396    6.4141    6.5347    6.6107    6.6739    6.7975    6.9481    7.1213
  1.5277  -43.8784  -43.8501  -42.8989  -42.8868  -42.7719  -42.7712  -32.8085  -32.7681  -32.7128  -32.7100  -32.6855  -32.6830  -23.7753  -23.6568  -23.5810  -23.4643  -23.4144  -23.3577  -22.7104  -22.6947  -22.6733  -22.6476  -22.6403  -22.6317  -22.5425  -22.5021  -22.4881  -22.4529  -22.4295  -22.4175  -16.1090  -15.9281  -15.8470  -15.7928  -15.6287  -15.5145  -15.4861  -15.4547  -15.4013  -15.3697  -15.1740  -15.0823  -14.9901  -14.9673  -14.9574  -14.9344  -14.8961  -14.8066  -14.6024  -14.3166  -13.9103  -13.8263  -13.7566  -13.6527  -13.5495  -13.5103  -13.4389  -13.3288  -13.2430  -13.1157   -5.8607   -5.7233   -5.5581   -5.3947   -4.4811   -4.1801   -3.8822   -3.8505   -3.7219   -3.3968   -3.2270   -3.1945   -3.0256   -2.9580   -2.8249   -2.7004   -2.6175   -2.4178   -2.4072   -2.2199   -2.1136   -2.0273   -1.8622   -1.7886   -1.6949   -1.6346   -1.5220   -1.4972   -1.3463   -1.2746   -1.2273   -1.2198   -1.1456   -1.0629   -1.0558   -1.0146    2.3545    2.7833    3.1650    3.4374    3.7934    3.8341    3.9243    3.9904    4.1670    4.2205    4.4100    4.6540    4.8463    4.9286    5.1470    5.2103    5.3131    5.4516    5.5222    5.6008    5.7067    5.8256    6.1572    6.2051    6.3603    6.4243    6.5919    6.6857    6.7963    6.8574    7.0409    7.2237
  1.5845  -43.8786  -43.8499  -42.9007  -42.8850  -42.7719  -42.7712  -32.8092  -32.7677  -32.7170  -32.7137  -32.6813  -32.6788  -23.7767  -23.6559  -23.5815  -23.4624  -23.4139  -23.3585  -22.7094  -22.6934  -22.6732  -22.6477  -22.6407  -22.6320  -22.5519  -22.5078  -22.4815  -22.4466  -22.4311  -22.4159  -16.1053  -15.9146  -15.8253  -15.7673  -15.6165  -15.5114  -15.4842  -15.4354  -15.3993  -15.3647  -15.1947  -15.0827  -15.0011  -14.9827  -14.9650  -14.9466  -14.9028  -14.8092  -14.6149  -14.3210  -13.9341  -13.8776  -13.7803  -13.6330  -13.5275  -13.4709  -13.4304  -13.3273  -13.2543  -13.1347   -5.9521   -5.8429   -5.5585   -5.3945   -4.4737   -4.0845   -3.9098   -3.8288   -3.7146   -3.3932   -3.2623   -3.1854   -3.0281   -2.9490   -2.8542   -2.6726   -2.5657   -2.4079   -2.3652   -2.1862   -2.0974   -1.9715   -1.8476   -1.7759   -1.6834   -1.5968   -1.4913   -1.4727   -1.3425   -1.2681   -1.2322   -1.2095   -1.1494   -1.0478   -1.0020   -0.9352    2.2527    2.8281    3.1411    3.4247    3.7198    3.7784    3.9552    4.0258    4.1737    4.1986    4.3803    4.6573    4.8255    4.9356    5.0824    5.1291    5.2901    5.4562    5.5110    5.5406    5.7390    5.7599    6.1824    6.2010    6.3486    6.3886    6.5585    6.6090    6.8011    6.8932    7.0057    7.1507
  1.6413  -43.8788  -43.8497  -42.9024  -42.8833  -42.7719  -42.7712  -32.8099  -32.7673  -32.7208  -32.7171  -32.6775  -32.6751  -23.7784  -23.6548  -23.5822  -23.4603  -23.4132  -23.3594  -22.7080  -22.6919  -22.6732  -22.6479  -22.6411  -22.6322  -22.5611  -22.5131  -22.4756  -22.4411  -22.4323  -22.4143  -16.1036  -15.9019  -15.7952  -15.7369  -15.6024  -15.5072  -15.4816  -15.4145  -15.3916  -15.3580  -15.2166  -15.0882  -15.0214  -15.0112  -14.9660  -14.9461  -14.9123  -14.8122  -14.6316  -14.3262  -13.9603  -13.9236  -13.8066  -13.6272  -13.4949  -13.4479  -13.4053  -13.3270  -13.2671  -13.1565   -6.0587   -5.9562   -5.5438   -5.3995   -4.4881   -3.9984   -3.9361   -3.7809   -3.7070   -3.4324   -3.2899   -3.2011   -3.0186   -2.9168   -2.8576   -2.6423   -2.5301   -2.4090   -2.2836   -2.1401   -2.0811   -1.9216   -1.8299   -1.7477   -1.6684   -1.5627   -1.4763   -1.4419   -1.3292   -1.2610   -1.2431   -1.2037   -1.1491   -1.0328   -0.9397   -0.8328    2.1357    2.8552    3.1273    3.4003    3.6491    3.7225    3.9525    4.1036    4.1647    4.2105    4.3620    4.6590    4.7724    4.9286    5.0008    5.0741    5.2666    5.4253    5.4789    5.5162    5.6931    5.7700    6.1757    6.2113    6.3393    6.3842    6.5407    6.6260    6.7374    6.8578    6.9684    7.1461
  1.6980  -43.8790  -43.8495  -42.9038  -42.8819  -42.7719  -42.7712  -32.8106  -32.7670  -32.7240  -32.7201  -32.6740  -32.6718  -23.7801  -23.6538  -23.5828  -23.4582  -23.4124  -23.3605  -22.7063  -22.6903  -22.6732  -22.6481  -22.6414  -22.6324  -22.5699  -22.5178  -22.4705  -22.4381  -22.4315  -22.4128  -16.1050  -15.8896  -15.7586  -15.7037  -15.5885  -15.5058  -15.4726  -15.3938  -15.3806  -15.3493  -15.2379  -15.0994  -15.0555  -15.0310  -14.9638  -14.9422  -14.9231  -14.8154  -14.6518  -14.3331  -13.9936  -13.9589  -13.8321  -13.6297  -13.4593  -13.4384  -13.3684  -13.3279  -13.2801  -13.1792   -6.1683   -6.0561   -5.5198   -5.4059   -4.5259   -3.9797   -3.9007   -3.7222   -3.6906   -3.4922   -3.3374   -3.2002   -3.0070   -2.8982   -2.8205   -2.6182   -2.5148   -2.4118   -2.1801   -2.0912   -2.0535   -1.8856   -1.8098   -1.7026   -1.6548   -1.5345   -1.4684   -1.4168   -1.3116   -1.2635   -1.2397   -1.2017   -1.1441   -1.0157   -0.8650   -0.7283    2.0039    2.8516    3.1431    3.3592    3.5953    3.6782    3.9440    4.1022    4.2112    4.2595    4.3583    4.6379    4.7254    4.8457    4.9711    5.0557    5.2366    5.3508    5.4334    5.5386    5.6486    5.8038    6.1617    6.2338    6.2972    6.3998    6.5061    6.6432    6.7205    6.8275    6.9783    7.2194
  1.7548  -43.8792  -43.8493  -42.9051  -42.8806  -42.7719  -42.7712  -32.8112  -32.7668  -32.7265  -32.7227  -32.6711  -32.6690  -23.7818  -23.6527  -23.5834  -23.4562  -23.4115  -23.3616  -22.7045  -22.6886  -22.6734  -22.6484  -22.6416  -22.6326  -22.5780  -22.5218  -22.4660  -22.4388  -22.4279  -22.4114  -16.1091  -15.8773  -15.7184  -15.6705  -15.5771  -15.5054  -15.4580  -15.3767  -15.3675  -15.3411  -15.2559  -15.1152  -15.0930  -15.0421  -14.9623  -14.9391  -14.9309  -14.8185  -14.6744  -14.3429  -14.0291  -13.9863  -13.8542  -13.6347  -13.4374  -13.4218  -13.3350  -13.3279  -13.2913  -13.2010   -6.2693   -6.1411   -5.4912   -5.4104   -4.5805   -4.0026   -3.8288   -3.6980   -3.6371   -3.5464   -3.3892   -3.1883   -2.9990   -2.8899   -2.7742   -2.6069   -2.4952   -2.4166   -2.1281   -2.0208   -1.9960   -1.8606   -1.7856   -1.6580   -1.6427   -1.5115   -1.4585   -1.4039   -1.3040   -1.2570   -1.2230   -1.2000   -1.1375   -0.9952   -0.7865   -0.6290    1.8608    2.8311    3.1753    3.3024    3.5673    3.6513    3.9241    4.0824    4.2376    4.3394    4.3739    4.5800    4.6995    4.7783    4.9509    5.0483    5.1982    5.2434    5.4383    5.5622    5.6313    5.8273    6.1637    6.2395    6.2687    6.4001    6.4855    6.5545    6.6210    6.8232    6.9783    7.1690
  1.8116  -43.8794  -43.8491  -42.9061  -42.8796  -42.7719  -42.7712  -32.8118  -32.7667  -32.7282  -32.7250  -32.6688  -32.6668  -23.7832  -23.6519  -23.5839  -23.4545  -23.4105  -23.3627  -22.7025  -22.6871  -22.6737  -22.6486  -22.6416  -22.6327  -22.5849  -22.5250  -22.4623  -22.4405  -22.4241  -22.4104  -16.1147  -15.8658  -15.6776  -15.6398  -15.5696  -15.5033  -15.4424  -15.3648  -15.3549  -15.3400  -15.2647  -15.1358  -15.1220  -15.0488  -14.9617  -14.9440  -14.9275  -14.8213  -14.6976  -14.3560  -14.0577  -14.0116  -13.8715  -13.6393  -13.4325  -13.3955  -13.3333  -13.3137  -13.2890  -13.2202   -6.3538   -6.2100   -5.4655   -5.4072   -4.6423   -4.0240   -3.7681   -3.6848   -3.6057   -3.5773   -3.4057   -3.1812   -3.0003   -2.8780   -2.7504   -2.5914   -2.4720   -2.4199   -2.1248   -1.9701   -1.9176   -1.8262   -1.7582   -1.6329   -1.6279   -1.4923   -1.4459   -1.4023   -1.3043   -1.2352   -1.2054   -1.1912   -1.1305   -0.9708   -0.7157   -0.5389    1.7166    2.8175    3.1838    3.2436    3.5833    3.6366    3.8945    4.0604    4.2588    4.3501    4.4360    4.5399    4.6566    4.7657    4.9387    5.0326    5.1144    5.1861    5.4675    5.5850    5.6394    5.8323    6.0808    6.1992    6.2313    6.3912    6.4878    6.5748    6.6612    6.7103    6.8269    7.3506
  1.8684  -43.8796  -43.8490  -42.9068  -42.8789  -42.7719  -42.7712  -32.8122  -32.7666  -32.7293  -32.7268  -32.6670  -32.6651  -23.7843  -23.6512  -23.5843  -23.4532  -23.4097  -23.3636  -22.7008  -22.6858  -22.6741  -22.6489  -22.6416  -22.6329  -22.5903  -22.5273  -22.4593  -22.4423  -22.4210  -22.4097  -16.1203  -15.8563  -15.6415  -15.6131  -15.5647  -15.5000  -15.4288  -15.3629  -15.3552  -15.3379  -15.2609  -15.1581  -15.1382  -15.0532  -14.9618  -14.9465  -14.9224  -14.8233  -14.7190  -14.3707  -14.0754  -14.0349  -13.8838  -13.6424  -13.4299  -13.3753  -13.3356  -13.3189  -13.2684  -13.2349   -6.4171   -6.2609   -5.4533   -5.3902   -4.7000   -4.0408   -3.7365   -3.6621   -3.6153   -3.5911   -3.3703   -3.1821   -3.0157   -2.8610   -2.7476   -2.5637   -2.4689   -2.4085   -2.1287   -1.9395   -1.8921   -1.7717   -1.7276   -1.6169   -1.6157   -1.4782   -1.4388   -1.4047   -1.3027   -1.2164   -1.1905   -1.1729   -1.1228   -0.9441   -0.6618   -0.4631    1.5885    2.8214    3.1305    3.2215    3.6202    3.6494    3.8627    4.0330    4.2572    4.3415    4.4634    4.5550    4.6374    4.7713    4.9196    5.0002    5.0476    5.1599    5.5090    5.6178    5.6675    5.8169    6.0014    6.1231    6.1903    6.2951    6.5038    6.5916    6.7051    6.7778    6.8827    7.0936
  1.9252  -43.8796  -43.8489  -42.9072  -42.8785  -42.7719  -42.7712  -32.8125  -32.7666  -32.7296  -32.7282  -32.6660  -32.6642  -23.7850  -23.6508  -23.5845  -23.4523  -23.4091  -23.3642  -22.6996  -22.6850  -22.6744  -22.6490  -22.6415  -22.6330  -22.5938  -22.5287  -22.4572  -22.4437  -22.4190  -22.4093  -16.1243  -15.8500  -15.6193  -15.5911  -15.5589  -15.4973  -15.4186  -15.3861  -15.3484  -15.3327  -15.2529  -15.1723  -15.1474  -15.0567  -14.9621  -14.9449  -14.9189  -14.8243  -14.7350  -14.3827  -14.0824  -14.0533  -13.8910  -13.6440  -13.4283  -13.3625  -13.3375  -13.3248  -13.2535  -13.2438   -6.4561   -6.2922   -5.4508   -5.3697   -4.7420   -4.0517   -3.7302   -3.6420   -3.6295   -3.5911   -3.3238   -3.1888   -3.0374   -2.8455   -2.7501   -2.5345   -2.4838   -2.3918   -2.1312   -1.9228   -1.8907   -1.7439   -1.6996   -1.6103   -1.5952   -1.4683   -1.4404   -1.4082   -1.3004   -1.2065   -1.1781   -1.1571   -1.1143   -0.9213   -0.6292   -0.4106    1.4981    2.8398    3.0661    3.2129    3.6185    3.7170    3.8380    4.0002    4.2391    4.3283    4.4734    4.5830    4.6460    4.7858    4.8859    4.9442    5.0494    5.1384    5.5508    5.6533    5.7021    5.7874    5.9154    6.0493    6.1957    6.2745    6.5116    6.5550    6.6361    6.7326    6.8465    7.2157
  1.9820  -43.8797  -43.8489  -42.9074  -42.8783  -42.7719  -42.7712  -32.8126  -32.7666  -32.7296  -32.7288  -32.6657  -32.6638  -23.7853  -23.6506  -23.5846  -23.4521  -23.4089  -23.3644  -22.6991  -22.6847  -22.6745  -22.6491  -22.6414  -22.6330  -22.5950  -22.5292  -22.4564  -22.4444  -22.4184  -22.4092  -16.1257  -15.8478  -15.6128  -15.5825  -15.5542  -15.4964  -15.4122  -15.4005  -15.3459  -15.3310  -15.2492  -15.1769  -15.1505  -15.0581  -14.9623  -14.9433  -14.9177  -14.8246  -14.7411  -14.3873  -14.0830  -14.0612  -13.8935  -13.6445  -13.4277  -13.3579  -13.3384  -13.3271  -13.2497  -13.2454   -6.4692   -6.3028   -5.4507   -5.3610   -4.7575   -4.0555   -3.7296   -3.6421   -3.6326   -3.5841   -3.3028   -3.1936   -3.0479   -2.8394   -2.7511   -2.5145   -2.4995   -2.3853   -2.1316   -1.9175   -1.8920   -1.7369   -1.6904   -1.6083   -1.5837   -1.4638   -1.4425   -1.4107   -1.2994   -1.2034   -1.1738   -1.1513   -1.1102   -0.9120   -0.6185   -0.3916    1.4652    2.8528    3.0365    3.2095    3.6173    3.7525    3.8283    3.9813    4.2292    4.3220    4.4780    4.5929    4.6543    4.7981    4.8666    4.9193    5.0580    5.1286    5.5717    5.6720    5.7257    5.7696    5.8992    6.0074    6.1871    6.2839    6.5161    6.5415    6.6281    6.7529    6.9423    7.0495
  1.9820  -43.8797  -43.8489  -42.9074  -42.8783  -42.7719  -42.7712  -32.8126  -32.7666  -32.7296  -32.7288  -32.6657  -32.6638  -23.7853  -23.6506  -23.5846  -23.4521  -23.4089  -23.3644  -22.6991  -22.6847  -22.6745  -22.6491  -22.6414  -22.6330  -22.5950  -22.5292  -22.4564  -22.4444  -22.4184  -22.4092  -16.1257  -15.8478  -15.6128  -15.5825  -15.5542  -15.4964  -15.4122  -15.4005  -15.3459  -15.3310  -15.2492  -15.1769  -15.1505  -15.0581  -14.9623  -14.9433  -14.9177  -14.8246  -14.7411  -14.3873  -14.0830  -14.0612  -13.8935  -13.6445  -13.4277  -13.3579  -13.3384  -13.3271  -13.2497  -13.2454   -6.4692   -6.3028   -5.4507   -5.3610   -4.7575   -4.0555   -3.7296   -3.6421   -3.6326   -3.5841   -3.3028   -3.1936   -3.0479   -2.8394   -2.7511   -2.5145   -2.4995   -2.3853   -2.1316   -1.9175   -1.8920   -1.7369   -1.6904   -1.6083   -1.5837   -1.4638   -1.4425   -1.4107   -1.2994   -1.2034   -1.1738   -1.1513   -1.1102   -0.9120   -0.6185   -0.3916    1.4652    2.8528    3.0365    3.2095    3.6173    3.7525    3.8283    3.9813    4.2292    4.3220    4.4780    4.5929    4.6543    4.7981    4.8666    4.9193    5.0580    5.1291    5.5718    5.6720    5.7321    5.7660    5.8934    6.0081    6.1878    6.2529    6.5315    6.5526    6.6710    6.7241    6.9385    7.0698
  2.0417  -43.8796  -43.8489  -42.9072  -42.8785  -42.7719  -42.7712  -32.8125  -32.7666  -32.7293  -32.7283  -32.6661  -32.6642  -23.7850  -23.6508  -23.5845  -23.4524  -23.4091  -23.3642  -22.6996  -22.6851  -22.6744  -22.6490  -22.6414  -22.6329  -22.5936  -22.5286  -22.4569  -22.4443  -22.4192  -22.4091  -16.1241  -15.8500  -15.6206  -15.5946  -15.5616  -15.4941  -15.4193  -15.3823  -15.3491  -15.3334  -15.2556  -15.1712  -15.1469  -15.0537  -14.9627  -14.9469  -14.9185  -14.8238  -14.7344  -14.3821  -14.0778  -14.0569  -13.8887  -13.6448  -13.4284  -13.3638  -13.3376  -13.3239  -13.2542  -13.2433   -6.4535   -6.2897   -5.4508   -5.3712   -4.7403   -4.0504   -3.7230   -3.6486   -3.6360   -3.5863   -3.3227   -3.1844   -3.0484   -2.8430   -2.7469   -2.5241   -2.4999   -2.3932   -2.1319   -1.9258   -1.8901   -1.7351   -1.6996   -1.6112   -1.6009   -1.4701   -1.4461   -1.4098   -1.2950   -1.2072   -1.1793   -1.1653   -1.1130   -0.9138   -0.6313   -0.4155    1.4972    2.8589    3.0550    3.2099    3.6142    3.7101    3.8466    4.0080    4.2394    4.3287    4.4679    4.5875    4.6503    4.7852    4.8796    4.9471    5.0488    5.1384    5.5390    5.6682    5.7111    5.8069    5.9225    6.0415    6.1911    6.2812    6.5095    6.5918    6.6686    6.7285    6.8655    7.0921
  2.1015  -43.8795  -43.8490  -42.9067  -42.8790  -42.7719  -42.7712  -32.8121  -32.7667  -32.7285  -32.7271  -32.6673  -32.6654  -23.7841  -23.6513  -23.5842  -23.4534  -23.4098  -23.3634  -22.7010  -22.6860  -22.6742  -22.6489  -22.6415  -22.6328  -22.5894  -22.5268  -22.4586  -22.4441  -22.4215  -22.4090  -16.1197  -15.8562  -15.6517  -15.6202  -15.5668  -15.4950  -15.4310  -15.3582  -15.3516  -15.3383  -15.2718  -15.1544  -15.1361  -15.0420  -14.9642  -14.9533  -14.9211  -14.8216  -14.7170  -14.3688  -14.0642  -14.0418  -13.8752  -13.6451  -13.4304  -13.3798  -13.3359  -13.3155  -13.2708  -13.2334   -6.4073   -6.2509   -5.4530   -5.3953   -4.6940   -4.0358   -3.7142   -3.6781   -3.6371   -3.5828   -3.3644   -3.1678   -3.0500   -2.8517   -2.7428   -2.5490   -2.4976   -2.4190   -2.1300   -1.9503   -1.8879   -1.7428   -1.7281   -1.6343   -1.6221   -1.4829   -1.4580   -1.4172   -1.2845   -1.2202   -1.1944   -1.1909   -1.1241   -0.9189   -0.6705   -0.4790    1.5854    2.8775    3.1041    3.2074    3.6080    3.6337    3.8914    4.0553    4.2554    4.3391    4.4532    4.5587    4.6575    4.7725    4.9061    5.0033    5.0478    5.1596    5.4822    5.6633    5.6806    5.8828    6.0036    6.0756    6.1963    6.2944    6.4598    6.5925    6.6731    6.7206    6.8797    7.0708
  2.1612  -43.8794  -43.8492  -42.9058  -42.8799  -42.7719  -42.7712  -32.8116  -32.7668  -32.7270  -32.7251  -32.6694  -32.6674  -23.7828  -23.6521  -23.5838  -23.4549  -23.4108  -23.3624  -22.7029  -22.6875  -22.6739  -22.6486  -22.6416  -22.6326  -22.5830  -22.5237  -22.4615  -22.4439  -22.4252  -22.4089  -16.1136  -15.8659  -15.6998  -15.6461  -15.5728  -15.4980  -15.4459  -15.3721  -15.3552  -15.3139  -15.2913  -15.1305  -15.1160  -15.0259  -14.9676  -14.9554  -14.9252  -14.8182  -14.6940  -14.3528  -14.0455  -14.0138  -13.8557  -13.6444  -13.4346  -13.4039  -13.3338  -13.3124  -13.2883  -13.2175   -6.3328   -6.1884   -5.4664   -5.4147   -4.6307   -4.0138   -3.7605   -3.6991   -3.6302   -3.5637   -3.3979   -3.1522   -3.0523   -2.8631   -2.7569   -2.5812   -2.4843   -2.4607   -2.1271   -1.9930   -1.8969   -1.8081   -1.7433   -1.6542   -1.6499   -1.4969   -1.4785   -1.4343   -1.2778   -1.2350   -1.2178   -1.2055   -1.1415   -0.9272   -0.7354   -0.5658    1.7116    2.9053    3.1534    3.2083    3.5774    3.6045    3.9392    4.1114    4.2521    4.3355    4.4524    4.5113    4.6988    4.7735    4.9333    5.0298    5.1182    5.1870    5.4363    5.6186    5.6908    5.9135    6.0714    6.1301    6.2690    6.3397    6.4480    6.6205    6.6935    6.7823    6.9474    7.1794
  2.2210  -43.8792  -43.8494  -42.9046  -42.8811  -42.7719  -42.7712  -32.8110  -32.7670  -32.7248  -32.7224  -32.6722  -32.6701  -23.7811  -23.6532  -23.5832  -23.4570  -23.4119  -23.3612  -22.7050  -22.6893  -22.6735  -22.6484  -22.6416  -22.6324  -22.5749  -22.5196  -22.4655  -22.4437  -22.4299  -22.4090  -16.1076  -15.8779  -15.7497  -15.6776  -15.5824  -15.5009  -15.4617  -15.3905  -15.3678  -15.3096  -15.2866  -15.1093  -15.0819  -15.0074  -14.9713  -14.9518  -14.9302  -14.8140  -14.6693  -14.3380  -14.0217  -13.9763  -13.8326  -13.6417  -13.4491  -13.4270  -13.3430  -13.3312  -13.2782  -13.1975   -6.2339   -6.1053   -5.4953   -5.4165   -4.5632   -3.9867   -3.8514   -3.7177   -3.6521   -3.5111   -3.3953   -3.1380   -3.0545   -2.8771   -2.7976   -2.6140   -2.5091   -2.4578   -2.1400   -2.0563   -1.9457   -1.8596   -1.7644   -1.7113   -1.6617   -1.5176   -1.4889   -1.4483   -1.2865   -1.2481   -1.2346   -1.2092   -1.1615   -0.9401   -0.8161   -0.6645    1.8572    2.9302    3.1347    3.2667    3.5663    3.6071    3.9682    4.1709    4.2454    4.3083    4.4041    4.5362    4.7638    4.7847    4.9602    5.0488    5.1997    5.2485    5.4143    5.5816    5.7038    5.9105    6.1736    6.2104    6.2574    6.3607    6.4201    6.5856    6.6292    6.7829    6.8588    7.1384
  2.2807  -43.8789  -43.8496  -42.9031  -42.8826  -42.7719  -42.7712  -32.8102  -32.7673  -32.7219  -32.7192  -32.6757  -32.6734  -23.7793  -23.6543  -23.5825  -23.4593  -23.4128  -23.3600  -22.7070  -22.6912  -22.6732  -22.6482  -22.6416  -22.6321  -22.5657  -22.5144  -22.4707  -22.4435  -22.4356  -22.4091  -16.1037  -15.8908  -15.7955  -15.7135  -15.5937  -15.5057  -15.4753  -15.4116  -15.3786  -15.3235  -15.2645  -15.0896  -15.0433  -14.9879  -14.9736  -14.9454  -14.9336  -14.8097  -14.6458  -14.3258  -13.9925  -13.9345  -13.8080  -13.6368  -13.4857  -13.4358  -13.3854  -13.3287  -13.2607  -13.1754   -6.1166   -6.0063   -5.5251   -5.4098   -4.5033   -3.9659   -3.9515   -3.7458   -3.6963   -3.4405   -3.3564   -3.1236   -3.0551   -2.9044   -2.8422   -2.6453   -2.5568   -2.4280   -2.2185   -2.1035   -2.0104   -1.8949   -1.7918   -1.7837   -1.6722   -1.5382   -1.4916   -1.4518   -1.3073   -1.2713   -1.2351   -1.2069   -1.1797   -0.9609   -0.8963   -0.7697    2.0076    2.9229    3.1218    3.3245    3.5945    3.6280    3.9782    4.1643    4.2388    4.3134    4.3720    4.5935    4.8057    4.8339    4.9933    5.0702    5.2233    5.3772    5.4194    5.5507    5.7135    5.8991    6.1693    6.2374    6.3164    6.3783    6.4068    6.5822    6.6733    6.7707    6.8992    7.0530
  2.3404  -43.8787  -43.8498  -42.9014  -42.8843  -42.7719  -42.7712  -32.8094  -32.7676  -32.7183  -32.7153  -32.6797  -32.6773  -23.7774  -23.6555  -23.5818  -23.4616  -23.4137  -23.3589  -22.7087  -22.6930  -22.6729  -22.6480  -22.6414  -22.6318  -22.5558  -22.5085  -22.4770  -22.4433  -22.4420  -22.4092  -16.1031  -15.9051  -15.8319  -15.7502  -15.6036  -15.5153  -15.4836  -15.4328  -15.3859  -15.3344  -15.2444  -15.0710  -15.0104  -14.9773  -14.9637  -14.9460  -14.9265  -14.8059  -14.6257  -14.3155  -13.9587  -13.8929  -13.7833  -13.6311  -13.5308  -13.4425  -13.4303  -13.3266  -13.2428  -13.1534   -5.9896   -5.8987   -5.5454   -5.4010   -4.4619   -4.0821   -3.9221   -3.7890   -3.7239   -3.3890   -3.2977   -3.1059   -3.0491   -2.9527   -2.8570   -2.6762   -2.6004   -2.4125   -2.3293   -2.1366   -2.0638   -1.9519   -1.8439   -1.8193   -1.6793   -1.5570   -1.4937   -1.4541   -1.3305   -1.2833   -1.2449   -1.2068   -1.1861   -0.9981   -0.9623   -0.8688    2.1524    2.8738    3.1486    3.3518    3.6477    3.6758    3.9760    4.0991    4.1969    4.3584    4.4117    4.6367    4.8357    4.8993    5.0384    5.0949    5.2339    5.4353    5.5082    5.5377    5.7176    5.8811    6.1650    6.2559    6.3321    6.3752    6.4392    6.5998    6.6807    6.8097    6.9005    7.1407
  2.4002  -43.8785  -43.8501  -42.8995  -42.8862  -42.7719  -42.7711  -32.8087  -32.7679  -32.7142  -32.7111  -32.6842  -32.6817  -23.7757  -23.6566  -23.5811  -23.4638  -23.4143  -23.3579  -22.7100  -22.6945  -22.6726  -22.6479  -22.6412  -22.6316  -22.5455  -22.5021  -22.4840  -22.4491  -22.4431  -22.4093  -16.1058  -15.9233  -15.8534  -15.7841  -15.6098  -15.5286  -15.4875  -15.4514  -15.3901  -15.3434  -15.2254  -15.0557  -14.9919  -14.9729  -14.9510  -14.9405  -14.9134  -14.8030  -14.6105  -14.3064  -13.9208  -13.8542  -13.7606  -13.6289  -13.5771  -13.4773  -13.4451  -13.3253  -13.2269  -13.1335   -5.8696   -5.7892   -5.5479   -5.3945   -4.4464   -4.2009   -3.8913   -3.8244   -3.7362   -3.3843   -3.2564   -3.0782   -3.0293   -2.9748   -2.8519   -2.7068   -2.6390   -2.4586   -2.3773   -2.1777   -2.1082   -2.0144   -1.8916   -1.8476   -1.6793   -1.5746   -1.5018   -1.4626   -1.3409   -1.2878   -1.2628   -1.2119   -1.1805   -1.0621   -1.0115   -0.9366    2.2836    2.8119    3.1903    3.3538    3.7109    3.7386    3.9571    4.0284    4.1940    4.3745    4.4777    4.6534    4.8644    4.9586    5.0933    5.1308    5.2406    5.4423    5.5376    5.6169    5.7097    5.8564    6.1738    6.2384    6.3380    6.3652    6.4070    6.5945    6.6303    6.8322    6.9501    7.0800
  2.4599  -43.8783  -43.8502  -42.8974  -42.8883  -42.7719  -42.7711  -32.8081  -32.7683  -32.7096  -32.7064  -32.6891  -32.6864  -23.7743  -23.6574  -23.5806  -23.4655  -23.4147  -23.3573  -22.7109  -22.6956  -22.6724  -22.6479  -22.6409  -22.6314  -22.5352  -22.4977  -22.4895  -22.4564  -22.4430  -22.4093  -16.1100  -15.9431  -15.8603  -15.8125  -15.6116  -15.5425  -15.4896  -15.4652  -15.3921  -15.3509  -15.2089  -15.0456  -14.9851  -14.9659  -14.9550  -14.9188  -14.9007  -14.8013  -14.6006  -14.2985  -13.8798  -13.8197  -13.7445  -13.6483  -13.6033  -13.5168  -13.4490  -13.3249  -13.2142  -13.1176   -5.7876   -5.6772   -5.5259   -5.3966   -4.4552   -4.3057   -3.8769   -3.8239   -3.7435   -3.4274   -3.2505   -3.0495   -3.0177   -2.9251   -2.8328   -2.7351   -2.6723   -2.5183   -2.3929   -2.2225   -2.1399   -2.0616   -1.9402   -1.8681   -1.6737   -1.5949   -1.5244   -1.4592   -1.3455   -1.2868   -1.2796   -1.2184   -1.1844   -1.1206   -1.0469   -0.9735    2.3945    2.7539    3.2263    3.3482    3.7585    3.7897    3.9169    4.0263    4.1932    4.4015    4.5108    4.6504    4.8797    5.0206    5.1283    5.1915    5.2476    5.4324    5.5528    5.6700    5.7026    5.8241    6.1606    6.2004    6.3098    6.3844    6.4431    6.5468    6.6922    6.7932    6.9600    7.0344
  2.5197  -43.8782  -43.8503  -42.8952  -42.8905  -42.7719  -42.7711  -32.8078  -32.7685  -32.7046  -32.7015  -32.6942  -32.6914  -23.7734  -23.6580  -23.5803  -23.4666  -23.4150  -23.3569  -22.7114  -22.6963  -22.6723  -22.6479  -22.6407  -22.6312  -22.5255  -22.5029  -22.4861  -22.4632  -22.4430  -22.4093  -16.1136  -15.9578  -15.8582  -15.8338  -15.6102  -15.5539  -15.4908  -15.4732  -15.3928  -15.3561  -15.1974  -15.0409  -14.9808  -14.9631  -14.9565  -14.9039  -14.8916  -14.8005  -14.5952  -14.2930  -13.8391  -13.7913  -13.7402  -13.6904  -13.6005  -13.5477  -13.4511  -13.3250  -13.2061  -13.1074   -5.7526   -5.5724   -5.4908   -5.4161   -4.4725   -4.3815   -3.8738   -3.7982   -3.7513   -3.4841   -3.2553   -3.0424   -3.0034   -2.8505   -2.8067   -2.7588   -2.7018   -2.5495   -2.4102   -2.2592   -2.1507   -2.0980   -1.9768   -1.8808   -1.6644   -1.6217   -1.5415   -1.4480   -1.3546   -1.2896   -1.2830   -1.2268   -1.2153   -1.1246   -1.0714   -0.9950    2.4768    2.7067    3.2466    3.3464    3.7658    3.8063    3.9174    4.0678    4.1784    4.4294    4.5152    4.6399    4.8836    5.0867    5.1442    5.2297    5.2551    5.4359    5.5527    5.6521    5.7235    5.8018    6.1580    6.2126    6.3506    6.4032    6.4673    6.5074    6.7446    6.8809    6.9981    7.2108
  2.5794  -43.8782  -43.8504  -42.8935  -42.8922  -42.7719  -42.7711  -32.8076  -32.7686  -32.6998  -32.6992  -32.6966  -32.6963  -23.7731  -23.6582  -23.5802  -23.4670  -23.4150  -23.3567  -22.7116  -22.6966  -22.6723  -22.6479  -22.6406  -22.6312  -22.5195  -22.5082  -22.4829  -22.4668  -22.4429  -22.4093  -16.1150  -15.9631  -15.8528  -15.8454  -15.6089  -15.5586  -15.4912  -15.4758  -15.3929  -15.3581  -15.1933  -15.0397  -14.9788  -14.9636  -14.9560  -14.8987  -14.8884  -14.8003  -14.5936  -14.2910  -13.8165  -13.7782  -13.7422  -13.7149  -13.5939  -13.5626  -13.4518  -13.3251  -13.2033  -13.1039   -5.7442   -5.5177   -5.4584   -5.4541   -4.4798   -4.4108   -3.8717   -3.7808   -3.7591   -3.5101   -3.2580   -3.0420   -2.9974   -2.7996   -2.7959   -2.7791   -2.7190   -2.5583   -2.4180   -2.2735   -2.1434   -2.1217   -1.9896   -1.8853   -1.6532   -1.6420   -1.5464   -1.4416   -1.3608   -1.2927   -1.2815   -1.2354   -1.2246   -1.1169   -1.0830   -1.0026    2.5111    2.6848    3.2520    3.3472    3.7588    3.8087    3.9280    4.1037    4.1578    4.4390    4.5160    4.6330    4.8839    5.1363    5.1367    5.2269    5.2576    5.4589    5.5337    5.6480    5.7254    5.7981    6.1099    6.1926    6.3449    6.4062    6.4474    6.5944    6.7826    6.8506    7.0258    7.2792
  2.5794  -43.8782  -43.8504  -42.8935  -42.8922  -42.7719  -42.7712  -32.8076  -32.7686  -32.6992  -32.6990  -32.6971  -32.6966  -23.7732  -23.6582  -23.5802  -23.4670  -23.4150  -23.3567  -22.7117  -22.6964  -22.6735  -22.6475  -22.6396  -22.6314  -22.5189  -22.5086  -22.4882  -22.4670  -22.4264  -22.4207  -16.1178  -15.9543  -15.8696  -15.8266  -15.6453  -15.5084  -15.4955  -15.4905  -15.3888  -15.3796  -15.1393  -15.0916  -14.9910  -14.9572  -14.9317  -14.8949  -14.8935  -14.8030  -14.5878  -14.3093  -13.8532  -13.7565  -13.6944  -13.6710  -13.6578  -13.5581  -13.4428  -13.3334  -13.2264  -13.0885   -5.7505   -5.4990   -5.4757   -5.4390   -4.5201   -4.3770   -3.8726   -3.7754   -3.7709   -3.4623   -3.2561   -3.1758   -3.0296   -2.8316   -2.8225   -2.7722   -2.6128   -2.4553   -2.4405   -2.2738   -2.1488   -2.1221   -1.8807   -1.8022   -1.7271   -1.6320   -1.6102   -1.5572   -1.3336   -1.2911   -1.2711   -1.2248   -1.1873   -1.1116   -1.0845   -1.0639    2.5391    2.6696    3.1919    3.4514    3.7893    3.8398    4.0062    4.0376    4.2008    4.2668    4.4692    4.6056    4.8376    4.9879    5.1125    5.3321    5.3835    5.4180    5.5757    5.6125    5.7847    5.9114    6.1516    6.2656    6.3138    6.4362    6.4805    6.5603    6.7274    6.8647    7.0202    7.1412
  2.6362  -43.8782  -43.8504  -42.8950  -42.8907  -42.7719  -42.7712  -32.8077  -32.7686  -32.7037  -32.7015  -32.6944  -32.6921  -23.7734  -23.6580  -23.5803  -23.4667  -23.4150  -23.3568  -22.7116  -22.6962  -22.6735  -22.6475  -22.6397  -22.6315  -22.5243  -22.5037  -22.4904  -22.4645  -22.4269  -22.4202  -16.1166  -15.9508  -15.8673  -15.8229  -15.6435  -15.5111  -15.4938  -15.4845  -15.3921  -15.3774  -15.1440  -15.0896  -14.9904  -14.9572  -14.9370  -14.9000  -14.8927  -14.8034  -14.5893  -14.3102  -13.8641  -13.7478  -13.7207  -13.6894  -13.6145  -13.5558  -13.4427  -13.3327  -13.2284  -13.0917   -5.7604   -5.5386   -5.4903   -5.4247   -4.5150   -4.3473   -3.8738   -3.8022   -3.7495   -3.4510   -3.2494   -3.1778   -3.0280   -2.8832   -2.7785   -2.7697   -2.6295   -2.4478   -2.4388   -2.2642   -2.1428   -2.1109   -1.8787   -1.8013   -1.7143   -1.6595   -1.5817   -1.5481   -1.3365   -1.2870   -1.2608   -1.2266   -1.1770   -1.1108   -1.0846   -1.0590    2.5086    2.6918    3.1899    3.4497    3.8035    3.8406    3.9647    4.0655    4.1613    4.2699    4.4618    4.6203    4.8347    4.9728    5.1353    5.3156    5.3595    5.4489    5.5457    5.6325    5.7574    5.9012    6.1750    6.2643    6.3202    6.3995    6.5333    6.5914    6.6841    6.7817    7.0196    7.1767
  2.6930  -43.8783  -43.8503  -42.8970  -42.8887  -42.7719  -42.7712  -32.8080  -32.7684  -32.7083  -32.7059  -32.6899  -32.6875  -23.7741  -23.6575  -23.5806  -23.4658  -23.4148  -23.3572  -22.7111  -22.6956  -22.6734  -22.6476  -22.6399  -22.6316  -22.5331  -22.4979  -22.4938  -22.4591  -22.4281  -22.4190  -16.1133  -15.9412  -15.8603  -15.8117  -15.6379  -15.5143  -15.4899  -15.4714  -15.3979  -15.3738  -15.1564  -15.0854  -14.9892  -14.9579  -14.9497  -14.9142  -14.8929  -14.8046  -14.5941  -14.3129  -13.8864  -13.7737  -13.7418  -13.6783  -13.5712  -13.5452  -13.4419  -13.3308  -13.2340  -13.1010   -5.7951   -5.6152   -5.5341   -5.4042   -4.4995   -4.2734   -3.8752   -3.8330   -3.7327   -3.4238   -3.2298   -3.1892   -3.0250   -2.9320   -2.7895   -2.7305   -2.6462   -2.4375   -2.4246   -2.2440   -2.1295   -2.0772   -1.8726   -1.7964   -1.6963   -1.6687   -1.5528   -1.5235   -1.3425   -1.2807   -1.2374   -1.2278   -1.1526   -1.1024   -1.0777   -1.0463    2.4411    2.7352    3.1821    3.4449    3.8253    3.8549    3.9050    4.0419    4.1425    4.2536    4.4404    4.6438    4.8365    4.9476    5.1638    5.2685    5.3442    5.4662    5.5125    5.6490    5.7062    5.8696    6.1620    6.2272    6.3369    6.3482    6.5850    6.6452    6.7132    6.8976    7.0009    7.0623
  2.7498  -43.8784  -43.8501  -42.8989  -42.8868  -42.7719  -42.7712  -32.8085  -32.7681  -32.7128  -32.7100  -32.6855  -32.6830  -23.7753  -23.6568  -23.5810  -23.4643  -23.4144  -23.3577  -22.7104  -22.6947  -22.6733  -22.6476  -22.6403  -22.6317  -22.5425  -22.5021  -22.4881  -22.4529  -22.4295  -22.4175  -16.1090  -15.9281  -15.8469  -15.7928  -15.6287  -15.5145  -15.4861  -15.4547  -15.4013  -15.3698  -15.1739  -15.0823  -14.9901  -14.9673  -14.9574  -14.9345  -14.8961  -14.8066  -14.6024  -14.3166  -13.9103  -13.8263  -13.7567  -13.6526  -13.5496  -13.5103  -13.4389  -13.3287  -13.2429  -13.1157   -5.8607   -5.7233   -5.5581   -5.3947   -4.4811   -4.1802   -3.8822   -3.8504   -3.7220   -3.3968   -3.2270   -3.1945   -3.0256   -2.9580   -2.8249   -2.7004   -2.6175   -2.4178   -2.4072   -2.2199   -2.1137   -2.0272   -1.8622   -1.7886   -1.6950   -1.6347   -1.5220   -1.4973   -1.3463   -1.2747   -1.2274   -1.2199   -1.1457   -1.0629   -1.0559   -1.0146    2.3546    2.7833    3.1651    3.4375    3.7934    3.8342    3.9243    3.9906    4.1671    4.2206    4.4100    4.6541    4.8463    4.9286    5.1470    5.2104    5.3131    5.4518    5.5221    5.6008    5.7080    5.8215    6.1622    6.2081    6.3590    6.3926    6.5471    6.6638    6.7306    6.8514    7.0073    7.1245
  2.8066  -43.8786  -43.8499  -42.9007  -42.8850  -42.7719  -42.7712  -32.8092  -32.7677  -32.7170  -32.7137  -32.6813  -32.6789  -23.7767  -23.6559  -23.5815  -23.4624  -23.4139  -23.3585  -22.7094  -22.6935  -22.6732  -22.6477  -22.6407  -22.6319  -22.5519  -22.5078  -22.4815  -22.4466  -22.4311  -22.4159  -16.1053  -15.9146  -15.8253  -15.7673  -15.6165  -15.5114  -15.4841  -15.4354  -15.3993  -15.3647  -15.1946  -15.0827  -15.0011  -14.9827  -14.9650  -14.9466  -14.9028  -14.8092  -14.6149  -14.3210  -13.9341  -13.8776  -13.7803  -13.6329  -13.5276  -13.4709  -13.4303  -13.3272  -13.2543  -13.1347   -5.9521   -5.8429   -5.5584   -5.3945   -4.4737   -4.0845   -3.9098   -3.8288   -3.7146   -3.3931   -3.2623   -3.1854   -3.0281   -2.9490   -2.8542   -2.6726   -2.5657   -2.4079   -2.3652   -2.1862   -2.0975   -1.9715   -1.8476   -1.7759   -1.6835   -1.5968   -1.4913   -1.4728   -1.3426   -1.2683   -1.2322   -1.2097   -1.1494   -1.0478   -1.0021   -0.9353    2.2527    2.8281    3.1412    3.4247    3.7198    3.7785    3.9553    4.0258    4.1737    4.1987    4.3803    4.6574    4.8255    4.9356    5.0822    5.1291    5.2900    5.4560    5.5101    5.5399    5.7352    5.7598    6.1793    6.1972    6.3577    6.3813    6.5195    6.5994    6.7332    6.8475    6.9789    7.0826
  2.8634  -43.8788  -43.8497  -42.9024  -42.8833  -42.7719  -42.7712  -32.8099  -32.7673  -32.7208  -32.7171  -32.6775  -32.6751  -23.7784  -23.6548  -23.5822  -23.4603  -23.4132  -23.3594  -22.7080  -22.6920  -22.6732  -22.6479  -22.6411  -22.6322  -22.5611  -22.5131  -22.4756  -22.4411  -22.4323  -22.4143  -16.1036  -15.9019  -15.7952  -15.7369  -15.6024  -15.5072  -15.4815  -15.4145  -15.3916  -15.3580  -15.2166  -15.0882  -15.0214  -15.0112  -14.9660  -14.9461  -14.9123  -14.8122  -14.6316  -14.3262  -13.9603  -13.9236  -13.8066  -13.6272  -13.4950  -13.4479  -13.4053  -13.3269  -13.2670  -13.1565   -6.0587   -5.9562   -5.5438   -5.3995   -4.4881   -3.9984   -3.9361   -3.7809   -3.7071   -3.4324   -3.2899   -3.2011   -3.0186   -2.9168   -2.8576   -2.6423   -2.5300   -2.4090   -2.2836   -2.1401   -2.0812   -1.9216   -1.8300   -1.7477   -1.6685   -1.5628   -1.4764   -1.4420   -1.3292   -1.2612   -1.2432   -1.2038   -1.1491   -1.0328   -0.9398   -0.8328    2.1358    2.8553    3.1273    3.4003    3.6491    3.7226    3.9526    4.1036    4.1647    4.2106    4.3620    4.6590    4.7724    4.9286    5.0009    5.0742    5.2664    5.4252    5.4790    5.5167    5.6927    5.7694    6.2001    6.2167    6.3605    6.3863    6.5049    6.6445    6.7413    6.8790    6.9454    7.0331
  2.9201  -43.8790  -43.8495  -42.9038  -42.8819  -42.7719  -42.7712  -32.8106  -32.7670  -32.7240  -32.7201  -32.6740  -32.6718  -23.7801  -23.6538  -23.5828  -23.4582  -23.4124  -23.3605  -22.7063  -22.6903  -22.6733  -22.6481  -22.6414  -22.6324  -22.5699  -22.5178  -22.4705  -22.4381  -22.4315  -22.4128  -16.1050  -15.8896  -15.7586  -15.7037  -15.5885  -15.5058  -15.4726  -15.3938  -15.3806  -15.3494  -15.2379  -15.0994  -15.0555  -15.0310  -14.9638  -14.9422  -14.9231  -14.8154  -14.6518  -14.3331  -13.9936  -13.9589  -13.8321  -13.6297  -13.4594  -13.4384  -13.3684  -13.3279  -13.2800  -13.1792   -6.1683   -6.0561   -5.5198   -5.4059   -4.5259   -3.9797   -3.9007   -3.7222   -3.6906   -3.4922   -3.3375   -3.2002   -3.0070   -2.8983   -2.8205   -2.6183   -2.5147   -2.4118   -2.1801   -2.0912   -2.0535   -1.8856   -1.8099   -1.7025   -1.6549   -1.5345   -1.4684   -1.4168   -1.3116   -1.2635   -1.2399   -1.2018   -1.1442   -1.0157   -0.8650   -0.7284    2.0040    2.8516    3.1431    3.3592    3.5953    3.6783    3.9441    4.1022    4.2113    4.2595    4.3583    4.6380    4.7255    4.8457    4.9711    5.0556    5.2361    5.3506    5.4335    5.5401    5.6487    5.8027    6.1640    6.2301    6.3078    6.4273    6.5058    6.6336    6.6898    6.7554    6.8688    7.1185
  2.9769  -43.8792  -43.8493  -42.9051  -42.8806  -42.7719  -42.7712  -32.8112  -32.7668  -32.7265  -32.7227  -32.6711  -32.6690  -23.7818  -23.6528  -23.5834  -23.4562  -23.4115  -23.3616  -22.7045  -22.6886  -22.6734  -22.6484  -22.6416  -22.6326  -22.5780  -22.5218  -22.4660  -22.4388  -22.4279  -22.4114  -16.1091  -15.8773  -15.7184  -15.6705  -15.5771  -15.5054  -15.4580  -15.3767  -15.3675  -15.3411  -15.2558  -15.1152  -15.0930  -15.0421  -14.9623  -14.9391  -14.9309  -14.8185  -14.6744  -14.3429  -14.0291  -13.9863  -13.8541  -13.6347  -13.4374  -13.4218  -13.3351  -13.3279  -13.2912  -13.2010   -6.2693   -6.1411   -5.4912   -5.4104   -4.5805   -4.0026   -3.8288   -3.6980   -3.6371   -3.5463   -3.3892   -3.1883   -2.9990   -2.8899   -2.7742   -2.6070   -2.4952   -2.4166   -2.1281   -2.0209   -1.9959   -1.8606   -1.7856   -1.6580   -1.6427   -1.5115   -1.4586   -1.4040   -1.3040   -1.2570   -1.2231   -1.2000   -1.1376   -0.9952   -0.7865   -0.6290    1.8609    2.8312    3.1753    3.3024    3.5673    3.6514    3.9242    4.0824    4.2376    4.3394    4.3739    4.5801    4.6995    4.7783    4.9509    5.0482    5.1981    5.2431    5.4375    5.5627    5.6326    5.8262    6.1578    6.2455    6.2641    6.3867    6.5093    6.6064    6.6803    6.7821    6.9934    7.2636
  3.0337  -43.8794  -43.8491  -42.9061  -42.8796  -42.7719  -42.7712  -32.8118  -32.7667  -32.7282  -32.7250  -32.6688  -32.6668  -23.7832  -23.6519  -23.5839  -23.4545  -23.4105  -23.3627  -22.7025  -22.6871  -22.6737  -22.6486  -22.6416  -22.6327  -22.5849  -22.5250  -22.4623  -22.4405  -22.4241  -22.4104  -16.1147  -15.8658  -15.6776  -15.6398  -15.5696  -15.5033  -15.4424  -15.3647  -15.3549  -15.3400  -15.2647  -15.1358  -15.1220  -15.0488  -14.9617  -14.9440  -14.9275  -14.8213  -14.6976  -14.3560  -14.0576  -14.0116  -13.8715  -13.6393  -13.4325  -13.3955  -13.3333  -13.3138  -13.2890  -13.2202   -6.3538   -6.2100   -5.4655   -5.4072   -4.6423   -4.0240   -3.7681   -3.6848   -3.6057   -3.5773   -3.4058   -3.1812   -3.0003   -2.8780   -2.7504   -2.5914   -2.4720   -2.4199   -2.1248   -1.9701   -1.9176   -1.8262   -1.7583   -1.6330   -1.6278   -1.4923   -1.4458   -1.4023   -1.3043   -1.2351   -1.2054   -1.1913   -1.1306   -0.9708   -0.7157   -0.5389    1.7167    2.8175    3.1838    3.2436    3.5833    3.6366    3.8945    4.0603    4.2588    4.3501    4.4360    4.5399    4.6566    4.7657    4.9387    5.0325    5.1144    5.1865    5.4674    5.5841    5.6384    5.8318    6.0762    6.1923    6.2247    6.3403    6.4961    6.6014    6.6568    6.7449    6.8287    7.2891
  3.0905  -43.8796  -43.8490  -42.9068  -42.8789  -42.7719  -42.7712  -32.8122  -32.7666  -32.7293  -32.7268  -32.6670  -32.6651  -23.7843  -23.6512  -23.5843  -23.4532  -23.4097  -23.3636  -22.7008  -22.6858  -22.6741  -22.6489  -22.6416  -22.6329  -22.5903  -22.5273  -22.4593  -22.4423  -22.4210  -22.4097  -16.1203  -15.8563  -15.6415  -15.6131  -15.5647  -15.5000  -15.4288  -15.3629  -15.3552  -15.3379  -15.2609  -15.1581  -15.1382  -15.0532  -14.9618  -14.9465  -14.9224  -14.8233  -14.7190  -14.3707  -14.0754  -14.0349  -13.8838  -13.6424  -13.4298  -13.3753  -13.3356  -13.3189  -13.2684  -13.2349   -6.4171   -6.2609   -5.4533   -5.3902   -4.7000   -4.0408   -3.7365   -3.6621   -3.6153   -3.5911   -3.3704   -3.1821   -3.0157   -2.8610   -2.7476   -2.5637   -2.4689   -2.4084   -2.1287   -1.9395   -1.8920   -1.7717   -1.7276   -1.6169   -1.6157   -1.4782   -1.4388   -1.4048   -1.3027   -1.2164   -1.1904   -1.1730   -1.1228   -0.9441   -0.6618   -0.4632    1.5886    2.8214    3.1305    3.2215    3.6202    3.6494    3.8628    4.0329    4.2572    4.3414    4.4634    4.5550    4.6374    4.7713    4.9196    5.0004    5.0476    5.1603    5.5106    5.6197    5.6678    5.8200    5.9978    6.1487    6.2162    6.3023    6.4952    6.5903    6.6187    6.8040    6.9310    7.2174
  3.1473  -43.8796  -43.8489  -42.9072  -42.8785  -42.7719  -42.7712  -32.8125  -32.7666  -32.7296  -32.7282  -32.6660  -32.6642  -23.7850  -23.6508  -23.5845  -23.4523  -23.4091  -23.3642  -22.6996  -22.6850  -22.6744  -22.6490  -22.6415  -22.6330  -22.5938  -22.5287  -22.4572  -22.4437  -22.4190  -22.4093  -16.1243  -15.8500  -15.6193  -15.5911  -15.5590  -15.4973  -15.4186  -15.3861  -15.3484  -15.3327  -15.2529  -15.1723  -15.1474  -15.0567  -14.9621  -14.9449  -14.9189  -14.8243  -14.7350  -14.3827  -14.0824  -14.0533  -13.8910  -13.6440  -13.4283  -13.3625  -13.3375  -13.3248  -13.2535  -13.2438   -6.4561   -6.2922   -5.4508   -5.3697   -4.7420   -4.0517   -3.7302   -3.6420   -3.6295   -3.5911   -3.3238   -3.1888   -3.0374   -2.8455   -2.7501   -2.5345   -2.4837   -2.3918   -2.1312   -1.9228   -1.8907   -1.7439   -1.6996   -1.6103   -1.5952   -1.4683   -1.4403   -1.4082   -1.3004   -1.2065   -1.1781   -1.1571   -1.1144   -0.9213   -0.6292   -0.4107    1.4981    2.8398    3.0661    3.2129    3.6185    3.7170    3.8380    4.0002    4.2391    4.3283    4.4734    4.5830    4.6460    4.7858    4.8859    4.9443    5.0497    5.1390    5.5504    5.6531    5.7030    5.7814    5.9165    6.0458    6.1862    6.2965    6.5249    6.5776    6.6549    6.7797    6.9978    7.3185
  3.2041  -43.8797  -43.8489  -42.9074  -42.8783  -42.7719  -42.7712  -32.8126  -32.7666  -32.7296  -32.7288  -32.6657  -32.6638  -23.7853  -23.6506  -23.5846  -23.4521  -23.4089  -23.3644  -22.6991  -22.6847  -22.6745  -22.6491  -22.6414  -22.6330  -22.5950  -22.5292  -22.4564  -22.4444  -22.4184  -22.4092  -16.1257  -15.8478  -15.6128  -15.5825  -15.5542  -15.4964  -15.4122  -15.4005  -15.3459  -15.3310  -15.2492  -15.1769  -15.1505  -15.0581  -14.9623  -14.9433  -14.9177  -14.8246  -14.7411  -14.3873  -14.0830  -14.0612  -13.8935  -13.6445  -13.4277  -13.3579  -13.3384  -13.3271  -13.2497  -13.2454   -6.4692   -6.3028   -5.4507   -5.3610   -4.7575   -4.0555   -3.7296   -3.6421   -3.6326   -3.5841   -3.3028   -3.1936   -3.0479   -2.8394   -2.7511   -2.5145   -2.4995   -2.3853   -2.1316   -1.9175   -1.8920   -1.7369   -1.6904   -1.6083   -1.5837   -1.4638   -1.4425   -1.4107   -1.2994   -1.2034   -1.1738   -1.1513   -1.1102   -0.9120   -0.6185   -0.3916    1.4652    2.8528    3.0365    3.2095    3.6173    3.7525    3.8283    3.9813    4.2292    4.3220    4.4780    4.5929    4.6543    4.7981    4.8666    4.9195    5.0580    5.1289    5.5718    5.6720    5.7232    5.7580    5.8925    6.0177    6.1793    6.2839    6.5150    6.5934    6.6102    6.8043    6.9255    7.1482
  3.2041  -43.8797  -43.8489  -42.9074  -42.8783  -42.7719  -42.7712  -32.8126  -32.7666  -32.7296  -32.7288  -32.6657  -32.6638  -23.7853  -23.6506  -23.5846  -23.4521  -23.4089  -23.3644  -22.6991  -22.6847  -22.6745  -22.6491  -22.6414  -22.6330  -22.5950  -22.5292  -22.4564  -22.4444  -22.4184  -22.4092  -16.1257  -15.8478  -15.6128  -15.5825  -15.5542  -15.4964  -15.4122  -15.4005  -15.3459  -15.3310  -15.2492  -15.1769  -15.1505  -15.0581  -14.9623  -14.9433  -14.9177  -14.8246  -14.7411  -14.3873  -14.0830  -14.0612  -13.8935  -13.6445  -13.4277  -13.3579  -13.3384  -13.3271  -13.2497  -13.2454   -6.4692   -6.3028   -5.4507   -5.3610   -4.7575   -4.0555   -3.7296   -3.6421   -3.6326   -3.5841   -3.3028   -3.1936   -3.0479   -2.8394   -2.7511   -2.5145   -2.4995   -2.3853   -2.1316   -1.9175   -1.8920   -1.7369   -1.6904   -1.6083   -1.5837   -1.4638   -1.4425   -1.4107   -1.2994   -1.2034   -1.1738   -1.1513   -1.1102   -0.9120   -0.6185   -0.3916    1.4652    2.8528    3.0365    3.2095    3.6173    3.7525    3.8283    3.9813    4.2292    4.3220    4.4780    4.5929    4.6543    4.7981    4.8666    4.9196    5.0580    5.1296    5.5718    5.6720    5.7231    5.7609    5.8950    6.0105    6.1795    6.3041    6.5213    6.5765    6.6271    6.7138    6.8361    7.1997
  3.2611  -43.8796  -43.8490  -42.9073  -42.8783  -42.7719  -42.7712  -32.8126  -32.7665  -32.7297  -32.7287  -32.6657  -32.6639  -23.7848  -23.6509  -23.5844  -23.4526  -23.4093  -23.3639  -22.6990  -22.6843  -22.6742  -22.6489  -22.6414  -22.6329  -22.5953  -22.5291  -22.4567  -22.4439  -22.4192  -22.4086  -16.1289  -15.8469  -15.6323  -15.5943  -15.5657  -15.4897  -15.4215  -15.3576  -15.3479  -15.3346  -15.2502  -15.1766  -15.1516  -15.0556  -14.9632  -14.9378  -14.9183  -14.8240  -14.7387  -14.3826  -14.0775  -14.0559  -13.8958  -13.6529  -13.4298  -13.3626  -13.3342  -13.3267  -13.2580  -13.2384   -6.4595   -6.2978   -5.4442   -5.3641   -4.7550   -4.0589   -3.7467   -3.6710   -3.6217   -3.5684   -3.2990   -3.1933   -3.0350   -2.8370   -2.7519   -2.5449   -2.5077   -2.3660   -2.1271   -1.9204   -1.8841   -1.7417   -1.6933   -1.6229   -1.5809   -1.4774   -1.4519   -1.3983   -1.3005   -1.2113   -1.1947   -1.1481   -1.1086   -0.9203   -0.6127   -0.3881    1.5043    2.8592    3.0564    3.2168    3.6103    3.7563    3.8545    3.9367    4.2314    4.3185    4.4922    4.5913    4.6539    4.7881    4.9011    4.9436    5.0119    5.1707    5.5645    5.6045    5.7206    5.7909    5.9180    6.0158    6.1709    6.2533    6.4985    6.5469    6.6184    6.6753    6.8335    7.1176
  3.3181  -43.8794  -43.8491  -42.9073  -42.8784  -42.7719  -42.7712  -32.8125  -32.7663  -32.7301  -32.7286  -32.6657  -32.6639  -23.7834  -23.6517  -23.5836  -23.4542  -23.4104  -23.3623  -22.6986  -22.6832  -22.6734  -22.6484  -22.6412  -22.6326  -22.5961  -22.5289  -22.4576  -22.4426  -22.4213  -22.4073  -16.1385  -15.8449  -15.6847  -15.6194  -15.5699  -15.4810  -15.4243  -15.3564  -15.3415  -15.2983  -15.2460  -15.1741  -15.1521  -15.0472  -14.9657  -14.9283  -14.9151  -14.8224  -14.7316  -14.3699  -14.0624  -14.0389  -13.9021  -13.6743  -13.4365  -13.3748  -13.3302  -13.3218  -13.2699  -13.2295   -6.4311   -6.2834   -5.4258   -5.3721   -4.7472   -4.0690   -3.7944   -3.7190   -3.6054   -3.5434   -3.2894   -3.1923   -2.9994   -2.8311   -2.7552   -2.6216   -2.5091   -2.3395   -2.1140   -1.9323   -1.8748   -1.7458   -1.7154   -1.6570   -1.5706   -1.5143   -1.4629   -1.3853   -1.3010   -1.2489   -1.2220   -1.1391   -1.1102   -0.9406   -0.5965   -0.3775    1.6111    2.8822    3.1038    3.2435    3.6025    3.7726    3.8195    3.9407    4.2147    4.3045    4.4969    4.6014    4.6569    4.7935    4.9443    4.9597    5.0292    5.2214    5.5044    5.5615    5.7195    5.7814    5.9915    6.0139    6.1566    6.2932    6.4904    6.5522    6.6640    6.8268    7.0584    7.1528
  3.3750  -43.8791  -43.8495  -42.9071  -42.8786  -42.7719  -42.7712  -32.8125  -32.7659  -32.7306  -32.7286  -32.6658  -32.6640  -23.7812  -23.6530  -23.5824  -23.4568  -23.4120  -23.3600  -22.6981  -22.6814  -22.6721  -22.6477  -22.6408  -22.6322  -22.5974  -22.5286  -22.4588  -22.4409  -22.4238  -22.4059  -16.1547  -15.8449  -15.7371  -15.6517  -15.5676  -15.4757  -15.4256  -15.3700  -15.3466  -15.2870  -15.2167  -15.1638  -15.1421  -15.0297  -14.9697  -14.9306  -14.8970  -14.8201  -14.7194  -14.3525  -14.0440  -14.0073  -13.9094  -13.7002  -13.4490  -13.3924  -13.3360  -13.3116  -13.2836  -13.2195   -6.3865   -6.2603   -5.3994   -5.3790   -4.7343   -4.0850   -3.8702   -3.7586   -3.6032   -3.5116   -3.2760   -3.1880   -2.9501   -2.8331   -2.7573   -2.7027   -2.5085   -2.3288   -2.0940   -1.9761   -1.8814   -1.7651   -1.7397   -1.6836   -1.5685   -1.5516   -1.4664   -1.3913   -1.3049   -1.2916   -1.2365   -1.1266   -1.1188   -0.9646   -0.5722   -0.3600    1.7602    2.9254    3.1543    3.2959    3.6096    3.7232    3.8037    4.0086    4.1788    4.2833    4.4679    4.6062    4.6774    4.8237    4.9019    5.0173    5.1275    5.2598    5.4562    5.5323    5.7242    5.7526    5.9869    6.0706    6.1296    6.3356    6.4480    6.5173    6.5683    6.7851    6.9022    7.0733
  3.4320  -43.8787  -43.8499  -42.9070  -42.8787  -42.7719  -42.7712  -32.8124  -32.7655  -32.7310  -32.7287  -32.6659  -32.6641  -23.7783  -23.6545  -23.5810  -23.4600  -23.4138  -23.3573  -22.6973  -22.6791  -22.6707  -22.6468  -22.6403  -22.6317  -22.5992  -22.5282  -22.4600  -22.4394  -22.4260  -22.4047  -16.1773  -15.8523  -15.7708  -15.6890  -15.5627  -15.4761  -15.4270  -15.3826  -15.3505  -15.2989  -15.2040  -15.1584  -15.1068  -14.9972  -14.9750  -14.9368  -14.8745  -14.8173  -14.7017  -14.3337  -14.0291  -13.9612  -13.9127  -13.7220  -13.4682  -13.4133  -13.3493  -13.3044  -13.2972  -13.2095   -6.3318   -6.2285   -5.3891   -5.3579   -4.7171   -4.1063   -3.9605   -3.7920   -3.6161   -3.4773   -3.2591   -3.1763   -2.9032   -2.8693   -2.7634   -2.7385   -2.5080   -2.3546   -2.0714   -2.0604   -1.8868   -1.8092   -1.7812   -1.6646   -1.6192   -1.5394   -1.4571   -1.4123   -1.3468   -1.2841   -1.2477   -1.1315   -1.1145   -0.9868   -0.5420   -0.3359    1.9240    2.9860    3.1978    3.3522    3.6255    3.6804    3.8360    4.0343    4.1632    4.2679    4.4308    4.5919    4.6984    4.8692    4.8742    5.0749    5.1716    5.2805    5.4653    5.5402    5.7123    5.7479    5.9629    6.1143    6.1273    6.4109    6.4225    6.5014    6.5739    6.7740    6.9970    7.2119
  3.4890  -43.8783  -43.8503  -42.9068  -42.8789  -42.7719  -42.7712  -32.8123  -32.7650  -32.7314  -32.7289  -32.6661  -32.6642  -23.7751  -23.6561  -23.5794  -23.4637  -23.4156  -23.3545  -22.6965  -22.6763  -22.6692  -22.6457  -22.6395  -22.6311  -22.6013  -22.5278  -22.4610  -22.4389  -22.4271  -22.4040  -16.2046  -15.8678  -15.7831  -15.7274  -15.5571  -15.4824  -15.4283  -15.3910  -15.3538  -15.3141  -15.2009  -15.1570  -15.0787  -14.9812  -14.9554  -14.9397  -14.8524  -14.8142  -14.6784  -14.3159  -14.0199  -13.9111  -13.9037  -13.7325  -13.4942  -13.4358  -13.3711  -13.3146  -13.2957  -13.2024   -6.2793   -6.1834   -5.3814   -5.3193   -4.6979   -4.1329   -4.0537   -3.8240   -3.6342   -3.4509   -3.2407   -3.1555   -2.9422   -2.8553   -2.7953   -2.7077   -2.5169   -2.4359   -2.1375   -2.0436   -1.8903   -1.8498   -1.8453   -1.6644   -1.6238   -1.5287   -1.4395   -1.4316   -1.3844   -1.2763   -1.2621   -1.1406   -1.1101   -1.0038   -0.5087   -0.3068    2.0808    3.0545    3.2308    3.3744    3.6302    3.7453    3.8622    3.9971    4.1745    4.2866    4.3975    4.5760    4.6919    4.8465    4.9291    5.1315    5.1738    5.2693    5.4527    5.6461    5.6809    5.7850    5.9428    6.1027    6.1468    6.3294    6.4256    6.4712    6.6169    6.8451    6.8790    7.1172
  3.5460  -43.8778  -43.8508  -42.9066  -42.8791  -42.7719  -42.7712  -32.8122  -32.7645  -32.7318  -32.7292  -32.6663  -32.6643  -23.7718  -23.6577  -23.5779  -23.4674  -23.4173  -23.3518  -22.6955  -22.6734  -22.6677  -22.6446  -22.6386  -22.6306  -22.6035  -22.5274  -22.4616  -22.4403  -22.4263  -22.4037  -16.2336  -15.8824  -15.7870  -15.7612  -15.5531  -15.4898  -15.4295  -15.3961  -15.3573  -15.3287  -15.1984  -15.1570  -15.0617  -14.9879  -14.9560  -14.9013  -14.8329  -14.8109  -14.6512  -14.3019  -14.0104  -13.8981  -13.8528  -13.7256  -13.5257  -13.4589  -13.4002  -13.3280  -13.2911  -13.2007   -6.2431   -6.1211   -5.3590   -5.2789   -4.6813   -4.1686   -4.1398   -3.8532   -3.6468   -3.4421   -3.2293   -3.1291   -2.9877   -2.8504   -2.8075   -2.6771   -2.5935   -2.4836   -2.1955   -2.0225   -1.9218   -1.8867   -1.8643   -1.7016   -1.5852   -1.5174   -1.4554   -1.4199   -1.4067   -1.2879   -1.2627   -1.1448   -1.1190   -1.0136   -0.4751   -0.2755    2.2186    3.1189    3.2256    3.4011    3.6555    3.8403    3.8879    3.9505    4.1707    4.3456    4.3730    4.5607    4.6644    4.8278    4.9764    5.1507    5.1792    5.2809    5.4399    5.6169    5.8037    5.8322    5.9516    6.0853    6.1776    6.2498    6.4164    6.4867    6.6077    6.8511    6.8979    7.0497
  3.6030  -43.8774  -43.8512  -42.9064  -42.8793  -42.7719  -42.7712  -32.8122  -32.7641  -32.7321  -32.7296  -32.6664  -32.6644  -23.7687  -23.6591  -23.5766  -23.4708  -23.4187  -23.3495  -22.6947  -22.6707  -22.6666  -22.6437  -22.6377  -22.6301  -22.6058  -22.5272  -22.4617  -22.4429  -22.4243  -22.4038  -16.2605  -15.8911  -15.8057  -15.7723  -15.5544  -15.4918  -15.4309  -15.3996  -15.3630  -15.3395  -15.1952  -15.1579  -15.0499  -14.9947  -14.9644  -14.8646  -14.8180  -14.8067  -14.6238  -14.2943  -13.9923  -13.8884  -13.8084  -13.6989  -13.5600  -13.4840  -13.4318  -13.3396  -13.2864  -13.2055   -6.2229   -6.0516   -5.3214   -5.2394   -4.6728   -4.2342   -4.1927   -3.8729   -3.6476   -3.4552   -3.2423   -3.1002   -2.9963   -2.8737   -2.8089   -2.7360   -2.6184   -2.4816   -2.2632   -2.0161   -1.9442   -1.9080   -1.8596   -1.7366   -1.5551   -1.5052   -1.4701   -1.4463   -1.3782   -1.3088   -1.2500   -1.1519   -1.1396   -1.0173   -0.4447   -0.2457    2.3325    3.1699    3.1841    3.4636    3.6820    3.8383    3.9226    3.9889    4.1538    4.3637    4.4162    4.5405    4.6496    4.8113    5.0040    5.1247    5.1932    5.3325    5.4373    5.5954    5.8691    5.8974    5.9676    6.0430    6.1562    6.2361    6.4604    6.5105    6.6085    6.7885    6.9440    7.1522
  3.6600  -43.8770  -43.8516  -42.9062  -42.8794  -42.7719  -42.7712  -32.8121  -32.7637  -32.7322  -32.7299  -32.6666  -32.6644  -23.7663  -23.6602  -23.5756  -23.4736  -23.4197  -23.3478  -22.6940  -22.6683  -22.6657  -22.6429  -22.6369  -22.6298  -22.6077  -22.5270  -22.4612  -22.4457  -22.4222  -22.4042  -16.2822  -15.8940  -15.8312  -15.7698  -15.5609  -15.4867  -15.4322  -15.4024  -15.3714  -15.3453  -15.1915  -15.1591  -15.0407  -15.0014  -14.9722  -14.8396  -14.8093  -14.8005  -14.6009  -14.2930  -13.9649  -13.8826  -13.7737  -13.6611  -13.5938  -13.5139  -13.4578  -13.3487  -13.2805  -13.2160   -6.2130   -5.9902   -5.2753   -5.2036   -4.6751   -4.3035   -4.2289   -3.8781   -3.6370   -3.4846   -3.2823   -3.0659   -2.9803   -2.8997   -2.8348   -2.7993   -2.5977   -2.4668   -2.3349   -2.0330   -1.9384   -1.9068   -1.8565   -1.7707   -1.5397   -1.4940   -1.4792   -1.4651   -1.3456   -1.3194   -1.2351   -1.1765   -1.1573   -1.0183   -0.4203   -0.2213    2.4206    3.1349    3.2084    3.5395    3.6998    3.8057    3.9106    4.0743    4.1280    4.3615    4.4629    4.5574    4.6465    4.8073    5.0116    5.1029    5.1823    5.3965    5.4495    5.5872    5.8844    5.9467    5.9911    5.9994    6.1090    6.2520    6.4764    6.5033    6.6007    6.7591    6.9313    7.0171
  3.7170  -43.8768  -43.8518  -42.9061  -42.8795  -42.7719  -42.7712  -32.8121  -32.7635  -32.7323  -32.7301  -32.6667  -32.6644  -23.7647  -23.6608  -23.5750  -23.4754  -23.4204  -23.3467  -22.6936  -22.6666  -22.6652  -22.6424  -22.6362  -22.6295  -22.6091  -22.5270  -22.4605  -22.4479  -22.4205  -22.4047  -16.2960  -15.8926  -15.8503  -15.7667  -15.5675  -15.4798  -15.4329  -15.4050  -15.3788  -15.3479  -15.1885  -15.1603  -15.0335  -15.0073  -14.9777  -14.8265  -14.8042  -14.7949  -14.5859  -14.2946  -13.9379  -13.8804  -13.7466  -13.6262  -13.6226  -13.5453  -13.4732  -13.3546  -13.2727  -13.2292   -6.2089   -5.9483   -5.2351   -5.1772   -4.6838   -4.3539   -4.2546   -3.8732   -3.6215   -3.5154   -3.3263   -3.0258   -2.9593   -2.9256   -2.8978   -2.7947   -2.5854   -2.4474   -2.3937   -2.0545   -1.9199   -1.8950   -1.8607   -1.7991   -1.5376   -1.4883   -1.4810   -1.4749   -1.3263   -1.3036   -1.2212   -1.2105   -1.1730   -1.0184   -0.4046   -0.2054    2.4786    3.0991    3.2301    3.6121    3.7031    3.7768    3.9004    4.0787    4.1463    4.3496    4.4798    4.6191    4.6380    4.8196    5.0109    5.0804    5.1680    5.4493    5.4713    5.5866    5.8649    5.9649    5.9990    6.0206    6.0691    6.2803    6.4565    6.5496    6.6422    6.8191    6.9338    7.0858
  3.7740  -43.8767  -43.8519  -42.9061  -42.8796  -42.7719  -42.7712  -32.8121  -32.7634  -32.7323  -32.7302  -32.6667  -32.6644  -23.7641  -23.6611  -23.5748  -23.4760  -23.4206  -23.3463  -22.6934  -22.6660  -22.6652  -22.6423  -22.6360  -22.6295  -22.6095  -22.5269  -22.4601  -22.4488  -22.4199  -22.4049  -16.3008  -15.8909  -15.8580  -15.7655  -15.5702  -15.4766  -15.4331  -15.4063  -15.3817  -15.3486  -15.1874  -15.1607  -15.0303  -15.0102  -14.9797  -14.8228  -14.8019  -14.7929  -14.5807  -14.2957  -13.9261  -13.8803  -13.7342  -13.6360  -13.6081  -13.5629  -13.4783  -13.3567  -13.2675  -13.2367   -6.2078   -5.9335   -5.2185   -5.1674   -4.6886   -4.3728   -4.2639   -3.8693   -3.6136   -3.5289   -3.3455   -2.9896   -2.9613   -2.9414   -2.9253   -2.7889   -2.5812   -2.4305   -2.4256   -2.0635   -1.9094   -1.8837   -1.8701   -1.8108   -1.5386   -1.4870   -1.4833   -1.4751   -1.3239   -1.2806   -1.2337   -1.2134   -1.1823   -1.0184   -0.3991   -0.1999    2.4993    3.0856    3.2374    3.6579    3.6873    3.7661    3.8945    4.0681    4.1621    4.3420    4.4871    4.6321    4.6498    4.8280    5.0119    5.0669    5.1625    5.4714    5.4834    5.5872    5.8477    5.9791    6.0030    6.0137    6.0482    6.3050    6.4987    6.5518    6.5815    6.7363    6.9622    7.1976
