#K-Path     Band-1    Band-2    Band-3    Band-4      ...     Band-n
  0.0000  -42.2299  -42.1955  -42.1921  -42.1917  -22.0897  -22.0663  -22.0240  -21.9288  -21.8846  -21.8764  -21.8407  -21.8357  -21.8222  -21.7569  -21.6774  -21.6728  -16.1969  -16.0453  -16.0174  -16.0113  -16.0070  -15.8307  -15.6400  -15.5518  -15.4013  -15.3328  -15.1954  -15.1696  -15.1512  -15.1204  -15.0927  -15.0709  -15.0701  -15.0690  -14.8941  -14.8936  -14.8816  -13.5620  -13.5457  -12.9969  -12.8501  -12.7279  -12.7274  -12.7194   -5.8416   -5.6637   -5.1821   -4.6645   -3.7987   -3.2422   -3.2023   -3.1352   -2.9887   -2.5453   -2.4077   -2.3788   -2.0674   -1.8116   -1.7998   -1.5567   -1.4050   -1.3847   -1.3362   -1.2382   -1.1344   -0.2519   -0.2436   -0.2114    1.8599    3.6450    4.2365    4.8658    5.1972    5.2030    5.5461    5.7463    5.9857    6.0763    6.3728    6.4505    6.6374    6.7423    7.2988    7.4349    7.4947    7.6753    7.9277    7.9562    8.1411    8.3148    8.3985    8.4733    8.5595    8.6576    9.1623    9.3667
  0.0628  -42.2296  -42.1966  -42.1923  -42.1908  -22.0880  -22.0636  -22.0210  -21.9268  -21.8897  -21.8802  -21.8447  -21.8353  -21.8133  -21.7593  -21.6782  -21.6764  -16.1949  -16.0455  -16.0201  -16.0096  -16.0076  -15.8348  -15.6364  -15.5514  -15.4001  -15.3294  -15.2062  -15.1629  -15.1508  -15.1206  -15.0937  -15.0717  -15.0706  -15.0688  -14.8979  -14.8817  -14.8784  -13.6694  -13.4477  -12.9925  -12.8543  -12.7326  -12.7271  -12.7161   -5.8308   -5.6499   -5.1819   -4.6603   -3.8441   -3.2675   -3.1814   -3.1201   -2.9807   -2.5360   -2.4066   -2.3591   -2.0597   -1.8025   -1.7972   -1.6116   -1.4301   -1.3454   -1.3344   -1.2593   -1.1123   -0.3053   -0.2560   -0.2233    1.9149    3.6883    4.2190    4.8615    5.1937    5.2366    5.5152    5.7726    5.9926    6.0924    6.3646    6.4039    6.6518    6.8171    7.2095    7.3152    7.5997    7.7474    7.9217    7.9449    8.0937    8.2677    8.3984    8.4644    8.5865    8.6874    9.3441    9.5813
  0.1255  -42.2286  -42.1989  -42.1921  -42.1897  -22.0827  -22.0556  -22.0122  -21.9205  -21.9041  -21.8894  -21.8482  -21.8339  -21.7993  -21.7654  -21.6869  -21.6803  -16.1889  -16.0462  -16.0240  -16.0171  -16.0009  -15.8463  -15.6265  -15.5504  -15.3964  -15.3195  -15.2262  -15.1546  -15.1496  -15.1225  -15.0952  -15.0733  -15.0723  -15.0687  -14.8978  -14.8821  -14.8450  -13.7920  -13.3525  -12.9795  -12.8665  -12.7421  -12.7254  -12.7126   -5.7987   -5.6087   -5.1833   -4.6516   -3.9504   -3.3275   -3.1554   -3.0926   -2.9342   -2.5115   -2.4000   -2.3073   -2.0402   -1.8095   -1.7760   -1.7052   -1.4420   -1.3720   -1.3188   -1.2985   -1.0399   -0.4636   -0.2887   -0.2470    2.0624    3.8124    4.1610    4.8634    5.2068    5.3020    5.4570    5.8154    5.9890    6.1638    6.2694    6.4133    6.6896    6.9535    7.0940    7.1036    7.7493    7.8251    7.9042    7.9084    7.9658    8.1693    8.4015    8.4326    8.6285    8.6655    9.3037    9.3996
  0.1883  -42.2270  -42.2019  -42.1916  -42.1888  -22.0741  -22.0428  -21.9981  -21.9239  -21.9100  -21.9012  -21.8515  -21.8316  -21.7926  -21.7681  -21.7030  -21.6840  -16.1792  -16.0486  -16.0277  -16.0275  -15.9923  -15.8625  -15.6130  -15.5496  -15.3899  -15.3041  -15.2485  -15.1509  -15.1477  -15.1277  -15.0947  -15.0752  -15.0745  -15.0693  -14.8964  -14.8828  -14.7925  -13.9198  -13.2679  -12.9591  -12.8858  -12.7542  -12.7233  -12.7110   -5.7470   -5.5412   -5.1922   -4.6514   -4.0660   -3.4123   -3.1467   -3.0675   -2.8405   -2.4740   -2.3815   -2.2418   -2.0206   -1.8747   -1.7758   -1.7346   -1.4189   -1.4150   -1.3988   -1.2965   -0.9331   -0.6798   -0.3573   -0.2734    2.2681    4.0019    4.0540    4.8934    5.2310    5.3834    5.4010    5.8439    5.9646    6.1671    6.2905    6.4473    6.7250    6.8635    7.0339    7.0981    7.6853    7.7982    7.8351    7.9282    7.9568    8.0965    8.3968    8.4996    8.5927    8.7311    9.1832    9.3287
  0.2510  -42.2248  -42.2051  -42.1910  -42.1884  -22.0624  -22.0263  -21.9798  -21.9459  -21.9151  -21.8953  -21.8581  -21.8284  -21.8007  -21.7609  -21.7219  -21.6893  -16.1660  -16.0566  -16.0359  -16.0310  -15.9817  -15.8812  -15.5983  -15.5498  -15.3805  -15.2845  -15.2713  -15.1557  -15.1453  -15.1329  -15.0920  -15.0774  -15.0767  -15.0706  -14.8944  -14.8837  -14.7224  -14.0501  -13.1936  -12.9339  -12.9103  -12.7694  -12.7213  -12.7113   -5.6784   -5.4491   -5.2172   -4.6857   -4.1399   -3.5212   -3.1349   -3.0501   -2.7249   -2.4202   -2.3473   -2.1817   -2.0469   -1.9268   -1.8371   -1.6845   -1.5131   -1.4503   -1.3631   -1.2992   -0.9073   -0.8167   -0.4553   -0.3098    2.5040    3.8996    4.2370    4.9550    5.2578    5.3534    5.4632    5.8421    5.9380    6.0805    6.4502    6.4859    6.6605    6.7127    7.0736    7.1952    7.4428    7.6705    7.7232    7.9741    8.0475    8.0633    8.3243    8.3965    8.4941    8.9221    9.1786    9.2485
  0.3138  -42.2221  -42.2086  -42.1904  -42.1882  -22.0477  -22.0074  -21.9683  -21.9584  -21.9309  -21.8768  -21.8703  -21.8238  -21.8124  -21.7633  -21.7313  -21.6960  -16.1500  -16.0723  -16.0386  -16.0338  -15.9691  -15.9007  -15.5843  -15.5516  -15.3680  -15.2937  -15.2620  -15.1705  -15.1426  -15.1347  -15.0884  -15.0792  -15.0783  -15.0727  -14.8923  -14.8849  -14.6366  -14.1799  -13.1287  -12.9441  -12.9013  -12.7885  -12.7196  -12.7127   -5.5967   -5.3349   -5.2641   -4.7767   -4.1344   -3.6513   -3.1127   -3.0430   -2.6040   -2.3423   -2.3019   -2.1422   -2.1378   -1.9387   -1.8747   -1.6608   -1.5841   -1.4879   -1.3779   -1.2842   -1.0534   -0.7029   -0.5760   -0.3598    2.7526    3.7074    4.4965    5.0347    5.2640    5.3115    5.5243    5.7970    5.9277    6.0142    6.4662    6.5915    6.6177    6.6696    7.1287    7.2332    7.2552    7.5193    7.6139    7.9705    8.0611    8.0855    8.2798    8.4221    8.4583    8.7248    9.0238    9.2953
  0.3765  -42.2191  -42.2121  -42.1899  -42.1883  -22.0305  -21.9903  -21.9873  -21.9484  -21.9350  -21.8887  -21.8561  -21.8242  -21.8162  -21.7834  -21.7240  -21.7043  -16.1317  -16.0917  -16.0388  -16.0361  -15.9545  -15.9199  -15.5722  -15.5558  -15.3527  -15.3151  -15.2381  -15.1908  -15.1399  -15.1358  -15.0847  -15.0805  -15.0791  -15.0753  -14.8902  -14.8864  -14.5371  -14.3062  -13.0723  -12.9805  -12.8703  -12.8121  -12.7180  -12.7146   -5.5072   -5.3327   -5.2025   -4.9100   -4.0568   -3.7940   -3.0857   -3.0471   -2.4884   -2.2944   -2.2355   -2.1940   -2.1344   -2.0074   -1.8485   -1.7318   -1.5569   -1.4929   -1.4413   -1.3759   -0.9896   -0.7124   -0.5977   -0.4247    3.0040    3.4882    4.7581    5.0992    5.2114    5.2679    5.5769    5.7257    5.9285    5.9688    6.4383    6.5778    6.6574    6.8216    6.9397    7.1725    7.3655    7.4231    7.5521    7.8301    8.0735    8.0898    8.3369    8.4465    8.4523    8.6031    8.9833    9.1580
  0.4393  -42.2163  -42.2151  -42.1896  -42.1884  -22.0119  -22.0106  -21.9677  -21.9670  -21.9114  -21.9109  -21.8377  -21.8371  -21.8037  -21.8035  -21.7145  -21.7131  -16.1119  -16.1119  -16.0382  -16.0375  -15.9380  -15.9380  -15.5627  -15.5626  -15.3352  -15.3346  -15.2139  -15.2138  -15.1379  -15.1372  -15.0821  -15.0821  -15.0785  -15.0775  -14.8886  -14.8878  -14.4265  -14.4257  -13.0234  -13.0229  -12.8399  -12.8397  -12.7167  -12.7160   -5.4169   -5.4162   -5.0580   -5.0574   -3.9361   -3.9346   -3.0626   -3.0617   -2.3829   -2.3811   -2.1613   -2.1595   -2.1130   -2.1130   -1.8002   -1.7993   -1.5178   -1.5167   -1.4479   -1.4473   -0.8559   -0.8548   -0.5044   -0.5042    3.2500    3.2527    4.9892    4.9926    5.2174    5.2179    5.6451    5.6480    5.9394    5.9418    6.4935    6.4942    6.7667    6.7692    7.0140    7.0143    7.4092    7.4100    7.6481    7.6492    8.0816    8.0826    8.4439    8.4543    8.4789    8.4947    8.9861    9.1172
  0.4393  -42.2163  -42.2151  -42.1896  -42.1884  -22.0119  -22.0106  -21.9677  -21.9670  -21.9114  -21.9109  -21.8377  -21.8371  -21.8037  -21.8035  -21.7145  -21.7131  -16.1119  -16.1119  -16.0382  -16.0375  -15.9380  -15.9380  -15.5627  -15.5626  -15.3352  -15.3346  -15.2139  -15.2138  -15.1379  -15.1372  -15.0821  -15.0821  -15.0785  -15.0775  -14.8886  -14.8878  -14.4265  -14.4257  -13.0234  -13.0229  -12.8399  -12.8397  -12.7167  -12.7160   -5.4169   -5.4162   -5.0580   -5.0574   -3.9361   -3.9346   -3.0626   -3.0617   -2.3829   -2.3811   -2.1613   -2.1595   -2.1130   -2.1130   -1.8002   -1.7993   -1.5178   -1.5167   -1.4479   -1.4473   -0.8559   -0.8548   -0.5044   -0.5042    3.2500    3.2527    4.9892    4.9926    5.2174    5.2179    5.6451    5.6480    5.9394    5.9418    6.4935    6.4942    6.7667    6.7692    7.0140    7.0143    7.4092    7.4100    7.6481    7.6642    8.0819    8.0833    8.4432    8.4463    8.4786    8.4842    8.9621    9.0126
  0.4959  -42.2161  -42.2149  -42.1898  -42.1886  -22.0128  -22.0115  -21.9669  -21.9661  -21.9095  -21.9090  -21.8382  -21.8377  -21.8058  -21.8056  -21.7138  -21.7124  -16.1121  -16.1121  -16.0377  -16.0371  -15.9395  -15.9394  -15.5628  -15.5627  -15.3357  -15.3351  -15.2127  -15.2126  -15.1380  -15.1374  -15.0829  -15.0826  -15.0775  -15.0764  -14.8880  -14.8871  -14.4196  -14.4188  -13.0326  -13.0319  -12.8415  -12.8410  -12.7169  -12.7162   -5.4097   -5.4091   -5.0525   -5.0519   -3.9245   -3.9228   -3.0698   -3.0688   -2.3855   -2.3837   -2.2472   -2.2418   -2.0340   -2.0288   -1.8027   -1.8006   -1.5262   -1.5248   -1.4413   -1.4392   -0.8473   -0.8451   -0.5242   -0.5230    3.2592    3.2619    4.9853    4.9894    5.1445    5.1472    5.6769    5.6801    5.9856    5.9887    6.4322    6.4328    6.7831    6.7852    7.0727    7.0735    7.4228    7.4234    7.6502    7.6512    8.0885    8.0892    8.4267    8.4370    8.4831    8.4945    8.9728    9.1583
  0.5526  -42.2155  -42.2143  -42.1904  -42.1892  -22.0148  -22.0136  -21.9649  -21.9641  -21.9043  -21.9040  -21.8398  -21.8393  -21.8113  -21.8104  -21.7121  -21.7109  -16.1126  -16.1124  -16.0366  -16.0360  -15.9436  -15.9436  -15.5631  -15.5630  -15.3369  -15.3363  -15.2093  -15.2092  -15.1383  -15.1377  -15.0848  -15.0844  -15.0748  -15.0735  -14.8861  -14.8853  -14.3990  -14.3982  -13.0604  -13.0593  -12.8448  -12.8440  -12.7176  -12.7170   -5.3892   -5.3887   -5.0366   -5.0360   -3.8909   -3.8890   -3.0892   -3.0881   -2.4261   -2.4233   -2.3042   -2.3003   -1.9677   -1.9637   -1.7860   -1.7824   -1.5610   -1.5585   -1.4132   -1.4100   -0.8250   -0.8219   -0.5810   -0.5789    3.2870    3.2898    4.9211    4.9266    5.0668    5.0683    5.6859    5.6887    6.1120    6.1149    6.3103    6.3110    6.8404    6.8418    7.1919    7.1927    7.4478    7.4483    7.6706    7.6712    8.1072    8.1075    8.3872    8.3890    8.4968    8.5094    9.0218    9.1939
  0.6092  -42.2145  -42.2133  -42.1914  -42.1902  -22.0166  -22.0157  -21.9625  -21.9618  -21.8978  -21.8974  -21.8438  -21.8423  -21.8167  -21.8147  -21.7108  -21.7098  -16.1131  -16.1129  -16.0349  -16.0345  -15.9499  -15.9499  -15.5635  -15.5634  -15.3386  -15.3380  -15.2047  -15.2045  -15.1383  -15.1379  -15.0876  -15.0873  -15.0710  -15.0698  -14.8832  -14.8825  -14.3653  -14.3645  -13.1062  -13.1049  -12.8476  -12.8466  -12.7193  -12.7188   -5.3575   -5.3571   -5.0122   -5.0117   -3.8397   -3.8375   -3.1145   -3.1131   -2.5226   -2.5193   -2.2919   -2.2891   -1.9570   -1.9545   -1.7254   -1.7214   -1.6170   -1.6140   -1.3697   -1.3667   -0.7994   -0.7964   -0.6685   -0.6660    3.3344    3.3370    4.7799    4.7843    5.0672    5.0681    5.6567    5.6594    6.0844    6.0856    6.3590    6.3632    6.9277    6.9289    7.3164    7.3166    7.4626    7.4630    7.7346    7.7348    8.1294    8.1316    8.3658    8.3726    8.5067    8.5318    9.0297    9.1764
  0.6659  -42.2132  -42.2120  -42.1927  -42.1915  -22.0173  -22.0166  -21.9606  -21.9600  -21.8923  -21.8918  -21.8505  -21.8484  -21.8174  -21.8148  -21.7109  -21.7099  -16.1134  -16.1132  -16.0331  -16.0329  -15.9576  -15.9575  -15.5639  -15.5638  -15.3402  -15.3397  -15.1998  -15.1995  -15.1377  -15.1374  -15.0911  -15.0908  -15.0671  -15.0660  -14.8796  -14.8791  -14.3200  -14.3192  -13.1675  -13.1661  -12.8485  -12.8475  -12.7222  -12.7216   -5.3180   -5.3178   -4.9825   -4.9821   -3.7794   -3.7771   -3.1361   -3.1345   -2.6237   -2.6209   -2.2581   -2.2560   -1.9666   -1.9652   -1.6893   -1.6865   -1.6516   -1.6486   -1.3181   -1.3159   -0.8006   -0.7999   -0.7567   -0.7554    3.4025    3.4044    4.6431    4.6460    5.0705    5.0709    5.6171    5.6200    5.9484    5.9496    6.5014    6.5049    7.0285    7.0294    7.3988    7.3999    7.5252    7.5260    7.8313    7.8378    8.1483    8.1504    8.3791    8.4595    8.5393    8.5804    9.0448    9.1244
  0.7225  -42.2116  -42.2103  -42.1944  -42.1931  -22.0163  -22.0156  -21.9600  -21.9596  -21.8897  -21.8889  -21.8584  -21.8566  -21.8115  -21.8094  -21.7131  -21.7121  -16.1135  -16.1132  -16.0315  -16.0314  -15.9657  -15.9655  -15.5642  -15.5640  -15.3417  -15.3411  -15.1953  -15.1949  -15.1365  -15.1362  -15.0949  -15.0946  -15.0636  -15.0626  -14.8759  -14.8755  -14.2654  -14.2646  -13.2396  -13.2381  -12.8478  -12.8467  -12.7258  -12.7252   -5.2749   -5.2745   -4.9516   -4.9515   -3.7215   -3.7194   -3.1485   -3.1469   -2.7033   -2.7011   -2.2255   -2.2241   -1.9686   -1.9676   -1.7556   -1.7529   -1.6107   -1.6084   -1.2599   -1.2591   -0.9102   -0.9081   -0.7614   -0.7600    3.4916    3.4928    4.5256    4.5268    5.0493    5.0497    5.5679    5.5707    5.8595    5.8604    6.5651    6.5672    7.1356    7.1364    7.4609    7.4618    7.6597    7.6609    7.9309    7.9393    8.1752    8.1846    8.4043    8.4383    8.5811    8.6122    9.0475    9.2941
  0.7791  -42.2097  -42.2085  -42.1963  -42.1950  -22.0133  -22.0128  -21.9613  -21.9613  -21.8895  -21.8886  -21.8659  -21.8645  -21.8012  -21.7995  -21.7176  -21.7164  -16.1132  -16.1129  -16.0305  -16.0302  -15.9731  -15.9728  -15.5643  -15.5641  -15.3428  -15.3423  -15.1917  -15.1912  -15.1347  -15.1343  -15.0987  -15.0983  -15.0609  -15.0600  -14.8724  -14.8722  -14.2060  -14.2052  -13.3156  -13.3140  -12.8459  -12.8448  -12.7298  -12.7291   -5.2324   -5.2318   -4.9243   -4.9241   -3.6752   -3.6737   -3.1627   -3.1616   -2.7314   -2.7293   -2.2160   -2.2149   -1.9532   -1.9519   -1.8176   -1.8149   -1.5966   -1.5950   -1.2143   -1.2140   -1.0112   -1.0096   -0.7695   -0.7685    3.5995    3.6012    4.4227    4.4238    4.9991    5.0002    5.4977    5.4998    5.8576    5.8586    6.5276    6.5286    7.2520    7.2529    7.5489    7.5500    7.8081    7.8122    8.0215    8.0276    8.2187    8.2210    8.4049    8.4231    8.6454    8.6904    9.1502    9.2492
  0.8358  -42.2076  -42.2064  -42.1984  -42.1971  -22.0088  -22.0084  -21.9653  -21.9648  -21.8896  -21.8885  -21.8723  -21.8714  -21.7889  -21.7878  -21.7240  -21.7225  -16.1127  -16.1123  -16.0300  -16.0296  -15.9790  -15.9786  -15.5644  -15.5642  -15.3436  -15.3431  -15.1891  -15.1886  -15.1328  -15.1322  -15.1020  -15.1015  -15.0591  -15.0582  -14.8697  -14.8695  -14.1488  -14.1481  -13.3861  -13.3845  -12.8438  -12.8426  -12.7334  -12.7327   -5.1956   -5.1949   -4.9042   -4.9036   -3.6413   -3.6406   -3.1964   -3.1958   -2.6847   -2.6818   -2.2496   -2.2484   -1.9313   -1.9310   -1.8551   -1.8533   -1.5961   -1.5946   -1.2469   -1.2464   -1.0217   -1.0209   -0.7940   -0.7924    3.7206    3.7232    4.3250    4.3277    4.9363    4.9381    5.4272    5.4287    5.9244    5.9256    6.4251    6.4259    7.3709    7.3720    7.6177    7.6229    7.9550    7.9573    8.1071    8.1083    8.2729    8.2857    8.3845    8.4098    8.7574    8.7772    8.9963    9.0780
  0.8924  -42.2054  -42.2042  -42.2005  -42.1993  -22.0041  -22.0035  -21.9703  -21.9694  -21.8885  -21.8870  -21.8777  -21.8769  -21.7781  -21.7773  -21.7309  -21.7289  -16.1123  -16.1119  -16.0299  -16.0294  -15.9827  -15.9823  -15.5644  -15.5642  -15.3440  -15.3436  -15.1876  -15.1871  -15.1313  -15.1306  -15.1044  -15.1038  -15.0580  -15.0572  -14.8679  -14.8677  -14.1051  -14.1044  -13.4386  -13.4369  -12.8421  -12.8409  -12.7360  -12.7352   -5.1700   -5.1693   -4.8926   -4.8917   -3.6178   -3.6174   -3.2370   -3.2363   -2.5793   -2.5761   -2.3323   -2.3305   -1.9313   -1.9282   -1.8564   -1.8541   -1.5866   -1.5843   -1.3268   -1.3254   -0.9672   -0.9661   -0.8326   -0.8304    3.8385    3.8415    4.2307    4.2351    4.8860    4.8880    5.3794    5.3809    6.0290    6.0303    6.2963    6.2972    7.4792    7.4808    7.6275    7.6297    8.0926    8.0971    8.1714    8.1848    8.3080    8.3546    8.3755    8.4301    8.8469    8.9356    8.9967    9.1646
  0.9491  -42.2035  -42.2031  -42.2016  -42.2012  -22.0018  -22.0012  -21.9728  -21.9717  -21.8874  -21.8851  -21.8810  -21.8794  -21.7734  -21.7725  -21.7344  -21.7321  -16.1121  -16.1117  -16.0300  -16.0294  -15.9840  -15.9835  -15.5644  -15.5642  -15.3441  -15.3437  -15.1871  -15.1866  -15.1307  -15.1299  -15.1052  -15.1046  -15.0577  -15.0569  -14.8673  -14.8671  -14.0882  -14.0875  -13.4585  -13.4568  -12.8415  -12.8403  -12.7369  -12.7361   -5.1608   -5.1600   -4.8889   -4.8880   -3.6085   -3.6081   -3.2553   -3.2545   -2.4534   -2.4499   -2.4487   -2.4466   -1.9347   -1.9305   -1.8525   -1.8492   -1.5745   -1.5715   -1.3674   -1.3654   -0.9257   -0.9246   -0.8655   -0.8626    3.9003    3.9032    4.1784    4.1838    4.8670    4.8692    5.3628    5.3644    6.1316    6.1330    6.1850    6.1860    7.5464    7.5476    7.5991    7.6018    8.1559    8.1633    8.2221    8.2239    8.2753    8.2820    8.3563    8.4039    8.8444    8.8800    9.0149    9.1414
  0.9491  -42.2035  -42.2031  -42.2016  -42.2012  -22.0018  -22.0012  -21.9728  -21.9717  -21.8874  -21.8851  -21.8810  -21.8794  -21.7734  -21.7725  -21.7344  -21.7321  -16.1121  -16.1117  -16.0300  -16.0294  -15.9840  -15.9835  -15.5644  -15.5642  -15.3441  -15.3437  -15.1871  -15.1866  -15.1307  -15.1299  -15.1052  -15.1046  -15.0577  -15.0569  -14.8673  -14.8671  -14.0882  -14.0875  -13.4585  -13.4568  -12.8415  -12.8403  -12.7369  -12.7361   -5.1608   -5.1600   -4.8889   -4.8880   -3.6085   -3.6081   -3.2553   -3.2545   -2.4534   -2.4499   -2.4487   -2.4466   -1.9347   -1.9305   -1.8525   -1.8492   -1.5745   -1.5715   -1.3674   -1.3654   -0.9257   -0.9246   -0.8655   -0.8626    3.9003    3.9032    4.1784    4.1838    4.8670    4.8692    5.3628    5.3644    6.1316    6.1330    6.1850    6.1860    7.5470    7.5483    7.5994    7.6018    8.1561    8.1588    8.2224    8.2236    8.2738    8.2986    8.3644    8.3810    8.8341    8.8917    9.0400    9.1220
  1.0118  -42.2047  -42.2045  -42.2002  -42.2001  -22.0162  -22.0160  -21.9591  -21.9584  -21.8917  -21.8905  -21.8760  -21.8753  -21.7727  -21.7718  -21.7333  -21.7311  -16.1139  -16.1136  -16.0304  -16.0299  -15.9806  -15.9802  -15.5661  -15.5659  -15.3469  -15.3465  -15.1848  -15.1844  -15.1291  -15.1285  -15.1044  -15.1038  -15.0578  -15.0570  -14.8673  -14.8671  -14.0979  -14.0972  -13.4450  -13.4433  -12.8477  -12.8466  -12.7344  -12.7337   -5.1970   -5.1964   -4.8663   -4.8656   -3.6299   -3.6296   -3.2349   -3.2343   -2.5256   -2.5229   -2.3460   -2.3442   -1.9657   -1.9639   -1.8118   -1.8094   -1.5843   -1.5815   -1.3559   -1.3542   -0.9952   -0.9943   -0.8003   -0.7982    3.8544    3.8570    4.1834    4.1872    4.8442    4.8458    5.4297    5.4306    5.9310    5.9317    6.3647    6.3650    7.5027    7.5040    7.6545    7.6567    8.1220    8.1274    8.2347    8.2390    8.2661    8.2796    8.3992    8.4059    8.8000    8.8524    9.0283    9.1580
  1.0746  -42.2064  -42.2063  -42.1984  -42.1983  -22.0390  -22.0389  -21.9393  -21.9389  -21.8982  -21.8974  -21.8701  -21.8695  -21.7708  -21.7699  -21.7301  -21.7281  -16.1187  -16.1184  -16.0315  -16.0312  -15.9716  -15.9714  -15.5710  -15.5709  -15.3539  -15.3534  -15.1796  -15.1794  -15.1242  -15.1237  -15.1023  -15.1017  -15.0582  -15.0573  -14.8674  -14.8672  -14.1234  -14.1228  -13.4081  -13.4066  -12.8649  -12.8637  -12.7285  -12.7278   -5.2767   -5.2764   -4.8256   -4.8251   -3.6788   -3.6783   -3.1859   -3.1853   -2.5708   -2.5681   -2.2206   -2.2189   -2.0082   -2.0077   -1.7473   -1.7449   -1.6150   -1.6128   -1.3214   -1.3201   -1.0774   -1.0761   -0.7281   -0.7263    3.7560    3.7586    4.1514    4.1528    4.8322    4.8343    5.5130    5.5150    5.7858    5.7865    6.5024    6.5027    7.4986    7.5003    7.6962    7.6981    8.0534    8.0547    8.2130    8.2214    8.3195    8.3474    8.4556    8.4747    8.7431    8.7682    9.0809    9.2460
  1.1373  -42.2080  -42.2080  -42.1968  -42.1967  -22.0609  -22.0608  -21.9225  -21.9220  -21.9044  -21.9035  -21.8650  -21.8644  -21.7682  -21.7673  -21.7252  -21.7235  -16.1248  -16.1246  -16.0329  -16.0327  -15.9596  -15.9595  -15.5784  -15.5783  -15.3627  -15.3621  -15.1747  -15.1746  -15.1157  -15.1155  -15.0989  -15.0984  -15.0588  -15.0579  -14.8676  -14.8672  -14.1572  -14.1567  -13.3556  -13.3542  -12.8905  -12.8893  -12.7217  -12.7210   -5.3664   -5.3662   -4.7943   -4.7940   -3.7323   -3.7316   -3.1231   -3.1222   -2.5934   -2.5909   -2.0991   -2.0952   -2.0344   -2.0323   -1.6967   -1.6945   -1.6591   -1.6577   -1.2703   -1.2690   -1.1274   -1.1242   -0.6789   -0.6773    3.6493    3.6520    4.0564    4.0572    4.8647    4.8674    5.3958    5.3976    5.9039    5.9047    6.5626    6.5630    7.5480    7.5493    7.7150    7.7163    7.9658    7.9694    8.2042    8.2078    8.3619    8.3726    8.5079    8.6323    8.6735    8.7870    8.9362    9.1531
  1.2001  -42.2094  -42.2093  -42.1954  -42.1953  -22.0797  -22.0795  -21.9128  -21.9120  -21.9069  -21.9055  -21.8610  -21.8602  -21.7654  -21.7646  -21.7194  -21.7180  -16.1308  -16.1306  -16.0344  -16.0341  -15.9469  -15.9469  -15.5870  -15.5869  -15.3711  -15.3704  -15.1717  -15.1717  -15.1061  -15.1059  -15.0940  -15.0935  -15.0598  -15.0587  -14.8678  -14.8672  -14.1917  -14.1912  -13.2957  -13.2943  -12.9223  -12.9212  -12.7157  -12.7151   -5.4489   -5.4487   -4.7786   -4.7785   -3.7782   -3.7774   -3.0533   -3.0523   -2.6028   -2.6003   -2.0762   -2.0709   -1.9701   -1.9665   -1.7448   -1.7438   -1.6292   -1.6283   -1.2420   -1.2385   -1.0991   -1.0966   -0.6590   -0.6576    3.5539    3.5572    3.9312    3.9334    4.9001    4.9028    5.2615    5.2628    6.0922    6.0936    6.5855    6.5857    7.5741    7.5757    7.7358    7.7361    7.9117    7.9134    8.1759    8.1772    8.3675    8.3733    8.5227    8.5477    8.7140    8.7496    8.9126    9.0256
  1.2628  -42.2104  -42.2104  -42.1943  -42.1943  -22.0940  -22.0938  -21.9149  -21.9147  -21.8995  -21.8985  -21.8579  -21.8572  -21.7631  -21.7623  -21.7139  -21.7127  -16.1357  -16.1355  -16.0357  -16.0353  -15.9359  -15.9358  -15.5952  -15.5951  -15.3777  -15.3769  -15.1702  -15.1702  -15.0998  -15.0995  -15.0861  -15.0856  -15.0612  -15.0600  -14.8680  -14.8673  -14.2206  -14.2202  -13.2358  -13.2345  -12.9583  -12.9572  -12.7113  -12.7107   -5.5141   -5.5140   -4.7747   -4.7747   -3.8121   -3.8113   -2.9843   -2.9833   -2.6059   -2.6033   -2.0853   -2.0787   -1.9279   -1.9237   -1.7850   -1.7822   -1.5921   -1.5907   -1.2412   -1.2352   -1.0026   -1.0016   -0.6712   -0.6700    3.4797    3.4838    3.8133    3.8169    4.8912    4.8932    5.2060    5.2073    6.2343    6.2360    6.6353    6.6356    7.5580    7.5591    7.6754    7.6759    7.9698    7.9706    8.1409    8.1445    8.3415    8.3549    8.4626    8.4801    8.7580    8.8094    8.9935    9.1585
  1.3256  -42.2111  -42.2110  -42.1936  -42.1936  -22.1029  -22.1027  -21.9173  -21.9171  -21.8946  -21.8936  -21.8561  -21.8553  -21.7616  -21.7608  -21.7099  -21.7089  -16.1388  -16.1387  -16.0366  -16.0360  -15.9283  -15.9283  -15.6010  -15.6010  -15.3819  -15.3809  -15.1696  -15.1696  -15.0970  -15.0967  -15.0778  -15.0774  -15.0632  -15.0620  -14.8681  -14.8673  -14.2397  -14.2393  -13.1851  -13.1839  -12.9929  -12.9921  -12.7085  -12.7080   -5.5557   -5.5556   -4.7759   -4.7759   -3.8327   -3.8319   -2.9305   -2.9296   -2.6063   -2.6039   -2.0874   -2.0801   -1.9610   -1.9580   -1.7704   -1.7647   -1.5674   -1.5648   -1.2390   -1.2320   -0.8937   -0.8931   -0.7152   -0.7141    3.4328    3.4374    3.7301    3.7348    4.8553    4.8568    5.2067    5.2095    6.2936    6.2952    6.7315    6.7321    7.4953    7.4963    7.6307    7.6323    8.0252    8.0296    8.1150    8.1183    8.3104    8.3482    8.4709    8.5112    8.7006    8.7990    9.0597    9.1318
  1.3884  -42.2113  -42.2113  -42.1934  -42.1934  -22.1059  -22.1057  -21.9182  -21.9180  -21.8930  -21.8919  -21.8554  -21.8547  -21.7610  -21.7602  -21.7085  -21.7075  -16.1398  -16.1397  -16.0369  -16.0363  -15.9256  -15.9256  -15.6032  -15.6031  -15.3833  -15.3823  -15.1695  -15.1695  -15.0961  -15.0959  -15.0736  -15.0736  -15.0648  -15.0636  -14.8682  -14.8673  -14.2464  -14.2460  -13.1623  -13.1612  -13.0098  -13.0096  -12.7076  -12.7071   -5.5700   -5.5699   -4.7770   -4.7770   -3.8396   -3.8388   -2.9096   -2.9090   -2.6061   -2.6039   -2.0861   -2.0784   -1.9842   -1.9809   -1.7598   -1.7533   -1.5586   -1.5554   -1.2371   -1.2298   -0.8130   -0.8130   -0.7720   -0.7708    3.4167    3.4214    3.7001    3.7053    4.8385    4.8400    5.2124    5.2158    6.3056    6.3069    6.7865    6.7873    7.4502    7.4507    7.6238    7.6247    8.0374    8.0418    8.1069    8.1101    8.3076    8.3182    8.4702    8.4982    8.6820    8.7330    9.0591    9.1697
  1.3884  -42.2113  -42.2113  -42.1934  -42.1934  -22.1059  -22.1057  -21.9182  -21.9180  -21.8930  -21.8919  -21.8554  -21.8547  -21.7610  -21.7602  -21.7085  -21.7075  -16.1398  -16.1397  -16.0369  -16.0363  -15.9256  -15.9256  -15.6032  -15.6031  -15.3833  -15.3823  -15.1695  -15.1695  -15.0961  -15.0959  -15.0736  -15.0736  -15.0648  -15.0636  -14.8682  -14.8673  -14.2464  -14.2460  -13.1623  -13.1612  -13.0098  -13.0096  -12.7076  -12.7071   -5.5700   -5.5699   -4.7770   -4.7770   -3.8396   -3.8388   -2.9096   -2.9090   -2.6061   -2.6039   -2.0861   -2.0784   -1.9842   -1.9809   -1.7598   -1.7533   -1.5586   -1.5554   -1.2371   -1.2298   -0.8130   -0.8130   -0.7720   -0.7708    3.4167    3.4214    3.7001    3.7053    4.8385    4.8400    5.2124    5.2158    6.3055    6.3068    6.7865    6.7873    7.4509    7.4517    7.6247    7.6257    8.0377    8.0441    8.1064    8.1106    8.3063    8.3140    8.4716    8.5443    8.6960    8.7600    9.0546    9.1488
  1.4450  -42.2145  -42.2080  -42.1937  -42.1931  -22.1050  -22.1035  -21.9310  -21.9253  -21.9021  -21.8710  -21.8571  -21.8441  -21.7633  -21.7610  -21.7144  -21.7020  -16.1522  -16.1262  -16.0366  -16.0358  -15.9383  -15.9123  -15.6086  -15.5976  -15.3857  -15.3797  -15.1750  -15.1629  -15.1025  -15.0903  -15.0755  -15.0720  -15.0665  -15.0632  -14.8696  -14.8674  -14.3670  -14.1242  -13.2325  -13.0916  -13.0181  -12.9953  -12.7149  -12.7008   -5.5934   -5.5516   -4.7937   -4.7826   -3.8374   -3.8070   -3.0912   -2.8017   -2.6432   -2.5039   -2.1435   -2.0222   -1.9899   -1.9847   -1.7806   -1.7189   -1.5716   -1.5288   -1.2467   -1.2296   -0.9049   -0.8881   -0.7144   -0.6661    3.2539    3.5533    3.7302    3.7428    4.7777    4.8161    5.2532    5.2842    6.2975    6.3083    6.7005    6.8577    7.3392    7.4767    7.6618    7.6850    7.9328    7.9882    8.1215    8.1558    8.2626    8.3774    8.4343    8.4830    8.6746    8.7843    9.0256    9.1820
  1.5016  -42.2177  -42.2049  -42.1940  -42.1928  -22.1015  -22.0982  -21.9617  -21.9331  -21.8943  -21.8652  -21.8575  -21.8174  -21.7692  -21.7638  -21.7215  -21.6963  -16.1631  -16.1117  -16.0356  -16.0344  -15.9503  -15.8986  -15.6140  -15.5919  -15.3886  -15.3764  -15.1791  -15.1556  -15.1094  -15.0860  -15.0777  -15.0708  -15.0700  -15.0634  -14.8726  -14.8687  -14.4828  -14.0052  -13.2999  -13.0423  -13.0023  -12.9770  -12.7224  -12.6961   -5.6206   -5.5421   -4.8367   -4.7967   -3.8078   -3.7484   -3.2689   -2.7794   -2.6663   -2.3625   -2.2185   -2.0376   -1.9729   -1.9604   -1.8076   -1.6261   -1.5611   -1.4971   -1.2670   -1.2351   -1.0309   -0.9648   -0.6271   -0.5641    3.0637    3.6754    3.8163    3.8246    4.7024    4.7319    5.3433    5.4284    6.2717    6.3103    6.6241    6.8864    7.2290    7.4209    7.7236    7.8115    7.8275    7.8936    8.0047    8.1432    8.2602    8.3339    8.4315    8.5282    8.6095    8.8465    9.0197    9.2611
  1.5583  -42.2206  -42.2020  -42.1942  -42.1926  -22.0958  -22.0899  -21.9918  -21.9393  -21.8860  -21.8644  -21.8574  -21.7910  -21.7782  -21.7652  -21.7290  -21.6909  -16.1725  -16.0970  -16.0337  -16.0323  -15.9614  -15.8847  -15.6194  -15.5858  -15.3913  -15.3726  -15.1815  -15.1481  -15.1165  -15.0852  -15.0802  -15.0744  -15.0695  -15.0643  -14.8765  -14.8715  -14.5897  -13.8935  -13.3617  -13.0349  -12.9560  -12.9440  -12.7282  -12.6939   -5.6516   -5.5450   -4.8996   -4.8032   -3.7604   -3.6995   -3.3825   -2.7828   -2.6891   -2.3101   -2.2869   -2.1053   -1.9597   -1.9062   -1.8229   -1.5275   -1.4704   -1.4529   -1.2953   -1.2409   -1.1549   -1.0336   -0.5411   -0.4747    2.8575    3.7843    3.9042    3.9722    4.6341    4.6663    5.4432    5.5882    6.2232    6.3145    6.5760    6.8527    7.1448    7.3315    7.6942    7.7879    7.8187    7.8431    7.9462    8.0742    8.2125    8.3702    8.3858    8.4789    8.6465    8.9336    9.0030    9.2307
  1.6149  -42.2233  -42.1994  -42.1944  -42.1923  -22.0888  -22.0793  -22.0188  -21.9433  -21.8792  -21.8649  -21.8566  -21.7898  -21.7850  -21.7501  -21.7365  -21.6859  -16.1802  -16.0826  -16.0311  -16.0298  -15.9716  -15.8712  -15.6246  -15.5791  -15.3940  -15.3680  -15.1821  -15.1410  -15.1236  -15.0935  -15.0829  -15.0749  -15.0685  -15.0657  -14.8807  -14.8754  -14.6838  -13.7937  -13.4162  -13.0298  -12.9333  -12.8858  -12.7310  -12.6946   -5.6873   -5.5612   -4.9715   -4.7931   -3.7185   -3.7024   -3.3748   -2.7874   -2.7175   -2.4062   -2.3442   -2.1496   -1.9699   -1.8335   -1.8066   -1.4807   -1.4577   -1.3505   -1.3041   -1.2439   -1.1720   -1.0829   -0.4604   -0.4000    2.6425    3.8069    4.0690    4.1541    4.5475    4.6809    5.5388    5.7276    6.1639    6.3162    6.5532    6.7684    7.0740    7.2220    7.5641    7.6672    7.6866    7.9009    7.9221    8.1157    8.2057    8.3258    8.3743    8.4321    8.7154    8.8035    9.0478    9.2099
  1.6716  -42.2256  -42.1972  -42.1944  -42.1921  -22.0815  -22.0682  -22.0406  -21.9443  -21.8756  -21.8661  -21.8544  -21.8025  -21.7928  -21.7440  -21.7261  -21.6815  -16.1864  -16.0696  -16.0277  -16.0269  -15.9809  -15.8584  -15.6295  -15.5720  -15.3964  -15.3621  -15.1811  -15.1350  -15.1307  -15.1099  -15.0856  -15.0738  -15.0678  -15.0672  -14.8848  -14.8799  -14.7612  -13.7097  -13.4620  -13.0220  -12.9101  -12.8362  -12.7297  -12.6981   -5.7274   -5.5869   -5.0414   -4.7668   -3.7699   -3.6356   -3.2919   -2.7925   -2.7657   -2.4793   -2.4669   -2.1939   -1.9912   -1.7797   -1.7452   -1.4917   -1.4427   -1.4240   -1.2897   -1.2650   -1.1492   -0.9059   -0.3884   -0.3408    2.4260    3.7744    4.2886    4.3102    4.5272    4.7283    5.6235    5.8142    6.1211    6.3000    6.5354    6.6659    6.9949    7.0988    7.3874    7.5216    7.6334    7.8373    7.9888    8.0976    8.2441    8.2858    8.3539    8.3789    8.5699    8.7769    9.0413    9.2380
  1.7282  -42.2274  -42.1959  -42.1940  -42.1919  -22.0751  -22.0678  -22.0464  -21.9420  -21.8757  -21.8682  -21.8508  -21.8148  -21.8030  -21.7495  -21.7056  -21.6779  -16.1911  -16.0589  -16.0238  -16.0238  -15.9892  -15.8472  -15.6338  -15.5648  -15.3984  -15.3546  -15.1786  -15.1378  -15.1375  -15.1253  -15.0883  -15.0727  -15.0687  -15.0675  -14.8884  -14.8845  -14.8190  -13.6441  -13.4983  -13.0128  -12.8879  -12.7967  -12.7250  -12.7040   -5.7691   -5.6156   -5.1011   -4.7317   -3.8028   -3.5581   -3.2040   -2.8456   -2.8263   -2.5698   -2.4970   -2.2522   -2.0095   -1.7675   -1.6624   -1.6041   -1.4309   -1.4234   -1.2876   -1.2596   -1.1694   -0.6515   -0.3285   -0.2971    2.2187    3.7271    4.3153    4.5358    4.6896    4.7842    5.6896    5.8317    6.1065    6.2423    6.5011    6.5648    6.9066    6.9575    7.2583    7.4302    7.6035    7.7878    8.0139    8.0462    8.1781    8.3318    8.4100    8.4272    8.5135    8.8199    9.1790    9.3747
  1.7849  -42.2288  -42.1956  -42.1931  -42.1918  -22.0790  -22.0702  -22.0364  -21.9370  -21.8789  -21.8712  -21.8468  -21.8251  -21.8128  -21.7536  -21.6902  -21.6751  -16.1943  -16.0512  -16.0207  -16.0195  -15.9965  -15.8384  -15.6372  -15.5582  -15.4000  -15.3456  -15.1750  -15.1628  -15.1438  -15.1234  -15.0906  -15.0718  -15.0699  -15.0677  -14.8912  -14.8886  -14.8566  -13.5980  -13.5246  -13.0045  -12.8687  -12.7663  -12.7202  -12.7109   -5.8063   -5.6408   -5.1457   -4.6976   -3.8105   -3.4654   -3.1442   -2.9326   -2.9301   -2.5929   -2.4640   -2.3168   -2.0265   -1.7751   -1.7132   -1.6003   -1.4213   -1.4125   -1.3004   -1.2492   -1.1609   -0.4286   -0.2840   -0.2674    2.0374    3.6841    4.2755    4.7859    4.8419    4.9139    5.7121    5.8072    6.0825    6.1476    6.4582    6.4735    6.8091    6.8226    7.2202    7.4241    7.5579    7.7412    7.9827    8.0001    8.1372    8.3396    8.3594    8.4789    8.5113    8.6992    9.3510    9.4230
  1.8415  -42.2297  -42.1955  -42.1924  -42.1917  -22.0870  -22.0673  -22.0274  -21.9314  -21.8828  -21.8747  -21.8430  -21.8323  -21.8197  -21.7561  -21.6806  -21.6734  -16.1962  -16.0467  -16.0183  -16.0148  -16.0029  -15.8326  -15.6393  -15.5535  -15.4009  -15.3368  -15.1859  -15.1714  -15.1489  -15.1212  -15.0922  -15.0708  -15.0706  -15.0684  -14.8930  -14.8922  -14.8761  -13.5709  -13.5404  -12.9989  -12.8551  -12.7433  -12.7200  -12.7169   -5.8323   -5.6577   -5.1730   -4.6733   -3.8037   -3.3544   -3.1294   -3.0760   -2.9791   -2.5665   -2.4089   -2.3772   -2.0504   -1.7919   -1.7869   -1.5664   -1.4098   -1.3967   -1.3226   -1.2412   -1.1426   -0.2738   -0.2587   -0.2465    1.9079    3.6551    4.2466    4.8546    5.0538    5.1129    5.6397    5.7702    6.0226    6.0854    6.4021    6.4440    6.6887    6.7633    7.2563    7.4661    7.4874    7.6972    7.9420    7.9676    8.1392    8.3219    8.3890    8.5019    8.5462    8.6525    9.2059    9.4220
  1.8981  -42.2299  -42.1955  -42.1921  -42.1917  -22.0897  -22.0663  -22.0240  -21.9288  -21.8846  -21.8764  -21.8407  -21.8357  -21.8222  -21.7569  -21.6774  -21.6728  -16.1969  -16.0453  -16.0174  -16.0113  -16.0070  -15.8307  -15.6400  -15.5518  -15.4013  -15.3328  -15.1954  -15.1696  -15.1512  -15.1204  -15.0927  -15.0709  -15.0701  -15.0690  -14.8941  -14.8936  -14.8816  -13.5620  -13.5457  -12.9969  -12.8501  -12.7279  -12.7274  -12.7194   -5.8416   -5.6637   -5.1821   -4.6645   -3.7987   -3.2422   -3.2023   -3.1352   -2.9887   -2.5453   -2.4077   -2.3788   -2.0674   -1.8116   -1.7998   -1.5567   -1.4050   -1.3847   -1.3362   -1.2382   -1.1344   -0.2519   -0.2436   -0.2114    1.8599    3.6450    4.2365    4.8658    5.1972    5.2030    5.5461    5.7463    5.9857    6.0764    6.3728    6.4505    6.6374    6.7423    7.2988    7.4346    7.4948    7.6760    7.9277    7.9561    8.1423    8.3150    8.3961    8.4761    8.5729    8.6684    9.2226    9.3779
  1.8981  -42.2299  -42.1955  -42.1921  -42.1917  -22.0897  -22.0663  -22.0240  -21.9288  -21.8846  -21.8764  -21.8407  -21.8357  -21.8222  -21.7569  -21.6774  -21.6728  -16.1969  -16.0453  -16.0174  -16.0113  -16.0070  -15.8307  -15.6400  -15.5518  -15.4013  -15.3328  -15.1954  -15.1696  -15.1512  -15.1204  -15.0927  -15.0709  -15.0701  -15.0690  -14.8941  -14.8936  -14.8816  -13.5620  -13.5457  -12.9969  -12.8501  -12.7279  -12.7274  -12.7194   -5.8416   -5.6637   -5.1821   -4.6645   -3.7987   -3.2422   -3.2023   -3.1352   -2.9887   -2.5453   -2.4077   -2.3788   -2.0674   -1.8116   -1.7998   -1.5567   -1.4050   -1.3847   -1.3362   -1.2382   -1.1344   -0.2519   -0.2436   -0.2114    1.8599    3.6450    4.2365    4.8658    5.1972    5.2030    5.5461    5.7463    5.9857    6.0763    6.3728    6.4505    6.6374    6.7423    7.2988    7.4346    7.4947    7.6732    7.9275    7.9559    8.1416    8.3149    8.3972    8.4736    8.5581    8.6543    9.1988    9.3443
  1.9537  -42.2298  -42.1955  -42.1923  -42.1917  -22.0884  -22.0669  -22.0257  -21.9302  -21.8837  -21.8755  -21.8419  -21.8340  -21.8210  -21.7565  -21.6789  -21.6731  -16.1961  -16.0451  -16.0181  -16.0118  -16.0071  -15.8340  -15.6398  -15.5506  -15.4006  -15.3345  -15.1886  -15.1707  -15.1498  -15.1209  -15.0924  -15.0709  -15.0701  -15.0688  -14.8939  -14.8914  -14.8788  -13.5641  -13.5467  -12.9973  -12.8559  -12.7442  -12.7190  -12.7181   -5.8346   -5.6519   -5.1771   -4.6731   -3.7948   -3.2665   -3.1618   -3.1363   -2.9901   -2.5549   -2.3873   -2.3725   -2.0531   -1.8213   -1.7896   -1.5643   -1.4158   -1.3884   -1.3280   -1.2397   -1.1401   -0.3017   -0.2528   -0.2322    1.9170    3.6434    4.2351    4.8609    5.1087    5.1459    5.5997    5.7713    6.0326    6.1005    6.4104    6.4372    6.6484    6.7522    7.2238    7.4665    7.4931    7.7027    7.9136    7.9711    8.1536    8.3123    8.3505    8.4950    8.5085    8.6645    9.3382    9.4289
  2.0093  -42.2294  -42.1955  -42.1926  -42.1918  -22.0843  -22.0685  -22.0304  -21.9335  -21.8812  -21.8734  -21.8443  -21.8301  -21.8176  -21.7553  -21.6836  -21.6740  -16.1937  -16.0447  -16.0203  -16.0131  -16.0076  -15.8433  -15.6391  -15.5476  -15.3988  -15.3387  -15.1735  -15.1703  -15.1464  -15.1222  -15.0914  -15.0709  -15.0699  -15.0685  -14.8946  -14.8863  -14.8667  -13.5712  -13.5497  -12.9984  -12.8710  -12.7655  -12.7186  -12.7176   -5.8152   -5.6179   -5.1630   -4.6977   -3.7825   -3.2921   -3.1364   -3.0931   -2.9981   -2.5697   -2.3497   -2.3382   -2.0144   -1.8369   -1.7751   -1.5820   -1.4418   -1.3981   -1.3097   -1.2442   -1.1541   -0.4695   -0.2757   -0.2599    2.0684    3.6385    4.2276    4.8357    4.9432    5.0206    5.6743    5.8167    6.1557    6.1872    6.4046    6.4923    6.6694    6.7827    7.0961    7.4074    7.5703    7.7665    7.8797    8.0070    8.1893    8.2753    8.2896    8.4258    8.5039    8.7375    9.3336    9.4349
  2.0649  -42.2287  -42.1956  -42.1932  -42.1918  -22.0777  -22.0712  -22.0371  -21.9377  -21.8782  -21.8710  -21.8469  -21.8247  -21.8122  -21.7534  -21.6912  -21.6753  -16.1898  -16.0442  -16.0236  -16.0155  -16.0079  -15.8567  -15.6380  -15.5441  -15.3960  -15.3440  -15.1768  -15.1464  -15.1420  -15.1244  -15.0900  -15.0708  -15.0695  -15.0683  -14.8956  -14.8817  -14.8396  -13.5854  -13.5554  -12.9994  -12.8898  -12.7891  -12.7257  -12.7209   -5.7874   -5.5661   -5.1426   -4.7343   -3.7603   -3.3148   -3.1364   -3.0139   -3.0104   -2.5726   -2.3073   -2.2722   -1.9603   -1.8621   -1.7567   -1.5998   -1.4651   -1.4127   -1.2942   -1.2515   -1.1665   -0.7066   -0.3252   -0.2869    2.2751    3.6308    4.2045    4.7045    4.8556    4.8893    5.7250    5.8573    6.2800    6.3292    6.3977    6.5691    6.6797    6.8091    6.9817    7.3411    7.6112    7.8248    7.8345    8.0358    8.2102    8.2425    8.2760    8.4320    8.5013    8.9737    9.2879    9.5297
  2.1204  -42.2278  -42.1958  -42.1938  -42.1919  -22.0747  -22.0693  -22.0445  -21.9416  -21.8758  -21.8689  -21.8497  -21.8178  -21.8055  -21.7507  -21.7016  -21.6772  -16.1846  -16.0442  -16.0272  -16.0194  -16.0071  -15.8726  -15.6364  -15.5411  -15.3925  -15.3496  -15.1801  -15.1372  -15.1277  -15.1228  -15.0883  -15.0704  -15.0689  -15.0683  -14.8963  -14.8771  -14.7953  -13.6095  -13.5639  -12.9991  -12.9074  -12.8141  -12.7397  -12.7276   -5.7564   -5.5033   -5.1208   -4.7782   -3.7252   -3.3432   -3.1541   -3.0027   -2.9305   -2.5569   -2.2535   -2.1928   -1.9316   -1.8728   -1.7243   -1.6088   -1.4669   -1.4319   -1.2976   -1.2614   -1.1631   -0.9710   -0.3928   -0.3208    2.5043    3.6210    4.1546    4.5149    4.7887    4.8242    5.7543    5.8817    6.2377    6.4659    6.5567    6.6138    6.6613    6.7559    6.9825    7.2736    7.5746    7.7680    7.8183    8.0947    8.2133    8.2947    8.3431    8.4698    8.5462    8.9664    9.2330    9.4642
  2.1760  -42.2266  -42.1964  -42.1943  -42.1920  -22.0790  -22.0635  -22.0473  -21.9444  -21.8748  -21.8672  -21.8524  -21.8096  -21.7984  -21.7472  -21.7145  -21.6795  -16.1782  -16.0460  -16.0297  -16.0249  -16.0047  -15.8893  -15.6342  -15.5392  -15.3888  -15.3552  -15.1831  -15.1323  -15.1315  -15.1040  -15.0867  -15.0697  -15.0693  -15.0678  -14.8963  -14.8724  -14.7334  -13.6450  -13.5748  -12.9970  -12.9201  -12.8413  -12.7558  -12.7380   -5.7260   -5.4391   -5.1042   -4.8249   -3.6772   -3.3804   -3.1915   -2.9615   -2.8503   -2.5243   -2.2071   -2.1009   -1.9900   -1.8032   -1.6686   -1.6114   -1.4550   -1.4415   -1.3375   -1.2733   -1.2174   -1.1322   -0.4728   -0.3630    2.7340    3.6109    4.0774    4.3344    4.7322    4.7984    5.7575    5.8787    6.1337    6.3794    6.6014    6.6655    6.7478    6.8317    7.0151    7.2051    7.4585    7.6920    7.7939    8.1920    8.2845    8.3420    8.3624    8.5142    8.5828    8.8626    9.1484    9.3438
  2.2316  -42.2252  -42.1975  -42.1944  -42.1921  -22.0836  -22.0681  -22.0374  -21.9459  -21.8756  -21.8661  -21.8546  -21.8008  -21.7916  -21.7431  -21.7295  -21.6822  -16.1705  -16.0505  -16.0318  -16.0300  -16.0006  -15.9061  -15.6314  -15.5387  -15.3851  -15.3605  -15.1857  -15.1363  -15.1273  -15.0902  -15.0853  -15.0704  -15.0685  -15.0675  -14.8953  -14.8678  -14.6569  -13.6919  -13.5861  -12.9957  -12.9267  -12.8697  -12.7707  -12.7507   -5.6980   -5.3838   -5.0985   -4.8714   -3.6277   -3.4205   -3.2157   -2.9022   -2.7817   -2.4819   -2.1996   -2.0342   -2.0020   -1.7226   -1.6744   -1.5859   -1.4812   -1.4335   -1.3948   -1.3042   -1.2851   -1.0987   -0.5613   -0.4130    2.9492    3.6031    3.9911    4.1756    4.7105    4.7785    5.7278    5.8379    5.9976    6.1328    6.5038    6.7269    6.8472    6.9723    7.0151    7.2104    7.3593    7.6300    7.8230    8.2191    8.3741    8.3885    8.4045    8.5125    8.6504    8.8912    9.0770    9.1803
  2.2871  -42.2236  -42.1990  -42.1944  -42.1923  -22.0884  -22.0757  -22.0218  -21.9459  -21.8785  -21.8653  -21.8561  -21.7920  -21.7861  -21.7466  -21.7375  -21.6853  -16.1615  -16.0568  -16.0393  -16.0289  -15.9953  -15.9224  -15.6278  -15.5398  -15.3819  -15.3656  -15.1878  -15.1419  -15.1223  -15.0845  -15.0808  -15.0716  -15.0679  -15.0666  -14.8929  -14.8637  -14.5709  -13.7478  -13.5940  -13.0061  -12.9277  -12.8904  -12.7830  -12.7631   -5.6721   -5.3458   -5.1059   -4.9181   -3.6043   -3.4538   -3.1871   -2.8395   -2.7304   -2.4404   -2.2498   -2.0240   -1.9689   -1.7938   -1.6459   -1.5055   -1.4797   -1.4162   -1.3435   -1.3274   -1.2857   -1.0567   -0.6540   -0.4692    3.1376    3.6014    3.9214    4.0462    4.7051    4.7664    5.6600    5.7471    5.8342    5.8386    6.3828    6.7847    6.7875    6.8464    7.1516    7.3748    7.3770    7.5936    7.8987    8.1749    8.3898    8.4807    8.4891    8.5362    8.6476    8.9465    9.0563    9.2434
  2.3427  -42.2219  -42.2007  -42.1943  -42.1924  -22.0929  -22.0831  -22.0037  -21.9444  -21.8831  -21.8649  -21.8570  -21.7853  -21.7833  -21.7610  -21.7326  -21.6886  -16.1512  -16.0638  -16.0470  -16.0279  -15.9893  -15.9376  -15.6230  -15.5424  -15.3795  -15.3702  -15.1891  -15.1481  -15.1174  -15.0841  -15.0769  -15.0711  -15.0685  -15.0645  -14.8893  -14.8605  -14.4814  -13.8095  -13.5940  -13.0401  -12.9257  -12.8939  -12.7926  -12.7728   -5.6461   -5.3281   -5.1243   -4.9680   -3.6178   -3.4741   -3.0945   -2.7830   -2.6968   -2.4157   -2.3168   -2.1343   -1.9852   -1.7161   -1.5792   -1.5290   -1.3726   -1.3597   -1.3235   -1.3208   -1.2326   -1.0106   -0.7461   -0.5296    3.2886    3.6098    3.8893    3.9537    4.6997    4.7621    5.4760    5.5859    5.6057    5.6644    6.2625    6.6735    6.7069    6.8461    7.1854    7.5045    7.5823    7.6056    7.9394    8.1623    8.3320    8.5197    8.5514    8.5956    8.6450    8.9227    9.0427    9.3907
  2.3983  -42.2199  -42.2026  -42.1941  -42.1926  -22.0969  -22.0897  -21.9839  -21.9415  -21.8889  -21.8648  -21.8573  -21.7957  -21.7762  -21.7659  -21.7274  -21.6922  -16.1396  -16.0704  -16.0543  -16.0285  -15.9834  -15.9506  -15.6168  -15.5467  -15.3780  -15.3740  -15.1896  -15.1548  -15.1125  -15.0839  -15.0786  -15.0713  -15.0658  -15.0622  -14.8846  -14.8583  -14.3940  -13.8735  -13.5812  -13.0929  -12.9231  -12.8887  -12.7979  -12.7779   -5.6176   -5.3284   -5.1490   -5.0238   -3.6456   -3.4847   -2.9686   -2.7378   -2.6778   -2.4461   -2.3738   -2.2626   -1.9327   -1.6163   -1.5484   -1.5249   -1.3640   -1.3364   -1.2538   -1.2252   -1.1553   -0.9630   -0.8294   -0.5915    3.4012    3.6303    3.9002    3.9065    4.6808    4.7611    5.1551    5.3732    5.4870    5.4970    6.1603    6.5027    6.6643    6.8995    7.1776    7.5814    7.7252    7.7673    7.8726    8.2079    8.2627    8.5080    8.6027    8.6504    8.6778    8.8659    9.1367    9.4175
  2.4539  -42.2179  -42.2047  -42.1940  -42.1928  -22.1002  -22.0951  -21.9628  -21.9373  -21.8952  -21.8654  -21.8575  -21.8145  -21.7702  -21.7645  -21.7222  -21.6960  -16.1268  -16.0764  -16.0603  -16.0324  -15.9783  -15.9604  -15.6092  -15.5528  -15.3777  -15.3767  -15.1890  -15.1616  -15.1076  -15.0836  -15.0816  -15.0735  -15.0621  -15.0599  -14.8793  -14.8575  -14.3131  -13.9371  -13.5521  -13.1566  -12.9212  -12.8869  -12.7965  -12.7784   -5.5842   -5.3423   -5.1741   -5.0836   -3.6664   -3.4977   -2.8462   -2.7035   -2.6722   -2.5386   -2.4101   -2.2946   -1.8686   -1.5771   -1.5344   -1.4841   -1.3841   -1.3122   -1.1802   -1.1161   -1.0793   -0.9256   -0.8800   -0.6518    3.4949    3.6628    3.9114    3.9339    4.6324    4.7130    4.8875    5.1741    5.3275    5.3701    6.0829    6.3463    6.6646    6.9275    7.1854    7.6339    7.7630    7.8745    7.9071    8.2202    8.2213    8.5023    8.6508    8.6697    8.7537    8.9253    9.1918    9.4417
  2.5094  -42.2157  -42.2068  -42.1938  -42.1930  -22.1025  -22.0992  -21.9414  -21.9322  -21.9015  -21.8676  -21.8574  -21.8343  -21.7656  -21.7624  -21.7172  -21.6999  -16.1136  -16.0814  -16.0643  -16.0402  -15.9744  -15.9662  -15.6003  -15.5606  -15.3789  -15.3774  -15.1871  -15.1683  -15.1028  -15.0852  -15.0830  -15.0760  -15.0593  -15.0580  -14.8737  -14.8582  -14.2409  -13.9988  -13.5059  -13.2268  -12.9192  -12.8921  -12.7895  -12.7764   -5.5445   -5.3675   -5.1946   -5.1394   -3.6695   -3.5253   -2.7611   -2.6841   -2.6735   -2.6020   -2.4173   -2.3054   -1.7943   -1.5895   -1.4986   -1.4552   -1.4073   -1.3113   -1.1171   -1.0455   -1.0018   -0.9232   -0.8582   -0.7070    3.5991    3.7080    3.9532    3.9718    4.4670    4.5315    4.8503    5.0498    5.1711    5.2559    6.0347    6.2132    6.6978    6.9130    7.2363    7.6458    7.6965    7.9598    7.9705    8.1746    8.2450    8.5230    8.6416    8.6906    8.7514    8.8232    9.0565    9.2963
  2.5650  -42.2135  -42.2090  -42.1936  -42.1932  -22.1036  -22.1020  -21.9265  -21.9231  -21.9045  -21.8754  -21.8568  -21.8492  -21.7627  -21.7611  -21.7126  -21.7039  -16.1012  -16.0860  -16.0648  -16.0506  -15.9719  -15.9690  -15.5903  -15.5698  -15.3795  -15.3781  -15.1841  -15.1744  -15.0980  -15.0891  -15.0820  -15.0784  -15.0577  -15.0568  -14.8684  -14.8603  -14.1763  -14.0582  -13.4453  -13.3008  -12.9155  -12.9008  -12.7815  -12.7749   -5.4987   -5.4041   -5.2056   -5.1810   -3.6516   -3.5683   -2.7267   -2.7043   -2.6463   -2.6223   -2.3936   -2.3241   -1.7164   -1.6100   -1.4749   -1.4376   -1.4238   -1.3497   -1.0646   -1.0195   -0.9377   -0.9096   -0.8240   -0.7537    3.7270    3.7645    3.9447    4.0784    4.2021    4.3814    4.8847    5.0194    5.0476    5.1524    6.0210    6.1110    6.7506    6.8685    7.3200    7.5300    7.7713    7.9292    8.0323    8.1122    8.3231    8.4941    8.6787    8.7008    8.8145    8.9290    9.2069    9.5243
  2.6206  -42.2113  -42.2112  -42.1934  -42.1934  -22.1036  -22.1034  -21.9212  -21.9211  -21.8922  -21.8913  -21.8555  -21.8547  -21.7616  -21.7607  -21.7087  -21.7076  -16.0921  -16.0916  -16.0600  -16.0600  -15.9704  -15.9702  -15.5800  -15.5799  -15.3795  -15.3785  -15.1799  -15.1797  -15.0936  -15.0933  -15.0806  -15.0803  -15.0571  -15.0563  -14.8641  -14.8636  -14.1169  -14.1163  -13.3755  -13.3748  -12.9094  -12.9092  -12.7765  -12.7760   -5.4501   -5.4497   -5.2027   -5.2025   -3.6156   -3.6142   -2.7173   -2.7141   -2.6319   -2.6309   -2.3612   -2.3505   -1.6513   -1.6495   -1.4550   -1.4546   -1.3963   -1.3957   -1.0316   -1.0255   -0.9079   -0.9059   -0.7940   -0.7888    3.8059    3.8078    3.9938    3.9953    4.2209    4.2218    4.9459    4.9472    5.0687    5.0721    6.0456    6.0465    6.8108    6.8110    7.4195    7.4211    7.8514    7.8560    8.0621    8.0697    8.4094    8.4161    8.6893    8.7353    8.7910    8.8620    9.2431    9.4377
  2.6206  -42.2113  -42.2112  -42.1934  -42.1934  -22.1036  -22.1034  -21.9212  -21.9211  -21.8922  -21.8913  -21.8555  -21.8547  -21.7616  -21.7607  -21.7087  -21.7076  -16.0921  -16.0916  -16.0600  -16.0600  -15.9704  -15.9702  -15.5800  -15.5799  -15.3795  -15.3785  -15.1799  -15.1797  -15.0936  -15.0933  -15.0806  -15.0803  -15.0571  -15.0563  -14.8641  -14.8636  -14.1169  -14.1163  -13.3755  -13.3748  -12.9094  -12.9092  -12.7765  -12.7760   -5.4501   -5.4497   -5.2027   -5.2025   -3.6156   -3.6142   -2.7173   -2.7141   -2.6319   -2.6309   -2.3612   -2.3505   -1.6513   -1.6495   -1.4550   -1.4546   -1.3963   -1.3957   -1.0316   -1.0255   -0.9079   -0.9059   -0.7940   -0.7888    3.8059    3.8078    3.9938    3.9953    4.2209    4.2218    4.9459    4.9472    5.0687    5.0720    6.0456    6.0465    6.8108    6.8110    7.4195    7.4212    7.8535    7.8560    8.0619    8.0677    8.4094    8.4182    8.6917    8.7201    8.7743    8.8444    9.2290    9.4233
  2.6833  -42.2111  -42.2110  -42.1936  -42.1936  -22.1005  -22.1003  -21.9203  -21.9202  -21.8938  -21.8929  -21.8562  -21.8554  -21.7621  -21.7613  -21.7101  -21.7090  -16.0931  -16.0926  -16.0587  -16.0586  -15.9709  -15.9707  -15.5797  -15.5797  -15.3778  -15.3768  -15.1794  -15.1793  -15.0951  -15.0948  -15.0813  -15.0810  -15.0578  -15.0569  -14.8648  -14.8643  -14.1128  -14.1122  -13.3755  -13.3747  -12.9113  -12.9110  -12.7784  -12.7779   -5.4461   -5.4456   -5.1960   -5.1958   -3.6091   -3.6078   -2.7263   -2.7242   -2.6232   -2.6220   -2.3575   -2.3474   -1.6480   -1.6464   -1.4601   -1.4594   -1.3992   -1.3981   -1.0457   -1.0409   -0.9166   -0.9140   -0.8121   -0.8072    3.8090    3.8111    3.9799    3.9820    4.2654    4.2682    4.9430    4.9446    5.1205    5.1224    6.0596    6.0604    6.7327    6.7333    7.4781    7.4794    7.8182    7.8224    8.0483    8.0566    8.4158    8.4191    8.6716    8.6800    8.7753    8.8695    9.1747    9.2838
  2.7461  -42.2104  -42.2104  -42.1943  -42.1943  -22.0917  -22.0915  -21.9177  -21.9176  -21.8986  -21.8978  -21.8582  -21.8574  -21.7636  -21.7627  -21.7141  -21.7129  -16.0956  -16.0952  -16.0551  -16.0549  -15.9723  -15.9721  -15.5791  -15.5790  -15.3728  -15.3718  -15.1783  -15.1782  -15.1000  -15.0997  -15.0830  -15.0826  -15.0592  -15.0582  -14.8667  -14.8662  -14.1014  -14.1008  -13.3757  -13.3748  -12.9159  -12.9157  -12.7839  -12.7834   -5.4348   -5.4342   -5.1774   -5.1773   -3.5894   -3.5882   -2.7475   -2.7469   -2.6077   -2.6056   -2.3437   -2.3352   -1.6395   -1.6383   -1.4786   -1.4774   -1.4026   -1.4009   -1.0897   -1.0874   -0.9399   -0.9361   -0.8588   -0.8551    3.8184    3.8207    3.9609    3.9626    4.3732    4.3767    4.9545    4.9566    5.2485    5.2493    6.0963    6.0970    6.5714    6.5728    7.5504    7.5511    7.7787    7.7797    7.9909    7.9977    8.4317    8.4350    8.5834    8.5971    8.7979    8.8204    9.1047    9.2141
  2.8088  -42.2094  -42.2093  -42.1954  -42.1953  -22.0775  -22.0773  -21.9149  -21.9142  -21.9064  -21.9053  -21.8614  -21.8607  -21.7658  -21.7649  -21.7196  -21.7182  -16.0986  -16.0982  -16.0503  -16.0500  -15.9745  -15.9743  -15.5783  -15.5782  -15.3647  -15.3639  -15.1772  -15.1772  -15.1083  -15.1081  -15.0852  -15.0848  -15.0603  -15.0593  -14.8693  -14.8688  -14.0848  -14.0841  -13.3767  -13.3757  -12.9211  -12.9208  -12.7931  -12.7927   -5.4180   -5.4173   -5.1508   -5.1506   -3.5556   -3.5545   -2.7799   -2.7788   -2.5943   -2.5915   -2.3149   -2.3089   -1.6338   -1.6336   -1.5121   -1.5104   -1.3978   -1.3957   -1.1591   -1.1587   -0.9720   -0.9679   -0.9197   -0.9174    3.8341    3.8365    3.9528    3.9538    4.5087    4.5120    4.9932    4.9944    5.4201    5.4212    6.1294    6.1298    6.4277    6.4300    7.4889    7.4955    7.7852    7.7870    7.9333    7.9393    8.4039    8.4537    8.5273    8.5923    8.8175    8.9331    9.0547    9.2829
  2.8716  -42.2080  -42.2079  -42.1968  -42.1967  -22.0588  -22.0587  -21.9221  -21.9214  -21.9065  -21.9055  -21.8658  -21.8651  -21.7684  -21.7675  -21.7255  -21.7237  -16.1014  -16.1010  -16.0454  -16.0450  -15.9771  -15.9769  -15.5776  -15.5774  -15.3544  -15.3538  -15.1774  -15.1773  -15.1182  -15.1181  -15.0873  -15.0869  -15.0610  -15.0600  -14.8719  -14.8715  -14.0660  -14.0652  -13.3791  -13.3778  -12.9243  -12.9238  -12.8053  -12.8048   -5.3989   -5.3981   -5.1218   -5.1213   -3.5075   -3.5066   -2.8286   -2.8269   -2.5798   -2.5772   -2.2697   -2.2667   -1.6657   -1.6633   -1.5327   -1.5312   -1.3849   -1.3830   -1.2310   -1.2301   -1.0103   -1.0074   -0.9839   -0.9827    3.8556    3.8577    3.9535    3.9541    4.6472    4.6495    5.0551    5.0556    5.5938    5.5951    6.1052    6.1057    6.3975    6.3999    7.3645    7.3658    7.6518    7.6528    8.0115    8.0146    8.2819    8.2905    8.4993    8.5207    8.7706    8.7994    9.0789    9.1845
  2.9344  -42.2064  -42.2063  -42.1984  -42.1983  -22.0370  -22.0368  -21.9385  -21.9381  -21.9001  -21.8993  -21.8712  -21.8706  -21.7709  -21.7701  -21.7304  -21.7284  -16.1036  -16.1032  -16.0410  -16.0405  -15.9797  -15.9794  -15.5771  -15.5768  -15.3435  -15.3431  -15.1799  -15.1797  -15.1268  -15.1264  -15.0893  -15.0888  -15.0612  -15.0603  -14.8742  -14.8737  -14.0486  -14.0478  -13.3824  -13.3809  -12.9242  -12.9235  -12.8186  -12.8181   -5.3812   -5.3803   -5.0963   -5.0955   -3.4484   -3.4477   -2.8936   -2.8918   -2.5609   -2.5589   -2.2114   -2.2108   -1.7517   -1.7483   -1.5179   -1.5172   -1.3799   -1.3788   -1.2674   -1.2650   -1.0655   -1.0647   -1.0331   -1.0320    3.8801    3.8816    3.9565    3.9569    4.7729    4.7741    5.1132    5.1152    5.7127    5.7143    6.0745    6.0755    6.4685    6.4702    7.2313    7.2321    7.5025    7.5042    8.0985    8.1038    8.1666    8.1901    8.4594    8.4718    8.7202    8.8645    8.9824    9.3573
  2.9971  -42.2047  -42.2045  -42.2002  -42.2001  -22.0142  -22.0139  -21.9582  -21.9576  -21.8931  -21.8921  -21.8775  -21.8769  -21.7727  -21.7719  -21.7336  -21.7314  -16.1050  -16.1046  -16.0380  -16.0374  -15.9817  -15.9813  -15.5768  -15.5765  -15.3348  -15.3344  -15.1840  -15.1836  -15.1317  -15.1312  -15.0906  -15.0902  -15.0613  -15.0604  -14.8756  -14.8752  -14.0363  -14.0355  -13.3855  -13.3837  -12.9219  -12.9209  -12.8299  -12.8292   -5.3686   -5.3677   -5.0790   -5.0781   -3.3905   -3.3901   -2.9586   -2.9569   -2.5431   -2.5413   -2.1493   -2.1463   -1.8497   -1.8468   -1.4946   -1.4934   -1.3962   -1.3959   -1.2471   -1.2441   -1.1330   -1.1315   -1.0629   -1.0611    3.9016    3.9026    3.9570    3.9574    4.8774    4.8810    5.1228    5.1249    5.7981    5.8004    6.0385    6.0398    6.6113    6.6124    7.0540    7.0551    7.4445    7.4480    8.0343    8.0411    8.2010    8.2079    8.4068    8.4399    8.6944    8.8002    8.8871    9.2522
  3.0599  -42.2035  -42.2031  -42.2016  -42.2012  -21.9995  -21.9988  -21.9722  -21.9712  -21.8880  -21.8857  -21.8834  -21.8819  -21.7734  -21.7726  -21.7347  -21.7324  -16.1055  -16.1051  -16.0369  -16.0363  -15.9824  -15.9821  -15.5767  -15.5764  -15.3313  -15.3310  -15.1860  -15.1856  -15.1332  -15.1326  -15.0911  -15.0907  -15.0613  -15.0605  -14.8761  -14.8757  -14.0319  -14.0311  -13.3867  -13.3849  -12.9205  -12.9193  -12.8345  -12.8337   -5.3641   -5.3631   -5.0729   -5.0719   -3.3634   -3.3631   -2.9889   -2.9871   -2.5357   -2.5339   -2.1132   -2.1082   -1.9014   -1.8987   -1.4834   -1.4812   -1.4073   -1.4065   -1.1976   -1.1952   -1.1952   -1.1927   -1.0741   -1.0718    3.9110    3.9118    3.9560    3.9564    4.9303    4.9366    5.1027    5.1040    5.8750    5.8786    5.9742    5.9764    6.7732    6.7751    6.8773    6.8801    7.4496    7.4542    7.9900    7.9976    8.2382    8.2556    8.3825    8.3956    8.6929    8.7678    8.8761    8.9767
  3.0599  -42.2035  -42.2031  -42.2016  -42.2012  -21.9995  -21.9988  -21.9722  -21.9712  -21.8880  -21.8857  -21.8834  -21.8819  -21.7734  -21.7726  -21.7347  -21.7324  -16.1055  -16.1051  -16.0369  -16.0363  -15.9824  -15.9821  -15.5767  -15.5764  -15.3313  -15.3310  -15.1860  -15.1856  -15.1332  -15.1326  -15.0911  -15.0907  -15.0613  -15.0605  -14.8761  -14.8757  -14.0319  -14.0311  -13.3867  -13.3849  -12.9205  -12.9193  -12.8345  -12.8337   -5.3641   -5.3631   -5.0729   -5.0719   -3.3634   -3.3631   -2.9889   -2.9871   -2.5357   -2.5339   -2.1132   -2.1082   -1.9014   -1.8987   -1.4834   -1.4812   -1.4073   -1.4065   -1.1976   -1.1952   -1.1952   -1.1927   -1.0741   -1.0718    3.9110    3.9118    3.9560    3.9564    4.9303    4.9366    5.1027    5.1040    5.8750    5.8786    5.9742    5.9764    6.7732    6.7751    6.8773    6.8801    7.4498    7.4547    7.9918    8.0114    8.2388    8.2648    8.3802    8.4111    8.7062    8.8335    9.0913    9.4163
  3.1154  -42.2047  -42.2036  -42.2011  -42.2000  -22.0007  -22.0001  -21.9710  -21.9701  -21.8888  -21.8874  -21.8810  -21.8802  -21.7758  -21.7750  -21.7329  -21.7308  -16.1057  -16.1054  -16.0359  -16.0353  -15.9831  -15.9827  -15.5759  -15.5756  -15.3312  -15.3309  -15.1865  -15.1861  -15.1332  -15.1326  -15.0913  -15.0908  -15.0613  -15.0605  -14.8763  -14.8759  -14.0355  -14.0346  -13.3862  -13.3844  -12.9264  -12.9254  -12.8245  -12.8238   -5.3653   -5.3644   -5.0640   -5.0631   -3.3658   -3.3655   -2.9696   -2.9678   -2.5537   -2.5520   -2.1421   -2.1381   -1.8735   -1.8707   -1.4970   -1.4952   -1.4267   -1.4255   -1.2427   -1.2409   -1.1578   -1.1568   -1.0575   -1.0550    3.8557    3.8562    4.0136    4.0142    4.9008    4.9058    5.1420    5.1440    5.8622    5.8653    6.0301    6.0323    6.7816    6.7836    6.8875    6.8903    7.4548    7.4601    7.9814    7.9988    8.1798    8.1987    8.4252    8.4514    8.7774    8.8690    9.0401    9.1799
  3.1710  -42.2062  -42.2050  -42.1997  -42.1985  -22.0037  -22.0031  -21.9683  -21.9677  -21.8899  -21.8888  -21.8771  -21.8765  -21.7820  -21.7811  -21.7286  -21.7268  -16.1066  -16.1062  -16.0329  -16.0324  -15.9850  -15.9847  -15.5736  -15.5733  -15.3309  -15.3306  -15.1877  -15.1873  -15.1333  -15.1327  -15.0917  -15.0912  -15.0613  -15.0604  -14.8769  -14.8765  -14.0468  -14.0460  -13.3836  -13.3818  -12.9361  -12.9351  -12.8031  -12.8024   -5.3680   -5.3671   -5.0397   -5.0390   -3.3724   -3.3718   -2.9165   -2.9148   -2.6046   -2.6030   -2.2010   -2.1984   -1.8222   -1.8190   -1.5479   -1.5467   -1.4583   -1.4568   -1.2800   -1.2783   -1.1338   -1.1325   -1.0280   -1.0255    3.7849    3.7855    4.0924    4.0931    4.8514    4.8546    5.2206    5.2232    5.8637    5.8663    6.1470    6.1490    6.8088    6.8109    6.9168    6.9193    7.4671    7.4691    7.9454    7.9498    8.0864    8.0913    8.5026    8.5223    8.8390    8.8947    8.9884    9.4419
  3.2266  -42.2077  -42.2065  -42.1982  -42.1970  -22.0073  -22.0068  -21.9654  -21.9651  -21.8901  -21.8892  -21.8727  -21.8719  -21.7900  -21.7890  -21.7237  -21.7222  -16.1078  -16.1075  -16.0284  -16.0279  -15.9877  -15.9873  -15.5703  -15.5700  -15.3304  -15.3301  -15.1896  -15.1892  -15.1336  -15.1331  -15.0921  -15.0917  -15.0614  -15.0606  -14.8778  -14.8774  -14.0674  -14.0667  -13.3761  -13.3744  -12.9401  -12.9392  -12.7804  -12.7797   -5.3698   -5.3691   -5.0061   -5.0055   -3.3837   -3.3827   -2.8446   -2.8429   -2.6769   -2.6755   -2.2602   -2.2590   -1.7910   -1.7876   -1.6162   -1.6149   -1.4856   -1.4845   -1.2872   -1.2860   -1.1296   -1.1280   -1.0063   -1.0042    3.7170    3.7176    4.1772    4.1779    4.8122    4.8138    5.3092    5.3119    5.8899    5.8919    6.2838    6.2856    6.8584    6.8605    6.9629    6.9651    7.4839    7.4877    7.8786    7.8821    8.0205    8.0912    8.5795    8.6587    8.8895    8.9719    9.1049    9.5557
  3.2822  -42.2092  -42.2080  -42.1967  -42.1955  -22.0108  -22.0102  -21.9631  -21.9631  -21.8897  -21.8888  -21.8679  -21.8668  -21.7986  -21.7972  -21.7191  -21.7178  -16.1092  -16.1090  -16.0232  -16.0228  -15.9901  -15.9898  -15.5667  -15.5664  -15.3298  -15.3294  -15.1920  -15.1916  -15.1341  -15.1336  -15.0925  -15.0922  -15.0618  -15.0609  -14.8791  -14.8787  -14.0985  -14.0977  -13.3603  -13.3588  -12.9354  -12.9345  -12.7613  -12.7606   -5.3699   -5.3692   -4.9703   -4.9698   -3.4056   -3.4043   -2.8045   -2.8035   -2.7253   -2.7236   -2.2997   -2.2993   -1.8153   -1.8125   -1.6634   -1.6621   -1.4933   -1.4921   -1.2705   -1.2693   -1.1426   -1.1405   -0.9981   -0.9968    3.6549    3.6558    4.2667    4.2674    4.7912    4.7923    5.4018    5.4043    5.9289    5.9304    6.4072    6.4086    6.9265    6.9280    7.0301    7.0318    7.4971    7.4976    7.7784    7.7790    8.0188    8.0445    8.6061    8.6159    8.9437    8.9584    9.0651    9.2199
  3.3377  -42.2106  -42.2093  -42.1954  -42.1941  -22.0136  -22.0130  -21.9619  -21.9617  -21.8892  -21.8883  -21.8626  -21.8612  -21.8066  -21.8048  -21.7153  -21.7143  -16.1106  -16.1104  -16.0195  -16.0193  -15.9901  -15.9898  -15.5633  -15.5631  -15.3291  -15.3287  -15.1948  -15.1944  -15.1348  -15.1344  -15.0925  -15.0922  -15.0627  -15.0617  -14.8807  -14.8801  -14.1394  -14.1386  -13.3340  -13.3326  -12.9228  -12.9218  -12.7472  -12.7465   -5.3688   -5.3682   -4.9393   -4.9388   -3.4483   -3.4467   -2.8643   -2.8640   -2.6910   -2.6891   -2.2977   -2.2971   -1.8747   -1.8727   -1.6916   -1.6903   -1.4805   -1.4790   -1.2549   -1.2535   -1.1508   -1.1486   -1.0012   -1.0003    3.6002    3.6016    4.3587    4.3593    4.7899    4.7918    5.4984    5.5008    5.9674    5.9685    6.4872    6.4883    6.9843    6.9856    7.1331    7.1349    7.4897    7.4912    7.6894    7.6907    8.0676    8.1048    8.6091    8.6735    8.9237    8.9783    9.1498    9.2817
  3.3933  -42.2118  -42.2106  -42.1941  -42.1929  -22.0156  -22.0149  -21.9617  -21.9612  -21.8894  -21.8887  -21.8570  -21.8552  -21.8131  -21.8109  -21.7126  -21.7117  -16.1117  -16.1115  -16.0196  -16.0194  -15.9856  -15.9853  -15.5608  -15.5606  -15.3287  -15.3282  -15.1977  -15.1974  -15.1357  -15.1354  -15.0920  -15.0917  -15.0640  -15.0630  -14.8823  -14.8817  -14.1875  -14.1868  -13.2970  -13.2955  -12.9048  -12.9038  -12.7381  -12.7374   -5.3680   -5.3674   -4.9194   -4.9190   -3.5169   -3.5150   -2.9301   -2.9292   -2.6634   -2.6618   -2.2590   -2.2580   -1.9234   -1.9220   -1.7082   -1.7068   -1.4769   -1.4753   -1.2647   -1.2624   -1.1234   -1.1222   -1.0042   -1.0032    3.5522    3.5541    4.4514    4.4522    4.8072    4.8098    5.5998    5.6021    5.9968    5.9977    6.5133    6.5141    7.0091    7.0101    7.2460    7.2477    7.4529    7.4533    7.6536    7.6546    8.1258    8.1885    8.5582    8.5829    8.8775    8.9576    9.1907    9.3064
  3.4489  -42.2130  -42.2117  -42.1930  -42.1917  -22.0166  -22.0158  -21.9620  -21.9614  -21.8911  -21.8905  -21.8513  -21.8494  -21.8172  -21.8147  -21.7111  -21.7102  -16.1124  -16.1122  -16.0228  -16.0226  -15.9774  -15.9772  -15.5593  -15.5591  -15.3287  -15.3282  -15.2008  -15.2005  -15.1367  -15.1364  -15.0908  -15.0906  -15.0660  -15.0650  -14.8839  -14.8833  -14.2389  -14.2382  -13.2511  -13.2498  -12.8849  -12.8839  -12.7328  -12.7321   -5.3694   -5.3689   -4.9156   -4.9151   -3.6041   -3.6021   -2.9853   -2.9842   -2.6329   -2.6310   -2.2286   -2.2264   -1.9405   -1.9397   -1.7057   -1.7046   -1.5057   -1.5041   -1.2847   -1.2806   -1.0754   -1.0751   -0.9850   -0.9832    3.5075    3.5100    4.5463    4.5479    4.8385    4.8413    5.7019    5.7043    6.0164    6.0174    6.4895    6.4902    6.9969    6.9978    7.2742    7.2754    7.4496    7.4505    7.6818    7.6831    8.2253    8.2528    8.4742    8.5099    8.8006    8.8444    9.2606    9.4236
  3.5044  -42.2140  -42.2127  -42.1920  -42.1907  -22.0168  -22.0159  -21.9629  -21.9622  -21.8944  -21.8940  -21.8463  -21.8445  -21.8181  -21.8157  -21.7106  -21.7096  -16.1127  -16.1125  -16.0270  -16.0267  -15.9678  -15.9677  -15.5589  -15.5587  -15.3292  -15.3287  -15.2039  -15.2037  -15.1375  -15.1373  -15.0892  -15.0889  -15.0685  -15.0674  -14.8854  -14.8847  -14.2895  -14.2888  -13.2000  -13.1987  -12.8666  -12.8656  -12.7294  -12.7288   -5.3743   -5.3738   -4.9293   -4.9288   -3.6954   -3.6933   -3.0284   -3.0273   -2.5855   -2.5833   -2.2282   -2.2251   -1.9405   -1.9394   -1.6839   -1.6831   -1.5551   -1.5537   -1.3137   -1.3086   -1.0229   -1.0216   -0.9253   -0.9224    3.4613    3.4641    4.6481    4.6508    4.8773    4.8797    5.7865    5.7890    6.0420    6.0434    6.4241    6.4253    6.9502    6.9512    7.2213    7.2372    7.4839    7.4850    7.7447    7.7456    8.2863    8.3098    8.3806    8.3903    8.6911    8.9030    9.2891    9.3166
  3.5600  -42.2148  -42.2135  -42.1911  -42.1899  -22.0161  -22.0151  -21.9640  -21.9632  -21.8989  -21.8985  -21.8424  -21.8412  -21.8159  -21.8142  -21.7110  -21.7099  -16.1126  -16.1124  -16.0310  -16.0306  -15.9583  -15.9582  -15.5593  -15.5592  -15.3304  -15.3298  -15.2070  -15.2068  -15.1381  -15.1377  -15.0871  -15.0869  -15.0714  -15.0703  -14.8867  -14.8859  -14.3355  -14.3347  -13.1478  -13.1466  -12.8528  -12.8518  -12.7264  -12.7258   -5.3829   -5.3824   -4.9574   -4.9568   -3.7786   -3.7767   -3.0559   -3.0548   -2.5250   -2.5226   -2.2405   -2.2368   -1.9508   -1.9487   -1.6809   -1.6789   -1.5800   -1.5790   -1.3537   -1.3486   -0.9686   -0.9678   -0.8295   -0.8264    3.4101    3.4131    4.7613    4.7651    4.9175    4.9192    5.8166    5.8194    6.1069    6.1089    6.3300    6.3319    6.8837    6.8847    7.1672    7.1683    7.5022    7.5033    7.7758    7.7772    8.2633    8.2785    8.3616    8.3980    8.6245    8.6866    9.1819    9.4976
  3.6156  -42.2154  -42.2142  -42.1905  -42.1892  -22.0148  -22.0137  -21.9653  -21.9645  -21.9036  -21.9032  -21.8399  -21.8393  -21.8118  -21.8109  -21.7120  -21.7108  -16.1124  -16.1123  -16.0342  -16.0337  -15.9500  -15.9499  -15.5603  -15.5602  -15.3320  -15.3314  -15.2097  -15.2096  -15.1383  -15.1378  -15.0851  -15.0848  -15.0743  -15.0731  -14.8876  -14.8868  -14.3740  -14.3732  -13.0994  -13.0983  -12.8445  -12.8436  -12.7230  -12.7224   -5.3941   -5.3935   -4.9927   -4.9920   -3.8467   -3.8449   -3.0677   -3.0667   -2.4628   -2.4606   -2.2475   -2.2430   -1.9790   -1.9759   -1.7212   -1.7191   -1.5591   -1.5578   -1.3944   -1.3901   -0.9210   -0.9209   -0.7154   -0.7128    3.3550    3.3580    4.8827    4.8876    4.9590    4.9594    5.7914    5.7941    6.1602    6.1637    6.2710    6.2722    6.8187    6.8196    7.1244    7.1256    7.4983    7.4991    7.7383    7.7388    8.2407    8.2477    8.3391    8.3461    8.5644    8.6100    9.0707    9.2345
  3.6712  -42.2159  -42.2147  -42.1900  -42.1888  -22.0134  -22.0122  -21.9665  -21.9657  -21.9077  -21.9072  -21.8385  -21.8381  -21.8077  -21.8073  -21.7132  -21.7119  -16.1122  -16.1121  -16.0365  -16.0359  -15.9435  -15.9435  -15.5615  -15.5614  -15.3336  -15.3330  -15.2119  -15.2119  -15.1381  -15.1376  -15.0834  -15.0831  -15.0767  -15.0755  -14.8882  -14.8873  -14.4027  -14.4020  -13.0595  -13.0586  -12.8409  -12.8402  -12.7197  -12.7191   -5.4053   -5.4047   -5.0260   -5.0254   -3.8963   -3.8946   -3.0683   -3.0674   -2.4141   -2.4122   -2.2359   -2.2305   -2.0227   -2.0186   -1.7626   -1.7612   -1.5353   -1.5342   -1.4257   -1.4227   -0.8855   -0.8848   -0.6082   -0.6064    3.3027    3.3055    4.9598    4.9644    5.0430    5.0465    5.7393    5.7420    6.0650    6.0685    6.3674    6.3680    6.7736    6.7748    7.0854    7.0865    7.4663    7.4667    7.6841    7.6847    8.1792    8.1851    8.3642    8.3719    8.5321    8.5590    9.0777    9.2720
  3.7267  -42.2162  -42.2150  -42.1897  -42.1885  -22.0123  -22.0110  -21.9674  -21.9666  -21.9104  -21.9099  -21.8379  -21.8374  -21.8047  -21.8045  -21.7141  -21.7128  -16.1120  -16.1120  -16.0377  -16.0371  -15.9394  -15.9394  -15.5624  -15.5623  -15.3348  -15.3342  -15.2134  -15.2133  -15.1379  -15.1373  -15.0824  -15.0822  -15.0781  -15.0770  -14.8885  -14.8877  -14.4205  -14.4197  -13.0328  -13.0322  -12.8400  -12.8395  -12.7174  -12.7168   -5.4137   -5.4130   -5.0495   -5.0489   -3.9262   -3.9246   -3.0646   -3.0637   -2.3892   -2.3875   -2.1994   -2.1938   -2.0754   -2.0707   -1.7904   -1.7894   -1.5217   -1.5207   -1.4430   -1.4415   -0.8634   -0.8624   -0.5321   -0.5311    3.2643    3.2670    4.9826    4.9862    5.1603    5.1631    5.6788    5.6816    5.9740    5.9769    6.4593    6.4599    6.7606    6.7626    7.0409    7.0416    7.4255    7.4260    7.6558    7.6567    8.1098    8.1112    8.4161    8.4199    8.5062    8.5346    8.9695    9.2668
  3.7823  -42.2163  -42.2151  -42.1896  -42.1884  -22.0119  -22.0106  -21.9677  -21.9670  -21.9114  -21.9109  -21.8377  -21.8371  -21.8037  -21.8035  -21.7145  -21.7131  -16.1119  -16.1119  -16.0382  -16.0375  -15.9380  -15.9380  -15.5627  -15.5626  -15.3352  -15.3346  -15.2139  -15.2138  -15.1379  -15.1372  -15.0821  -15.0821  -15.0785  -15.0775  -14.8886  -14.8878  -14.4265  -14.4257  -13.0234  -13.0229  -12.8399  -12.8397  -12.7167  -12.7160   -5.4169   -5.4162   -5.0580   -5.0574   -3.9361   -3.9346   -3.0626   -3.0617   -2.3829   -2.3811   -2.1613   -2.1595   -2.1130   -2.1130   -1.8002   -1.7993   -1.5178   -1.5167   -1.4479   -1.4473   -0.8559   -0.8548   -0.5044   -0.5042    3.2500    3.2527    4.9892    4.9926    5.2174    5.2179    5.6451    5.6480    5.9394    5.9418    6.4935    6.4942    6.7667    6.7692    7.0140    7.0143    7.4092    7.4100    7.6481    7.6492    8.0817    8.0825    8.4429    8.4497    8.4802    8.4964    8.9860    9.0631
  3.7823  -42.2163  -42.2151  -42.1896  -42.1884  -22.0119  -22.0106  -21.9677  -21.9670  -21.9114  -21.9109  -21.8377  -21.8371  -21.8037  -21.8035  -21.7145  -21.7131  -16.1119  -16.1119  -16.0382  -16.0375  -15.9380  -15.9380  -15.5627  -15.5626  -15.3352  -15.3346  -15.2139  -15.2138  -15.1379  -15.1372  -15.0821  -15.0821  -15.0785  -15.0775  -14.8886  -14.8878  -14.4265  -14.4257  -13.0234  -13.0229  -12.8399  -12.8397  -12.7167  -12.7160   -5.4169   -5.4162   -5.0580   -5.0574   -3.9361   -3.9346   -3.0626   -3.0617   -2.3829   -2.3811   -2.1613   -2.1595   -2.1130   -2.1130   -1.8002   -1.7993   -1.5178   -1.5167   -1.4479   -1.4473   -0.8559   -0.8548   -0.5044   -0.5042    3.2500    3.2527    4.9892    4.9926    5.2174    5.2179    5.6451    5.6480    5.9394    5.9418    6.4936    6.4943    6.7667    6.7692    7.0140    7.0143    7.4092    7.4100    7.6481    7.6492    8.0815    8.0823    8.4459    8.4582    8.4879    8.5282    8.9815    9.2680
  3.8394  -42.2163  -42.2151  -42.1896  -42.1884  -22.0118  -22.0105  -21.9679  -21.9671  -21.9114  -21.9109  -21.8377  -21.8371  -21.8037  -21.8035  -21.7145  -21.7131  -16.1120  -16.1120  -16.0377  -16.0370  -15.9388  -15.9388  -15.5626  -15.5625  -15.3345  -15.3340  -15.2141  -15.2140  -15.1376  -15.1370  -15.0818  -15.0818  -15.0786  -15.0776  -14.8890  -14.8881  -14.4222  -14.4214  -13.0296  -13.0291  -12.8407  -12.8405  -12.7171  -12.7164   -5.4192   -5.4185   -5.0515   -5.0510   -3.9289   -3.9274   -3.0559   -3.0550   -2.3860   -2.3841   -2.1677   -2.1633   -2.1139   -2.1093   -1.7853   -1.7838   -1.5319   -1.5306   -1.4455   -1.4449   -0.8522   -0.8501   -0.5181   -0.5178    3.2621    3.2648    4.9821    4.9855    5.2175    5.2186    5.6520    5.6548    5.9210    5.9233    6.4912    6.4918    6.7444    6.7467    7.0216    7.0222    7.4164    7.4170    7.6421    7.6431    8.1031    8.1039    8.3899    8.3964    8.4788    8.4927    9.0012    9.2271
  3.8966  -42.2163  -42.2151  -42.1896  -42.1884  -22.0117  -22.0103  -21.9682  -21.9674  -21.9113  -21.9108  -21.8377  -21.8371  -21.8037  -21.8035  -21.7145  -21.7131  -16.1121  -16.1121  -16.0364  -16.0357  -15.9412  -15.9411  -15.5623  -15.5622  -15.3327  -15.3321  -15.2146  -15.2146  -15.1370  -15.1363  -15.0812  -15.0811  -15.0790  -15.0779  -14.8900  -14.8891  -14.4096  -14.4088  -13.0479  -13.0474  -12.8431  -12.8427  -12.7181  -12.7175   -5.4258   -5.4250   -5.0335   -5.0329   -3.9075   -3.9061   -3.0355   -3.0346   -2.3979   -2.3959   -2.1824   -2.1775   -2.1065   -2.1011   -1.7471   -1.7447   -1.5669   -1.5652   -1.4377   -1.4369   -0.8440   -0.8408   -0.5584   -0.5578    3.2979    3.3006    4.9627    4.9661    5.2166    5.2187    5.6685    5.6709    5.8768    5.8787    6.4737    6.4742    6.7080    6.7098    7.0097    7.0107    7.4470    7.4473    7.6358    7.6367    8.1350    8.1362    8.2845    8.2921    8.4865    8.4949    9.1292    9.2103
  3.9537  -42.2163  -42.2151  -42.1896  -42.1884  -22.0114  -22.0100  -21.9687  -21.9679  -21.9113  -21.9108  -21.8377  -21.8371  -21.8036  -21.8034  -21.7145  -21.7131  -16.1123  -16.1123  -16.0342  -16.0336  -15.9449  -15.9448  -15.5619  -15.5617  -15.3299  -15.3294  -15.2154  -15.2154  -15.1360  -15.1354  -15.0806  -15.0803  -15.0793  -15.0780  -14.8915  -14.8905  -14.3895  -14.3888  -13.0768  -13.0763  -12.8464  -12.8460  -12.7195  -12.7189   -5.4352   -5.4344   -5.0070   -5.0063   -3.8724   -3.8711   -3.0010   -3.0001   -2.4240   -2.4218   -2.1984   -2.1943   -2.0946   -2.0903   -1.7039   -1.7013   -1.5985   -1.5972   -1.4231   -1.4222   -0.8397   -0.8359   -0.6218   -0.6205    3.3558    3.3585    4.9359    4.9393    5.2117    5.2147    5.6748    5.6765    5.8366    5.8383    6.4369    6.4374    6.6687    6.6701    6.9697    6.9707    7.4879    7.4884    7.6432    7.6440    8.1149    8.1156    8.2013    8.2142    8.5415    8.5637    9.2269    9.4531
  4.0109  -42.2163  -42.2151  -42.1896  -42.1884  -22.0110  -22.0097  -21.9693  -21.9685  -21.9112  -21.9107  -21.8377  -21.8370  -21.8036  -21.8034  -21.7145  -21.7131  -16.1125  -16.1124  -16.0315  -16.0308  -15.9496  -15.9495  -15.5611  -15.5609  -15.3267  -15.3262  -15.2164  -15.2164  -15.1349  -15.1343  -15.0808  -15.0806  -15.0781  -15.0774  -14.8933  -14.8922  -14.3637  -14.3630  -13.1138  -13.1134  -12.8503  -12.8499  -12.7210  -12.7203   -5.4459   -5.4452   -4.9761   -4.9755   -3.8249   -3.8238   -2.9528   -2.9519   -2.4666   -2.4645   -2.2124   -2.2089   -2.0890   -2.0859   -1.6901   -1.6888   -1.5806   -1.5798   -1.4012   -1.4001   -0.8482   -0.8445   -0.7020   -0.6997    3.4328    3.4355    4.9076    4.9108    5.2002    5.2042    5.6365    5.6375    5.8394    5.8412    6.3951    6.3953    6.6028    6.6040    6.9374    6.9381    7.5071    7.5080    7.6540    7.6549    8.0420    8.0442    8.1823    8.2039    8.6184    8.6317    9.1964    9.4439
  4.0680  -42.2163  -42.2151  -42.1896  -42.1884  -22.0106  -22.0093  -21.9700  -21.9692  -21.9111  -21.9106  -21.8377  -21.8370  -21.8036  -21.8033  -21.7145  -21.7131  -16.1126  -16.1126  -16.0283  -16.0277  -15.9548  -15.9548  -15.5602  -15.5599  -15.3235  -15.3230  -15.2175  -15.2175  -15.1337  -15.1332  -15.0817  -15.0812  -15.0766  -15.0760  -14.8950  -14.8939  -14.3344  -14.3337  -13.1553  -13.1549  -12.8543  -12.8538  -12.7223  -12.7217   -5.4566   -5.4560   -4.9451   -4.9445   -3.7677   -3.7668   -2.8929   -2.8920   -2.5224   -2.5204   -2.2327   -2.2294   -2.0933   -2.0911   -1.6860   -1.6840   -1.5248   -1.5231   -1.3737   -1.3723   -0.8791   -0.8760   -0.7861   -0.7823    3.5231    3.5261    4.8840    4.8870    5.1820    5.1867    5.5626    5.5631    5.8743    5.8758    6.3404    6.3412    6.5356    6.5365    6.9191    6.9195    7.5033    7.5043    7.6308    7.6321    8.0008    8.0023    8.2088    8.2134    8.6937    8.7179    9.0969    9.2573
  4.1252  -42.2163  -42.2151  -42.1896  -42.1884  -22.0103  -22.0090  -21.9706  -21.9698  -21.9110  -21.9105  -21.8377  -21.8370  -21.8035  -21.8033  -21.7145  -21.7131  -16.1127  -16.1127  -16.0251  -16.0244  -15.9600  -15.9600  -15.5593  -15.5589  -15.3207  -15.3202  -15.2186  -15.2186  -15.1327  -15.1321  -15.0826  -15.0820  -15.0751  -15.0746  -14.8966  -14.8954  -14.3049  -14.3042  -13.1965  -13.1961  -12.8579  -12.8573  -12.7235  -12.7228   -5.4662   -5.4657   -4.9176   -4.9169   -3.7056   -3.7049   -2.8265   -2.8254   -2.5831   -2.5815   -2.2732   -2.2704   -2.0947   -2.0929   -1.6593   -1.6563   -1.4650   -1.4632   -1.3463   -1.3445   -0.9420   -0.9391   -0.8532   -0.8487    3.6182    3.6212    4.8706    4.8735    5.1588    5.1641    5.4766    5.4773    5.9122    5.9136    6.2537    6.2554    6.5195    6.5204    6.9018    6.9023    7.4850    7.4858    7.5722    7.5736    8.0109    8.0192    8.2643    8.2924    8.7514    8.7679    9.0191    9.0518
  4.1823  -42.2163  -42.2150  -42.1896  -42.1884  -22.0100  -22.0087  -21.9712  -21.9703  -21.9110  -21.9104  -21.8376  -21.8370  -21.8035  -21.8033  -21.7144  -21.7131  -16.1128  -16.1128  -16.0221  -16.0214  -15.9646  -15.9646  -15.5584  -15.5580  -15.3185  -15.3180  -15.2194  -15.2194  -15.1318  -15.1313  -15.0833  -15.0826  -15.0739  -15.0734  -14.8979  -14.8966  -14.2791  -14.2785  -13.2317  -13.2315  -12.8607  -12.8601  -12.7243  -12.7237   -5.4737   -5.4733   -4.8962   -4.8955   -3.6465   -3.6461   -2.7656   -2.7642   -2.6328   -2.6316   -2.3330   -2.3308   -2.0856   -2.0840   -1.6135   -1.6101   -1.4150   -1.4130   -1.3302   -1.3273   -1.0126   -1.0097   -0.9051   -0.9010    3.7048    3.7078    4.8707    4.8737    5.1344    5.1401    5.3925    5.3933    5.9355    5.9375    6.1698    6.1714    6.5426    6.5434    6.8831    6.8837    7.4471    7.4486    7.5229    7.5237    8.0546    8.0879    8.3227    8.3485    8.7414    8.7700    8.9613    9.0771
  4.2395  -42.2163  -42.2150  -42.1896  -42.1884  -22.0098  -22.0085  -21.9715  -21.9706  -21.9109  -21.9104  -21.8376  -21.8369  -21.8035  -21.8033  -21.7144  -21.7130  -16.1129  -16.1128  -16.0199  -16.0193  -15.9678  -15.9678  -15.5579  -15.5574  -15.3171  -15.3166  -15.2200  -15.2200  -15.1313  -15.1308  -15.0838  -15.0831  -15.0731  -15.0726  -14.8986  -14.8974  -14.2614  -14.2607  -13.2557  -13.2556  -12.8625  -12.8619  -12.7249  -12.7242   -5.4785   -5.4783   -4.8827   -4.8821   -3.6024   -3.6020   -2.7422   -2.7414   -2.6368   -2.6360   -2.3937   -2.3923   -2.0738   -2.0723   -1.5621   -1.5593   -1.3855   -1.3822   -1.3362   -1.3320   -1.0514   -1.0496   -0.9483   -0.9454    3.7670    3.7697    4.8811    4.8842    5.1143    5.1201    5.3261    5.3270    5.9366    5.9393    6.1241    6.1255    6.5728    6.5735    6.8675    6.8681    7.4022    7.4047    7.5024    7.5034    8.1055    8.1244    8.3639    8.4050    8.7931    8.8410    8.9547    9.1671
  4.2966  -42.2163  -42.2150  -42.1896  -42.1884  -22.0097  -22.0084  -21.9716  -21.9708  -21.9109  -21.9103  -21.8376  -21.8369  -21.8035  -21.8032  -21.7144  -21.7130  -16.1129  -16.1128  -16.0191  -16.0185  -15.9690  -15.9690  -15.5577  -15.5572  -15.3166  -15.3162  -15.2202  -15.2202  -15.1311  -15.1307  -15.0840  -15.0832  -15.0728  -15.0723  -14.8989  -14.8976  -14.2550  -14.2544  -13.2642  -13.2642  -12.8631  -12.8625  -12.7250  -12.7244   -5.4800   -5.4800   -4.8781   -4.8775   -3.5857   -3.5854   -2.7465   -2.7461   -2.6192   -2.6178   -2.4235   -2.4229   -2.0686   -2.0671   -1.5342   -1.5331   -1.3812   -1.3778   -1.3426   -1.3405   -1.0570   -1.0568   -0.9681   -0.9666    3.7898    3.7924    4.8881    4.8914    5.1059    5.1117    5.2998    5.3007    5.9319    5.9348    6.1130    6.1143    6.5862    6.5870    6.8613    6.8618    7.3836    7.3860    7.4974    7.4981    8.0917    8.1183    8.3802    8.4041    8.7785    8.8765    8.9142    9.1166
  4.2966  -42.2163  -42.2150  -42.1896  -42.1884  -22.0097  -22.0084  -21.9716  -21.9708  -21.9109  -21.9103  -21.8376  -21.8369  -21.8035  -21.8032  -21.7144  -21.7130  -16.1129  -16.1128  -16.0191  -16.0185  -15.9690  -15.9690  -15.5577  -15.5572  -15.3166  -15.3162  -15.2202  -15.2202  -15.1311  -15.1307  -15.0840  -15.0832  -15.0728  -15.0723  -14.8989  -14.8976  -14.2550  -14.2544  -13.2642  -13.2642  -12.8631  -12.8625  -12.7250  -12.7244   -5.4800   -5.4800   -4.8781   -4.8775   -3.5857   -3.5854   -2.7465   -2.7461   -2.6192   -2.6178   -2.4235   -2.4229   -2.0686   -2.0671   -1.5342   -1.5331   -1.3812   -1.3778   -1.3426   -1.3405   -1.0570   -1.0568   -0.9681   -0.9666    3.7898    3.7924    4.8881    4.8914    5.1059    5.1117    5.2998    5.3007    5.9319    5.9348    6.1130    6.1143    6.5862    6.5870    6.8613    6.8618    7.3834    7.3857    7.4970    7.4983    8.0923    8.1225    8.3825    8.4053    8.7405    8.8403    8.9863    9.1401
  4.3594  -42.2191  -42.2121  -42.1899  -42.1883  -22.0282  -21.9913  -21.9884  -21.9519  -21.9344  -21.8882  -21.8560  -21.8242  -21.8162  -21.7831  -21.7238  -21.7042  -16.1163  -16.1090  -16.0249  -16.0128  -15.9724  -15.9646  -15.5752  -15.5420  -15.3389  -15.2905  -15.2442  -15.1970  -15.1378  -15.1233  -15.0851  -15.0821  -15.0751  -15.0698  -14.9037  -14.8927  -14.3258  -14.1832  -13.3446  -13.1816  -12.8742  -12.8535  -12.7420  -12.7093   -5.5023   -5.4755   -4.9129   -4.8426   -3.6324   -3.5270   -2.8335   -2.7538   -2.6397   -2.5497   -2.5268   -2.2615   -2.1562   -1.9643   -1.6116   -1.4796   -1.4755   -1.3735   -1.3182   -1.2603   -1.1015   -1.0342   -0.9518   -0.9310    3.7733    3.8078    4.8323    4.8354    4.9524    5.2445    5.3391    5.3596    5.8329    5.9812    6.0772    6.1779    6.3404    6.7180    6.8816    6.9733    7.2286    7.3287    7.5074    7.7079    8.0767    8.1002    8.2911    8.4902    8.6647    8.8004    8.9592    9.1455
  4.4221  -42.2221  -42.2086  -42.1904  -42.1882  -22.0451  -22.0113  -21.9666  -21.9577  -21.9339  -21.8770  -21.8699  -21.8239  -21.8126  -21.7631  -21.7309  -21.6960  -16.1192  -16.1049  -16.0309  -16.0073  -15.9748  -15.9592  -15.5947  -15.5293  -15.3574  -15.2678  -15.2624  -15.1757  -15.1437  -15.1155  -15.0869  -15.0805  -15.0765  -15.0672  -14.9085  -14.8874  -14.3941  -14.1137  -13.4198  -13.1002  -12.8859  -12.8472  -12.7610  -12.6962   -5.5376   -5.4893   -4.9432   -4.8135   -3.6586   -3.4753   -2.9094   -2.8289   -2.7593   -2.4604   -2.4463   -2.2439   -2.1076   -1.8550   -1.7061   -1.5825   -1.4487   -1.3808   -1.2735   -1.1670   -1.0993   -1.0430   -0.8899   -0.8809    3.7519    3.8296    4.6918    4.7244    4.7956    5.3627    5.3842    5.4815    5.7227    5.9607    5.9621    6.2410    6.3119    6.5872    6.9760    7.0221    7.2062    7.3258    7.5380    7.8923    8.0766    8.1364    8.2223    8.5012    8.6195    8.6941    8.8256    9.1470
  4.4849  -42.2248  -42.2051  -42.1910  -42.1884  -22.0596  -22.0301  -21.9790  -21.9444  -21.9176  -21.8960  -21.8577  -21.8286  -21.8011  -21.7609  -21.7213  -21.6893  -16.1215  -16.1006  -16.0366  -16.0025  -15.9764  -15.9532  -15.6145  -15.5192  -15.3719  -15.2896  -15.2342  -15.1572  -15.1485  -15.1082  -15.0893  -15.0786  -15.0761  -15.0652  -14.9122  -14.8826  -14.4574  -14.0492  -13.4867  -13.0235  -12.8960  -12.8439  -12.7816  -12.6863   -5.5789   -5.5164   -4.9672   -4.7946   -3.6645   -3.4525   -2.9579   -2.9411   -2.7965   -2.4146   -2.3394   -2.2739   -2.0359   -1.7992   -1.7456   -1.6695   -1.4808   -1.3692   -1.2230   -1.0816   -1.0340   -1.0321   -0.8475   -0.8129    3.7278    3.8636    4.5282    4.5895    4.6565    5.2958    5.5088    5.5514    5.6278    5.9090    5.9275    6.2207    6.4662    6.5107    6.8465    6.9385    7.3355    7.4920    7.5437    7.8781    8.0107    8.1814    8.1951    8.4268    8.5914    8.6125    8.8494    9.2330
  4.5477  -42.2269  -42.2018  -42.1916  -42.1888  -22.0712  -22.0464  -21.9971  -21.9227  -21.9114  -21.9031  -21.8512  -21.8319  -21.7932  -21.7678  -21.7026  -21.6841  -16.1233  -16.0967  -16.0415  -15.9985  -15.9774  -15.9469  -15.6330  -15.5117  -15.3826  -15.3083  -15.2081  -15.1523  -15.1421  -15.1028  -15.0914  -15.0766  -15.0740  -15.0638  -14.9144  -14.8787  -14.5128  -13.9926  -13.5430  -12.9551  -12.9029  -12.8429  -12.8029  -12.6809   -5.6192   -5.5491   -4.9853   -4.7859   -3.6571   -3.4629   -3.0559   -2.9738   -2.7488   -2.4397   -2.2593   -2.2261   -2.0675   -1.8437   -1.7398   -1.6424   -1.5569   -1.3496   -1.1527   -1.0140   -0.9988   -0.9495   -0.7935   -0.7614    3.7040    3.9139    4.3741    4.4573    4.5367    5.1341    5.3806    5.5659    5.8245    5.9050    5.9176    6.2239    6.4961    6.6138    6.7108    6.9083    7.3640    7.3947    7.6352    7.8716    7.9380    8.2353    8.2963    8.5039    8.5551    8.6306    8.9063    9.2785
  4.6104  -42.2286  -42.1989  -42.1921  -42.1897  -22.0797  -22.0590  -22.0110  -21.9224  -21.9031  -21.8908  -21.8479  -21.8342  -21.7996  -21.7654  -21.6867  -21.6803  -16.1246  -16.0933  -16.0455  -15.9955  -15.9780  -15.9413  -15.6482  -15.5064  -15.3898  -15.3226  -15.1868  -15.1551  -15.1315  -15.1000  -15.0914  -15.0747  -15.0712  -15.0630  -14.9150  -14.8758  -14.5572  -13.9477  -13.5861  -12.9056  -12.8993  -12.8430  -12.8232  -12.6803   -5.6524   -5.5789   -4.9983   -4.7845   -3.6458   -3.4885   -3.1428   -2.9595   -2.6680   -2.4769   -2.2560   -2.1381   -2.1325   -1.8552   -1.7957   -1.6463   -1.5527   -1.3381   -1.0725   -0.9865   -0.9371   -0.8946   -0.7312   -0.7185    3.6843    3.9762    4.2491    4.3462    4.4524    4.9226    5.2632    5.5774    5.8906    5.9250    6.0539    6.2488    6.5178    6.6172    6.7123    6.9410    7.2880    7.3197    7.4017    7.8218    8.1314    8.2835    8.3794    8.5296    8.5585    8.5915    8.6846    9.3383
  4.6732  -42.2296  -42.1966  -42.1923  -42.1908  -22.0849  -22.0669  -22.0197  -21.9290  -21.8890  -21.8813  -21.8445  -21.8356  -21.8135  -21.7595  -21.6782  -21.6763  -16.1254  -16.0910  -16.0482  -15.9937  -15.9783  -15.9374  -15.6583  -15.5033  -15.3940  -15.3316  -15.1726  -15.1567  -15.1267  -15.0988  -15.0894  -15.0734  -15.0691  -15.0627  -14.9144  -14.8739  -14.5865  -13.9182  -13.6137  -12.9049  -12.8620  -12.8425  -12.8389  -12.6831   -5.6741   -5.5995   -5.0064   -4.7858   -3.6375   -3.5103   -3.1963   -2.9299   -2.5944   -2.5065   -2.3001   -2.1556   -2.0688   -1.8610   -1.8356   -1.7224   -1.4863   -1.3382   -1.0106   -0.9696   -0.8914   -0.8692   -0.7179   -0.6531    3.6714    4.0309    4.1677    4.2678    4.4355    4.7238    5.1922    5.5723    5.8864    5.9263    6.2757    6.2767    6.5400    6.5714    6.7428    7.0201    7.1219    7.2238    7.3074    7.7638    8.3246    8.3310    8.4371    8.5183    8.5876    8.6690    8.7468    9.1609
  4.7359  -42.2299  -42.1955  -42.1921  -42.1917  -22.0866  -22.0696  -22.0226  -21.9311  -21.8840  -21.8774  -21.8404  -21.8361  -21.8224  -21.7572  -21.6774  -21.6728  -16.1256  -16.0901  -16.0491  -15.9931  -15.9783  -15.9359  -15.6619  -15.5023  -15.3954  -15.3346  -15.1675  -15.1572  -15.1258  -15.0983  -15.0881  -15.0728  -15.0683  -15.0626  -14.9140  -14.8733  -14.5968  -13.9078  -13.6233  -12.9038  -12.8509  -12.8454  -12.8398  -12.6851   -5.6816   -5.6068   -5.0092   -4.7867   -3.6346   -3.5185   -3.2144   -2.9137   -2.5641   -2.5189   -2.3266   -2.1534   -2.0453   -1.8586   -1.8551   -1.7541   -1.4594   -1.3420   -0.9879   -0.9637   -0.8747   -0.8612   -0.7154   -0.6276    3.6670    4.0522    4.1395    4.2381    4.4693    4.6135    5.1680    5.5688    5.8851    5.9264    6.2878    6.3965    6.5338    6.5742    6.7541    6.9280    7.1730    7.1988    7.2063    7.8689    8.3341    8.4139    8.4520    8.5226    8.5810    8.6980    8.7767    9.0920
  4.7359  -42.2299  -42.1955  -42.1921  -42.1917  -22.0866  -22.0696  -22.0226  -21.9311  -21.8840  -21.8774  -21.8404  -21.8361  -21.8224  -21.7572  -21.6774  -21.6728  -16.1256  -16.0901  -16.0491  -15.9931  -15.9783  -15.9359  -15.6619  -15.5023  -15.3954  -15.3346  -15.1675  -15.1572  -15.1258  -15.0983  -15.0881  -15.0728  -15.0683  -15.0626  -14.9140  -14.8733  -14.5968  -13.9078  -13.6233  -12.9038  -12.8509  -12.8454  -12.8398  -12.6851   -5.6816   -5.6068   -5.0092   -4.7867   -3.6346   -3.5185   -3.2144   -2.9137   -2.5641   -2.5189   -2.3266   -2.1534   -2.0453   -1.8586   -1.8551   -1.7541   -1.4594   -1.3420   -0.9879   -0.9637   -0.8747   -0.8612   -0.7154   -0.6276    3.6670    4.0522    4.1395    4.2381    4.4693    4.6135    5.1680    5.5688    5.8851    5.9264    6.2878    6.3965    6.5338    6.5742    6.7541    6.9278    7.1730    7.1988    7.2036    7.7418    8.3339    8.4167    8.4333    8.5038    8.5893    8.6409    8.9249    9.0758
  4.7931  -42.2299  -42.1955  -42.1921  -42.1917  -22.0867  -22.0695  -22.0227  -21.9311  -21.8840  -21.8774  -21.8404  -21.8361  -21.8224  -21.7572  -21.6774  -21.6728  -16.1310  -16.0848  -16.0490  -15.9931  -15.9811  -15.9319  -15.6612  -15.5029  -15.3956  -15.3346  -15.1676  -15.1570  -15.1256  -15.1000  -15.0883  -15.0727  -15.0686  -15.0626  -14.9134  -14.8736  -14.6141  -13.8892  -13.6217  -12.9000  -12.8691  -12.8396  -12.8282  -12.6859   -5.7029   -5.5783   -5.0319   -4.7817   -3.6431   -3.5091   -3.2423   -2.9148   -2.5593   -2.5198   -2.3425   -2.0917   -2.0284   -1.8866   -1.8727   -1.7385   -1.4607   -1.3360   -0.9960   -0.9838   -0.9041   -0.8925   -0.6707   -0.6045    3.5951    4.0054    4.0614    4.4045    4.5183    4.6258    5.1651    5.5730    5.8375    5.9659    6.3023    6.4040    6.5170    6.5593    6.7712    6.9996    7.1592    7.2030    7.2199    7.7486    8.3248    8.4197    8.4423    8.4949    8.5704    8.6495    8.7531    9.0798
  4.8502  -42.2299  -42.1955  -42.1921  -42.1917  -22.0869  -22.0692  -22.0228  -21.9309  -21.8840  -21.8773  -21.8404  -21.8361  -21.8224  -21.7572  -21.6774  -21.6728  -16.1422  -16.0740  -16.0487  -15.9934  -15.9872  -15.9218  -15.6591  -15.5048  -15.3962  -15.3345  -15.1678  -15.1565  -15.1252  -15.1051  -15.0888  -15.0724  -15.0691  -15.0625  -14.9117  -14.8743  -14.6585  -13.8410  -13.6168  -12.8906  -12.8888  -12.8384  -12.8101  -12.6882   -5.7363   -5.5241   -5.0953   -4.7687   -3.6637   -3.4849   -3.3025   -2.9219   -2.5446   -2.5260   -2.3785   -1.9873   -1.9814   -1.9149   -1.9104   -1.7017   -1.4667   -1.3217   -1.0388   -1.0215   -0.9686   -0.9429   -0.5902   -0.5507    3.4159    3.8707    4.0846    4.6138    4.6327    4.6751    5.1625    5.5834    5.7802    5.9915    6.3481    6.4254    6.4814    6.5624    6.8124    7.1433    7.1435    7.2171    7.2659    7.7652    8.3048    8.3741    8.4303    8.4854    8.5544    8.6930    8.7740    9.1143
  4.9074  -42.2299  -42.1955  -42.1921  -42.1917  -22.0873  -22.0688  -22.0230  -21.9306  -21.8841  -21.8771  -21.8405  -21.8360  -21.8223  -21.7571  -21.6774  -21.6728  -16.1545  -16.0621  -16.0483  -15.9942  -15.9938  -15.9082  -15.6561  -15.5082  -15.3971  -15.3343  -15.1681  -15.1557  -15.1246  -15.1140  -15.0895  -15.0721  -15.0697  -15.0628  -14.9089  -14.8754  -14.7153  -13.7778  -13.6093  -12.9123  -12.8728  -12.8345  -12.7935  -12.6918   -5.7661   -5.4614   -5.1885   -4.7510   -3.6897   -3.4511   -3.3600   -2.9369   -2.5508   -2.5224   -2.4098   -2.0724   -1.9613   -1.9362   -1.7596   -1.6081   -1.4821   -1.3024   -1.1174   -1.0671   -1.0221   -1.0052   -0.5064   -0.4858    3.1785    3.7736    4.1161    4.6922    4.7693    4.8652    5.1755    5.6012    5.7369    5.9755    6.4229    6.4610    6.4822    6.5764    6.8457    7.1526    7.1928    7.3384    7.3647    7.7777    8.2775    8.2806    8.4088    8.5028    8.5242    8.7260    8.8163    9.1982
  4.9645  -42.2299  -42.1955  -42.1921  -42.1917  -22.0879  -22.0682  -22.0232  -21.9302  -21.8842  -21.8770  -21.8405  -21.8359  -21.8223  -21.7571  -21.6774  -21.6728  -16.1663  -16.0506  -16.0477  -16.0008  -15.9946  -15.8927  -15.6524  -15.5136  -15.3982  -15.3340  -15.1685  -15.1547  -15.1276  -15.1233  -15.0903  -15.0717  -15.0701  -15.0636  -14.9056  -14.8767  -14.7716  -13.7128  -13.5997  -12.9337  -12.8589  -12.8221  -12.7786  -12.6965   -5.7907   -5.3955   -5.2984   -4.7310   -3.7172   -3.4092   -3.3966   -2.9578   -2.6070   -2.4986   -2.4178   -2.1846   -2.0119   -1.8870   -1.6884   -1.5118   -1.4325   -1.2415   -1.2085   -1.1161   -1.0697   -1.0657   -0.4291   -0.4185    2.9103    3.7107    4.1497    4.7443    4.9049    5.0324    5.2281    5.6439    5.7149    5.9333    6.4797    6.5062    6.5442    6.5965    6.8425    7.2079    7.2202    7.4465    7.5598    7.8048    8.1765    8.2525    8.3767    8.5142    8.5421    8.8300    8.9835    9.3130
  5.0217  -42.2299  -42.1955  -42.1921  -42.1917  -22.0884  -22.0677  -22.0235  -21.9298  -21.8844  -21.8768  -21.8406  -21.8359  -21.8223  -21.7570  -21.6774  -21.6728  -16.1767  -16.0470  -16.0400  -16.0065  -15.9959  -15.8761  -15.6486  -15.5212  -15.3992  -15.3337  -15.1689  -15.1536  -15.1442  -15.1226  -15.0911  -15.0714  -15.0704  -15.0647  -14.9020  -14.8781  -14.8192  -13.6542  -13.5891  -12.9537  -12.8530  -12.7977  -12.7655  -12.7019   -5.8099   -5.4110   -5.3305   -4.7107   -3.7434   -3.4071   -3.3594   -2.9855   -2.6857   -2.4789   -2.4097   -2.2931   -2.0522   -1.8466   -1.6459   -1.5615   -1.3821   -1.2942   -1.1574   -1.1262   -1.1075   -1.0223   -0.3660   -0.3511    2.6294    3.6744    4.1806    4.7900    5.0237    5.1181    5.3155    5.7193    5.7358    5.8903    6.5049    6.5224    6.6183    6.6474    6.8398    7.2688    7.2884    7.5953    7.7324    7.7949    8.0871    8.2289    8.2949    8.4980    8.5397    8.8599    8.9593    9.3012
  5.0788  -42.2299  -42.1955  -42.1921  -42.1917  -22.0889  -22.0671  -22.0237  -21.9295  -21.8845  -21.8766  -21.8406  -21.8358  -21.8222  -21.7570  -21.6774  -21.6728  -16.1853  -16.0464  -16.0306  -16.0111  -15.9978  -15.8596  -15.6452  -15.5307  -15.4001  -15.3334  -15.1692  -15.1628  -15.1527  -15.1218  -15.0918  -15.0712  -15.0705  -15.0661  -14.8987  -14.8795  -14.8544  -13.6069  -13.5787  -12.9712  -12.8511  -12.7691  -12.7540  -12.7078   -5.8242   -5.5132   -5.2715   -4.6921   -3.7662   -3.3916   -3.3017   -3.0239   -2.7742   -2.4740   -2.3974   -2.3761   -2.0751   -1.8208   -1.6331   -1.6096   -1.3926   -1.3552   -1.2024   -1.1735   -1.1295   -0.7513   -0.3155   -0.2926    2.3537    3.6561    4.2054    4.8248    5.1127    5.1625    5.3938    5.7438    5.8619    5.8698    6.4945    6.5189    6.6329    6.6957    6.9269    7.3374    7.3656    7.7368    7.7684    7.9478    8.0262    8.1974    8.2717    8.4458    8.5337    8.8630    9.0967    9.5695
  5.1360  -42.2299  -42.1955  -42.1921  -42.1917  -22.0894  -22.0667  -22.0238  -21.9291  -21.8846  -21.8765  -21.8406  -21.8358  -21.8222  -21.7569  -21.6774  -21.6728  -16.1916  -16.0458  -16.0224  -16.0145  -16.0005  -15.8449  -15.6424  -15.5407  -15.4007  -15.3331  -15.1797  -15.1694  -15.1519  -15.1211  -15.0923  -15.0710  -15.0705  -15.0674  -14.8960  -14.8809  -14.8772  -13.5728  -13.5700  -12.9850  -12.8504  -12.7441  -12.7434  -12.7140   -5.8340   -5.5941   -5.2240   -4.6773   -3.7838   -3.3530   -3.2377   -3.0775   -2.8640   -2.5018   -2.4065   -2.3871   -2.0796   -1.8105   -1.7124   -1.5801   -1.4043   -1.3879   -1.2552   -1.2090   -1.1353   -0.5017   -0.2776   -0.2483    2.1076    3.6482    4.2230    4.8482    5.1677    5.1855    5.4648    5.7551    5.8997    5.9761    6.4466    6.4967    6.6379    6.7176    7.0770    7.4116    7.4227    7.7100    7.9054    7.9778    8.1335    8.1555    8.3175    8.3963    8.5669    8.8609    9.1922    9.5173
  5.1931  -42.2299  -42.1955  -42.1921  -42.1917  -22.0896  -22.0664  -22.0239  -21.9289  -21.8846  -21.8764  -21.8407  -21.8357  -21.8222  -21.7569  -21.6774  -21.6728  -16.1956  -16.0454  -16.0167  -16.0154  -16.0040  -15.8345  -15.6406  -15.5487  -15.4011  -15.3329  -15.1913  -15.1695  -15.1514  -15.1206  -15.0926  -15.0710  -15.0703  -15.0685  -14.8942  -14.8901  -14.8813  -13.5641  -13.5525  -12.9939  -12.8501  -12.7354  -12.7257  -12.7205   -5.8398   -5.6459   -5.1929   -4.6678   -3.7949   -3.2960   -3.1727   -3.1446   -2.9455   -2.5338   -2.4084   -2.3809   -2.0725   -1.8104   -1.7752   -1.5621   -1.4016   -1.3988   -1.3064   -1.2308   -1.1351   -0.3187   -0.2539   -0.2208    1.9278    3.6456    4.2332    4.8615    5.1947    5.1952    5.5227    5.7497    5.9575    6.0510    6.3948    6.4662    6.6379    6.7354    7.2236    7.4438    7.4711    7.6856    7.9378    7.9613    8.1551    8.3004    8.3527    8.4617    8.6454    8.7623    9.3419    9.4690
  5.2503  -42.2299  -42.1955  -42.1921  -42.1917  -22.0897  -22.0663  -22.0240  -21.9288  -21.8846  -21.8764  -21.8407  -21.8357  -21.8222  -21.7569  -21.6774  -21.6728  -16.1969  -16.0453  -16.0174  -16.0113  -16.0070  -15.8307  -15.6400  -15.5518  -15.4013  -15.3328  -15.1954  -15.1696  -15.1512  -15.1204  -15.0927  -15.0709  -15.0701  -15.0690  -14.8941  -14.8936  -14.8816  -13.5620  -13.5457  -12.9969  -12.8501  -12.7279  -12.7274  -12.7194   -5.8416   -5.6637   -5.1821   -4.6645   -3.7987   -3.2422   -3.2023   -3.1352   -2.9887   -2.5453   -2.4077   -2.3788   -2.0674   -1.8116   -1.7998   -1.5567   -1.4050   -1.3847   -1.3362   -1.2382   -1.1344   -0.2519   -0.2436   -0.2114    1.8599    3.6450    4.2365    4.8658    5.1972    5.2030    5.5461    5.7463    5.9857    6.0762    6.3728    6.4505    6.6374    6.7423    7.2988    7.4346    7.4948    7.6734    7.9276    7.9557    8.1411    8.3148    8.4061    8.4862    8.5612    8.6708    9.1598    9.4227
