#K-Path     Band-1    Band-2    Band-3    Band-4      ...     Band-n
  0.0000  -44.0866  -44.0825  -44.0823  -44.0822  -23.6961  -23.6912  -23.6710  -23.6669  -23.6659  -23.6531  -23.6461  -23.6437  -23.6399  -23.6079  -23.6041  -23.5917  -16.5430  -16.5406  -16.5321  -16.4890  -16.4822  -16.4473  -16.4433  -16.4421  -16.4215  -16.4038  -16.3638  -16.3500  -16.3197  -16.3190  -16.3168  -16.3058  -16.3013  -16.2908  -16.2208  -16.2136  -12.3907  -11.2571  -11.2514  -10.5425  -10.4743  -10.3589  -10.3365  -10.2239   -6.5894   -5.8704   -5.7338   -4.8601   -4.0906   -3.9011   -3.8258   -3.7380   -3.5994   -3.1794   -2.8953   -2.8289   -2.4636   -2.3170   -2.1062   -2.0814   -1.8772   -1.8135   -1.5415   -1.5273   -1.3774   -0.3253   -0.3200   -0.2361    1.8871    2.1427    2.1909    3.0538    3.2830    3.3474    3.4871    3.5023    3.6133    3.7957    4.0697    4.2736    4.3052    4.5257    4.5290    4.6275    4.7645    4.8260    5.0079    5.1776    5.2204    5.5603    5.7752    5.9309    6.0066    6.0115    6.0560    6.3022
  0.0619  -44.0865  -44.0827  -44.0822  -44.0821  -23.6956  -23.6907  -23.6706  -23.6674  -23.6663  -23.6526  -23.6485  -23.6414  -23.6394  -23.6084  -23.6042  -23.5925  -16.5430  -16.5406  -16.5314  -16.4887  -16.4827  -16.4552  -16.4421  -16.4360  -16.4219  -16.4020  -16.3644  -16.3508  -16.3195  -16.3190  -16.3168  -16.3063  -16.3008  -16.2909  -16.2206  -16.2136  -12.3801  -11.3827  -11.1337  -10.5429  -10.4738  -10.3518  -10.3470  -10.2264   -6.5730   -5.8540   -5.7483   -4.8606   -4.1701   -3.8896   -3.7611   -3.7133   -3.6066   -3.1619   -2.9109   -2.8025   -2.4599   -2.3010   -2.1784   -2.1086   -1.8405   -1.7585   -1.5779   -1.5649   -1.3707   -0.4160   -0.3337   -0.2665    1.9652    2.1982    2.2175    3.0549    3.2768    3.3582    3.3670    3.6231    3.6589    3.8474    4.0213    4.2289    4.3733    4.5052    4.5800    4.5830    4.7805    4.8557    4.9324    5.1102    5.3481    5.5926    5.7450    5.8831    5.9650    6.0318    6.2015    6.3109
  0.1238  -44.0864  -44.0831  -44.0822  -44.0819  -23.6942  -23.6894  -23.6694  -23.6687  -23.6676  -23.6515  -23.6511  -23.6388  -23.6380  -23.6100  -23.6045  -23.5946  -16.5429  -16.5408  -16.5295  -16.4878  -16.4846  -16.4640  -16.4420  -16.4318  -16.4189  -16.3975  -16.3662  -16.3529  -16.3190  -16.3189  -16.3170  -16.3076  -16.2997  -16.2913  -16.2201  -16.2139  -12.3485  -11.5167  -11.0220  -10.5424  -10.4730  -10.3773  -10.3337  -10.2330   -6.5250   -5.8055   -5.7888   -4.8751   -4.2950   -3.8633   -3.7224   -3.6312   -3.5780   -3.1139   -2.9335   -2.7309   -2.4791   -2.3080   -2.2558   -2.1499   -1.7855   -1.6973   -1.6586   -1.6471   -1.3301   -0.6531   -0.3885   -0.3408    2.1862    2.2873    2.3252    3.0544    3.2606    3.2700    3.3839    3.7326    3.7638    3.9797    3.9805    4.1578    4.4171    4.4381    4.5706    4.6818    4.7349    4.8176    4.9546    5.0185    5.4403    5.6085    5.7302    5.7952    5.8835    5.9970    6.1078    6.2662
  0.1857  -44.0861  -44.0835  -44.0821  -44.0818  -23.6919  -23.6872  -23.6706  -23.6699  -23.6675  -23.6542  -23.6489  -23.6370  -23.6356  -23.6123  -23.6050  -23.5977  -16.5429  -16.5410  -16.5263  -16.4886  -16.4864  -16.4707  -16.4418  -16.4333  -16.4107  -16.3918  -16.3692  -16.3565  -16.3188  -16.3183  -16.3171  -16.3091  -16.2984  -16.2918  -16.2194  -16.2144  -12.2966  -11.6527  -10.9183  -10.5384  -10.4740  -10.4251  -10.3114  -10.2417   -6.4499   -5.8504   -5.7268   -4.9325   -4.3789   -3.8613   -3.6800   -3.6567   -3.4091   -3.0413   -2.9215   -2.6353   -2.5688   -2.4040   -2.2010   -2.1916   -1.8645   -1.7543   -1.6889   -1.6176   -1.2213   -0.9663   -0.5202   -0.4141    2.3764    2.4509    2.5105    3.0476    3.2247    3.2359    3.4128    3.7696    3.7837    4.0904    4.1239    4.1462    4.3599    4.3825    4.5124    4.7242    4.7272    4.8985    5.0070    5.0721    5.4420    5.4661    5.7254    5.8214    5.9450    6.0216    6.1430    6.3579
  0.2475  -44.0858  -44.0840  -44.0820  -44.0818  -23.6888  -23.6845  -23.6734  -23.6727  -23.6653  -23.6565  -23.6460  -23.6366  -23.6321  -23.6153  -23.6054  -23.6012  -16.5427  -16.5414  -16.5218  -16.4949  -16.4846  -16.4751  -16.4414  -16.4358  -16.4015  -16.3856  -16.3734  -16.3612  -16.3186  -16.3177  -16.3168  -16.3108  -16.2971  -16.2926  -16.2185  -16.2150  -12.2254  -11.7866  -10.8211  -10.5294  -10.4900  -10.4761  -10.2909  -10.2502   -6.3541   -5.9301   -5.6208   -5.0452   -4.3888   -3.9444   -3.6341   -3.6294   -3.2335   -2.9414   -2.8574   -2.6935   -2.5476   -2.4936   -2.2302   -2.1522   -2.0115   -1.8460   -1.7039   -1.4938   -1.2987   -1.0620   -0.6980   -0.5027    2.4602    2.5382    2.8757    3.0468    3.2011    3.2330    3.4366    3.7188    3.7683    4.0732    4.1540    4.2595    4.2710    4.4578    4.5456    4.7085    4.8906    4.8917    5.0309    5.2079    5.3167    5.4042    5.6918    5.8111    5.9391    5.9829    6.1128    6.1990
  0.3094  -44.0854  -44.0844  -44.0819  -44.0818  -23.6853  -23.6816  -23.6773  -23.6755  -23.6629  -23.6585  -23.6429  -23.6376  -23.6278  -23.6189  -23.6057  -23.6039  -16.5425  -16.5418  -16.5162  -16.5022  -16.4826  -16.4780  -16.4408  -16.4380  -16.3929  -16.3792  -16.3787  -16.3667  -16.3184  -16.3178  -16.3156  -16.3125  -16.2958  -16.2935  -16.2176  -16.2157  -12.1365  -11.9142  -10.7292  -10.5615  -10.5164  -10.4876  -10.2755  -10.2576   -6.2456   -6.0258   -5.4917   -5.1915   -4.3295   -4.0808   -3.5921   -3.5879   -3.0752   -2.8229   -2.8124   -2.7433   -2.5832   -2.5220   -2.2472   -2.2295   -2.0172   -1.8493   -1.8090   -1.5746   -1.3078   -0.9016   -0.8979   -0.6150    2.5254    2.5749    3.0679    3.1562    3.1835    3.2678    3.4635    3.6367    3.8018    3.9671    4.1529    4.2242    4.3031    4.5655    4.5846    4.6737    4.8616    5.0746    5.1470    5.2809    5.3251    5.4136    5.5730    5.6522    5.7984    5.8587    6.1393    6.2483
  0.3713  -44.0849  -44.0849  -44.0819  -44.0819  -23.6813  -23.6813  -23.6785  -23.6785  -23.6607  -23.6607  -23.6399  -23.6399  -23.6232  -23.6232  -23.6054  -23.6054  -16.5422  -16.5422  -16.5095  -16.5095  -16.4804  -16.4804  -16.4397  -16.4396  -16.3853  -16.3852  -16.3729  -16.3728  -16.3181  -16.3181  -16.3141  -16.3141  -16.2946  -16.2946  -16.2166  -16.2166  -12.0319  -12.0319  -10.6424  -10.6424  -10.5014  -10.5014  -10.2651  -10.2651   -6.1333   -6.1333   -5.3456   -5.3456   -4.2195   -4.2195   -3.5726   -3.5726   -2.9430   -2.9430   -2.6862   -2.6862   -2.6100   -2.6100   -2.2580   -2.2580   -1.9450   -1.9450   -1.7507   -1.7507   -1.1051   -1.1051   -0.7494   -0.7494    2.5665    2.5665    3.1091    3.1100    3.2883    3.2884    3.5422    3.5422    3.8743    3.8743    4.2536    4.2537    4.3083    4.3092    4.6446    4.6456    5.0370    5.0374    5.2737    5.2752    5.4198    5.4251    5.5030    5.5101    5.6807    5.6969    6.1326    6.3368
  0.3713  -44.0849  -44.0849  -44.0819  -44.0819  -23.6813  -23.6813  -23.6785  -23.6785  -23.6607  -23.6607  -23.6399  -23.6399  -23.6232  -23.6232  -23.6054  -23.6054  -16.5422  -16.5422  -16.5095  -16.5095  -16.4804  -16.4804  -16.4397  -16.4396  -16.3853  -16.3852  -16.3729  -16.3728  -16.3181  -16.3181  -16.3141  -16.3141  -16.2946  -16.2946  -16.2166  -16.2166  -12.0319  -12.0319  -10.6424  -10.6424  -10.5014  -10.5014  -10.2651  -10.2651   -6.1333   -6.1333   -5.3456   -5.3456   -4.2195   -4.2195   -3.5726   -3.5726   -2.9430   -2.9430   -2.6862   -2.6862   -2.6100   -2.6100   -2.2580   -2.2580   -1.9450   -1.9450   -1.7507   -1.7507   -1.1051   -1.1051   -0.7494   -0.7494    2.5665    2.5665    3.1091    3.1101    3.2882    3.2884    3.5422    3.5426    3.8743    3.8744    4.2536    4.2536    4.3088    4.3091    4.6462    4.6463    5.0370    5.0375    5.2743    5.2752    5.4196    5.4370    5.5050    5.5295    5.6817    5.6912    6.1291    6.2497
  0.4329  -44.0849  -44.0849  -44.0819  -44.0819  -23.6819  -23.6819  -23.6777  -23.6777  -23.6606  -23.6606  -23.6400  -23.6400  -23.6237  -23.6237  -23.6051  -23.6051  -16.5422  -16.5422  -16.5094  -16.5094  -16.4808  -16.4808  -16.4399  -16.4399  -16.3848  -16.3848  -16.3728  -16.3728  -16.3181  -16.3181  -16.3140  -16.3140  -16.2947  -16.2947  -16.2166  -16.2165  -12.0227  -12.0227  -10.6745  -10.6745  -10.4892  -10.4892  -10.2622  -10.2622   -6.1115   -6.1115   -5.3430   -5.3430   -4.2146   -4.2146   -3.5762   -3.5762   -2.9632   -2.9632   -2.7248   -2.7248   -2.5793   -2.5793   -2.2274   -2.2274   -1.9508   -1.9508   -1.7634   -1.7634   -1.0816   -1.0816   -0.7801   -0.7801    2.5341    2.5341    3.0752    3.0755    3.2693    3.2693    3.5466    3.5466    3.9805    3.9805    4.2842    4.2842    4.3382    4.3383    4.6358    4.6370    5.0417    5.0420    5.1446    5.1447    5.3945    5.3980    5.5576    5.5592    5.7332    5.7397    6.1677    6.3859
  0.4944  -44.0848  -44.0848  -44.0820  -44.0820  -23.6828  -23.6828  -23.6763  -23.6763  -23.6602  -23.6602  -23.6405  -23.6405  -23.6248  -23.6248  -23.6045  -23.6045  -16.5422  -16.5422  -16.5089  -16.5089  -16.4820  -16.4820  -16.4407  -16.4407  -16.3836  -16.3836  -16.3725  -16.3725  -16.3181  -16.3181  -16.3137  -16.3137  -16.2951  -16.2951  -16.2164  -16.2164  -11.9957  -11.9957  -10.7510  -10.7510  -10.4674  -10.4674  -10.2566  -10.2566   -6.0494   -6.0494   -5.3368   -5.3368   -4.1998   -4.1998   -3.5842   -3.5842   -3.0445   -3.0445   -2.7318   -2.7318   -2.5539   -2.5538   -2.1623   -2.1623   -1.9941   -1.9941   -1.7562   -1.7562   -1.0326   -1.0326   -0.8660   -0.8660    2.4405    2.4405    3.0076    3.0077    3.3220    3.3222    3.5492    3.5492    4.1158    4.1158    4.2693    4.2702    4.5177    4.5177    4.6747    4.6762    4.9146    4.9170    5.0846    5.0853    5.3230    5.3300    5.5899    5.5931    5.8732    5.8785    6.2004    6.3042
  0.5560  -44.0846  -44.0846  -44.0822  -44.0822  -23.6834  -23.6834  -23.6748  -23.6748  -23.6597  -23.6597  -23.6417  -23.6417  -23.6255  -23.6255  -23.6039  -23.6039  -16.5422  -16.5422  -16.5082  -16.5082  -16.4838  -16.4838  -16.4417  -16.4417  -16.3820  -16.3820  -16.3721  -16.3721  -16.3181  -16.3180  -16.3133  -16.3133  -16.2957  -16.2956  -16.2161  -16.2161  -11.9527  -11.9527  -10.8501  -10.8501  -10.4458  -10.4458  -10.2530  -10.2530   -5.9564   -5.9564   -5.3314   -5.3314   -4.1761   -4.1761   -3.5882   -3.5882   -3.1639   -3.1639   -2.7056   -2.7056   -2.5163   -2.5163   -2.1864   -2.1864   -1.9925   -1.9925   -1.7093   -1.7093   -1.0083   -1.0083   -0.9778   -0.9778    2.3376    2.3376    2.9721    2.9721    3.4038    3.4044    3.5834    3.5835    4.1564    4.1565    4.2694    4.2694    4.5765    4.5767    4.7269    4.7304    4.9536    4.9565    5.1111    5.1154    5.2621    5.2651    5.6202    5.6286    5.9948    6.0227    6.1864    6.6832
  0.6175  -44.0844  -44.0844  -44.0824  -44.0824  -23.6837  -23.6837  -23.6735  -23.6735  -23.6589  -23.6589  -23.6438  -23.6438  -23.6254  -23.6254  -23.6036  -23.6036  -16.5422  -16.5422  -16.5073  -16.5073  -16.4860  -16.4860  -16.4426  -16.4426  -16.3802  -16.3802  -16.3718  -16.3717  -16.3180  -16.3180  -16.3128  -16.3127  -16.2963  -16.2963  -16.2159  -16.2159  -11.8976  -11.8976  -10.9578  -10.9578  -10.4254  -10.4254  -10.2544  -10.2544   -5.8461   -5.8461   -5.3335   -5.3335   -4.1468   -4.1468   -3.5825   -3.5825   -3.2718   -3.2718   -2.7031   -2.7031   -2.4548   -2.4548   -2.2777   -2.2777   -1.9490   -1.9490   -1.6318   -1.6318   -1.1442   -1.1442   -0.9839   -0.9839    2.2923    2.2923    2.9416    2.9416    3.4296    3.4297    3.7015    3.7020    4.0601    4.0601    4.3518    4.3521    4.5998    4.6004    4.6319    4.6342    5.0632    5.0646    5.2139    5.2311    5.3633    5.3692    5.6622    5.6856    6.0236    6.0860    6.2486    6.4720
  0.6791  -44.0841  -44.0841  -44.0827  -44.0827  -23.6837  -23.6837  -23.6727  -23.6727  -23.6578  -23.6578  -23.6466  -23.6466  -23.6247  -23.6247  -23.6036  -23.6036  -16.5422  -16.5422  -16.5064  -16.5063  -16.4882  -16.4882  -16.4434  -16.4434  -16.3787  -16.3787  -16.3714  -16.3714  -16.3180  -16.3180  -16.3122  -16.3122  -16.2969  -16.2969  -16.2156  -16.2156  -11.8378  -11.8378  -11.0599  -11.0599  -10.4068  -10.4068  -10.2600  -10.2600   -5.7342   -5.7342   -5.3493   -5.3493   -4.1176   -4.1176   -3.5877   -3.5877   -3.3102   -3.3102   -2.7680   -2.7680   -2.4276   -2.4276   -2.2829   -2.2829   -1.9298   -1.9298   -1.5323   -1.5323   -1.2897   -1.2897   -1.0177   -1.0177    2.3290    2.3290    2.8845    2.8845    3.4247    3.4247    3.7688    3.7692    4.0180    4.0181    4.4236    4.4241    4.5946    4.5978    4.6526    4.6609    5.0663    5.0762    5.2703    5.2878    5.5552    5.6072    5.7026    5.8327    5.9301    5.9958    6.1467    6.3333
  0.7406  -44.0838  -44.0838  -44.0830  -44.0830  -23.6836  -23.6836  -23.6722  -23.6722  -23.6563  -23.6563  -23.6493  -23.6493  -23.6239  -23.6239  -23.6038  -23.6038  -16.5422  -16.5422  -16.5055  -16.5055  -16.4898  -16.4898  -16.4439  -16.4439  -16.3777  -16.3777  -16.3713  -16.3712  -16.3180  -16.3179  -16.3118  -16.3118  -16.2973  -16.2973  -16.2155  -16.2154  -11.7872  -11.7872  -11.1378  -11.1378  -10.3928  -10.3928  -10.2667  -10.2667   -5.6397   -5.6397   -5.3782   -5.3782   -4.0943   -4.0943   -3.6233   -3.6233   -3.2424   -3.2424   -2.9036   -2.9036   -2.3971   -2.3971   -2.2717   -2.2717   -1.8823   -1.8823   -1.5156   -1.5156   -1.3366   -1.3366   -1.0836   -1.0836    2.4318    2.4318    2.7885    2.7885    3.4222    3.4222    3.6763    3.6764    4.1655    4.1663    4.4199    4.4208    4.5906    4.5926    4.7228    4.7343    5.1145    5.1357    5.3108    5.3246    5.5022    5.5397    5.8403    5.9112    5.9386    6.0042    6.0322    6.4525
  0.8022  -44.0836  -44.0836  -44.0832  -44.0832  -23.6835  -23.6835  -23.6720  -23.6720  -23.6553  -23.6553  -23.6508  -23.6508  -23.6235  -23.6235  -23.6039  -23.6039  -16.5422  -16.5421  -16.5052  -16.5052  -16.4905  -16.4904  -16.4441  -16.4440  -16.3773  -16.3773  -16.3712  -16.3712  -16.3180  -16.3179  -16.3117  -16.3117  -16.2975  -16.2974  -16.2154  -16.2154  -11.7663  -11.7663  -11.1682  -11.1682  -10.3873  -10.3873  -10.2698  -10.2698   -5.5971   -5.5971   -5.3977   -5.3977   -4.0847   -4.0847   -3.6439   -3.6439   -3.1531   -3.1531   -3.0149   -3.0149   -2.3626   -2.3626   -2.2942   -2.2942   -1.8301   -1.8301   -1.5778   -1.5778   -1.2858   -1.2858   -1.1356   -1.1356    2.5178    2.5178    2.7079    2.7080    3.4247    3.4247    3.6267    3.6270    4.3100    4.3103    4.3322    4.3351    4.5857    4.5883    4.7804    4.7911    5.1300    5.1726    5.3075    5.3365    5.5592    5.6267    5.7011    5.9027    5.9573    6.0114    6.1526    6.2120
  0.8022  -44.0836  -44.0836  -44.0832  -44.0832  -23.6835  -23.6835  -23.6720  -23.6720  -23.6553  -23.6553  -23.6508  -23.6508  -23.6235  -23.6235  -23.6039  -23.6039  -16.5422  -16.5421  -16.5052  -16.5052  -16.4905  -16.4904  -16.4441  -16.4440  -16.3773  -16.3773  -16.3712  -16.3712  -16.3180  -16.3179  -16.3117  -16.3117  -16.2975  -16.2974  -16.2154  -16.2154  -11.7663  -11.7663  -11.1682  -11.1682  -10.3873  -10.3873  -10.2698  -10.2698   -5.5971   -5.5971   -5.3977   -5.3977   -4.0847   -4.0847   -3.6439   -3.6439   -3.1531   -3.1531   -3.0149   -3.0149   -2.3626   -2.3626   -2.2942   -2.2942   -1.8301   -1.8301   -1.5778   -1.5778   -1.2858   -1.2858   -1.1356   -1.1356    2.5178    2.5178    2.7080    2.7080    3.4247    3.4247    3.6267    3.6270    4.3100    4.3105    4.3315    4.3355    4.5851    4.5871    4.7812    4.7828    5.1371    5.1825    5.3011    5.3800    5.5979    5.6355    5.6732    5.9137    5.9661    6.0298    6.1228    6.4497
  0.8641  -44.0837  -44.0837  -44.0831  -44.0831  -23.6847  -23.6847  -23.6712  -23.6712  -23.6558  -23.6558  -23.6505  -23.6505  -23.6235  -23.6235  -23.6034  -23.6034  -16.5422  -16.5421  -16.5069  -16.5069  -16.4882  -16.4882  -16.4439  -16.4439  -16.3815  -16.3815  -16.3677  -16.3677  -16.3179  -16.3179  -16.3118  -16.3117  -16.2973  -16.2973  -16.2154  -16.2154  -11.7762  -11.7762  -11.1507  -11.1507  -10.3928  -10.3928  -10.2693  -10.2693   -5.6265   -5.6264   -5.3938   -5.3938   -4.1017   -4.1017   -3.6277   -3.6277   -3.1729   -3.1729   -2.9418   -2.9418   -2.4404   -2.4404   -2.2038   -2.2038   -1.8489   -1.8489   -1.5689   -1.5689   -1.3411   -1.3411   -1.0715   -1.0715    2.3692    2.3692    2.8140    2.8140    3.3708    3.3709    3.7044    3.7046    4.1060    4.1060    4.3983    4.4007    4.5454    4.5470    4.8723    4.8777    5.0450    5.0750    5.4414    5.4524    5.6090    5.6490    5.7539    5.8026    5.9245    5.9517    6.1053    6.2831
  0.9259  -44.0839  -44.0839  -44.0829  -44.0829  -23.6874  -23.6874  -23.6695  -23.6695  -23.6567  -23.6567  -23.6498  -23.6498  -23.6234  -23.6234  -23.6022  -23.6022  -16.5422  -16.5421  -16.5102  -16.5101  -16.4834  -16.4834  -16.4436  -16.4436  -16.3882  -16.3881  -16.3632  -16.3632  -16.3179  -16.3179  -16.3119  -16.3119  -16.2970  -16.2970  -16.2154  -16.2154  -11.8012  -11.8012  -11.1041  -11.1041  -10.4074  -10.4074  -10.2693  -10.2693   -5.6937   -5.6937   -5.3951   -5.3951   -4.1450   -4.1450   -3.5801   -3.5801   -3.1795   -3.1795   -2.8009   -2.8009   -2.5132   -2.5132   -2.0985   -2.0985   -1.9060   -1.9060   -1.5461   -1.5461   -1.3920   -1.3920   -0.9812   -0.9812    2.1468    2.1469    2.9130    2.9131    3.2539    3.2539    3.8226    3.8227    3.8790    3.8793    4.3952    4.3994    4.5427    4.5457    4.8717    4.8857    5.1041    5.1203    5.5133    5.5376    5.6253    5.7334    5.7943    5.8778    5.9445    6.0043    6.0733    6.4491
  0.9878  -44.0841  -44.0841  -44.0827  -44.0827  -23.6903  -23.6903  -23.6679  -23.6679  -23.6576  -23.6576  -23.6492  -23.6492  -23.6233  -23.6233  -23.6006  -23.6006  -16.5421  -16.5421  -16.5133  -16.5133  -16.4779  -16.4779  -16.4429  -16.4429  -16.3951  -16.3951  -16.3595  -16.3595  -16.3179  -16.3179  -16.3120  -16.3120  -16.2965  -16.2965  -16.2155  -16.2155  -11.8314  -11.8314  -11.0420  -11.0420  -10.4273  -10.4273  -10.2717  -10.2717   -5.7692   -5.7692   -5.4108   -5.4108   -4.1981   -4.1981   -3.5075   -3.5075   -3.1627   -3.1627   -2.6921   -2.6921   -2.5076   -2.5076   -2.0709   -2.0709   -1.9512   -1.9512   -1.5259   -1.5259   -1.3630   -1.3630   -0.9182   -0.9182    1.9324    1.9325    2.9493    2.9493    3.0789    3.0789    3.6102    3.6103    4.0887    4.0889    4.3670    4.3693    4.5317    4.5360    4.9016    4.9152    5.1962    5.2305    5.4100    5.4860    5.6901    5.6951    5.8544    5.8969    5.9411    6.0151    6.1798    6.3058
  1.0497  -44.0843  -44.0843  -44.0825  -44.0825  -23.6929  -23.6929  -23.6667  -23.6667  -23.6583  -23.6583  -23.6488  -23.6488  -23.6232  -23.6232  -23.5990  -23.5990  -16.5421  -16.5421  -16.5157  -16.5157  -16.4730  -16.4730  -16.4419  -16.4419  -16.4015  -16.4015  -16.3568  -16.3568  -16.3179  -16.3179  -16.3122  -16.3122  -16.2961  -16.2960  -16.2156  -16.2155  -11.8582  -11.8582  -10.9797  -10.9797  -10.4485  -10.4485  -10.2765  -10.2765   -5.8340   -5.8340   -5.4343   -5.4343   -4.2458   -4.2458   -3.4264   -3.4264   -3.1365   -3.1365   -2.6788   -2.6788   -2.4046   -2.4046   -2.1603   -2.1603   -1.9191   -1.9191   -1.5143   -1.5143   -1.2621   -1.2621   -0.8980   -0.8980    1.7502    1.7502    2.8419    2.8419    2.9916    2.9916    3.4907    3.4908    4.2154    4.2183    4.3799    4.3836    4.5715    4.5837    4.9627    4.9696    5.1631    5.1842    5.3406    5.3667    5.6736    5.7346    5.8317    5.9379    6.0274    6.0582    6.1365    6.1610
  1.1116  -44.0844  -44.0844  -44.0824  -44.0824  -23.6945  -23.6945  -23.6660  -23.6660  -23.6587  -23.6587  -23.6485  -23.6485  -23.6232  -23.6232  -23.5978  -23.5978  -16.5421  -16.5421  -16.5173  -16.5173  -16.4696  -16.4696  -16.4407  -16.4407  -16.4064  -16.4064  -16.3552  -16.3552  -16.3179  -16.3179  -16.3123  -16.3123  -16.2957  -16.2957  -16.2156  -16.2156  -11.8762  -11.8762  -10.9324  -10.9324  -10.4659  -10.4659  -10.2815  -10.2815   -5.8767   -5.8767   -5.4544   -5.4544   -4.2779   -4.2779   -3.3625   -3.3625   -3.1107   -3.1107   -2.6804   -2.6804   -2.3631   -2.3631   -2.2020   -2.2020   -1.8906   -1.8906   -1.5055   -1.5055   -1.1385   -1.1385   -0.9252   -0.9252    1.6237    1.6238    2.6902    2.6902    2.9937    2.9937    3.4288    3.4289    4.2063    4.2078    4.4381    4.4382    4.6584    4.6643    5.0150    5.0242    5.0925    5.1133    5.3809    5.3943    5.5357    5.5428    5.9260    5.9587    6.0174    6.0572    6.1294    6.2536
  1.1735  -44.0844  -44.0844  -44.0824  -44.0824  -23.6951  -23.6951  -23.6658  -23.6658  -23.6589  -23.6589  -23.6484  -23.6484  -23.6231  -23.6231  -23.5974  -23.5974  -16.5421  -16.5421  -16.5178  -16.5178  -16.4684  -16.4684  -16.4401  -16.4401  -16.4082  -16.4082  -16.3546  -16.3546  -16.3179  -16.3178  -16.3123  -16.3123  -16.2956  -16.2956  -16.2156  -16.2156  -11.8825  -11.8825  -10.9145  -10.9145  -10.4729  -10.4729  -10.2836  -10.2836   -5.8916   -5.8916   -5.4622   -5.4622   -4.2891   -4.2891   -3.3388   -3.3388   -3.0985   -3.0985   -2.6790   -2.6790   -2.3821   -2.3821   -2.1889   -2.1889   -1.8799   -1.8799   -1.5020   -1.5020   -1.0570   -1.0570   -0.9706   -0.9706    1.5777    1.5777    2.6341    2.6341    2.9960    2.9960    3.4086    3.4087    4.1910    4.1921    4.4631    4.4633    4.6655    4.6692    5.0626    5.0900    5.1688    5.1873    5.2698    5.2949    5.5523    5.6952    5.9534    6.0003    6.0118    6.0794    6.1552    6.1831
  1.1735  -44.0844  -44.0844  -44.0824  -44.0824  -23.6951  -23.6951  -23.6658  -23.6658  -23.6589  -23.6589  -23.6484  -23.6484  -23.6231  -23.6231  -23.5974  -23.5974  -16.5421  -16.5421  -16.5178  -16.5178  -16.4684  -16.4684  -16.4401  -16.4401  -16.4082  -16.4082  -16.3546  -16.3546  -16.3179  -16.3178  -16.3123  -16.3123  -16.2956  -16.2956  -16.2156  -16.2156  -11.8825  -11.8825  -10.9145  -10.9145  -10.4729  -10.4729  -10.2836  -10.2836   -5.8916   -5.8916   -5.4622   -5.4622   -4.2891   -4.2891   -3.3388   -3.3388   -3.0985   -3.0985   -2.6790   -2.6790   -2.3821   -2.3821   -2.1889   -2.1889   -1.8799   -1.8799   -1.5020   -1.5020   -1.0570   -1.0570   -0.9706   -0.9706    1.5777    1.5777    2.6341    2.6342    2.9960    2.9960    3.4086    3.4087    4.1920    4.1938    4.4630    4.4637    4.6661    4.6753    5.0603    5.0706    5.1713    5.1896    5.2671    5.2792    5.5569    5.6024    5.9250    5.9641    6.0187    6.1615    6.1990    6.2528
  1.2350  -44.0849  -44.0839  -44.0824  -44.0823  -23.6950  -23.6947  -23.6664  -23.6656  -23.6606  -23.6585  -23.6521  -23.6434  -23.6246  -23.6216  -23.5990  -23.5960  -16.5424  -16.5418  -16.5221  -16.5129  -16.4712  -16.4656  -16.4415  -16.4384  -16.4108  -16.4064  -16.3564  -16.3530  -16.3180  -16.3177  -16.3137  -16.3109  -16.2968  -16.2945  -16.2165  -16.2148  -12.0064  -11.7512  -10.9884  -10.8450  -10.4840  -10.4514  -10.2998  -10.2679   -5.9876   -5.8398   -5.5279   -5.3690   -4.3382   -4.2068   -3.4925   -3.3206   -3.2227   -2.8524   -2.7748   -2.6601   -2.3918   -2.3474   -2.2680   -2.0474   -1.9417   -1.8146   -1.5346   -1.5044   -1.1818   -1.1512   -0.9068   -0.8116    1.6096    1.6571    2.5534    2.6887    2.9728    3.0547    3.4068    3.4228    4.1138    4.2159    4.4653    4.5173    4.6063    4.6749    4.9147    4.9720    5.0153    5.1106    5.4192    5.4666    5.5229    5.7474    5.8210    5.9767    6.0177    6.0743    6.1563    6.2345
  1.2966  -44.0854  -44.0835  -44.0824  -44.0823  -23.6944  -23.6940  -23.6672  -23.6670  -23.6629  -23.6583  -23.6528  -23.6396  -23.6266  -23.6192  -23.6008  -23.5948  -16.5426  -16.5414  -16.5256  -16.5075  -16.4740  -16.4629  -16.4424  -16.4364  -16.4139  -16.4051  -16.3583  -16.3518  -16.3182  -16.3177  -16.3151  -16.3095  -16.2979  -16.2935  -16.2175  -16.2143  -12.1178  -11.6194  -11.0602  -10.7851  -10.4811  -10.4249  -10.3155  -10.2538   -6.1176   -5.8229   -5.5714   -5.2597   -4.3480   -4.1027   -3.7208   -3.3320   -3.2448   -2.8895   -2.7701   -2.6310   -2.3753   -2.3363   -2.2986   -1.9625   -1.8030   -1.7594   -1.5991   -1.5315   -1.3670   -1.2460   -0.7761   -0.6520    1.7215    1.8372    2.5048    2.6704    2.9895    3.1311    3.4011    3.4622    4.0181    4.1867    4.3782    4.5176    4.5958    4.6611    4.6862    4.7035    4.9453    5.0809    5.3591    5.3894    5.6299    5.6479    5.7171    5.9403    5.9938    6.0124    6.0671    6.2374
  1.3581  -44.0858  -44.0831  -44.0824  -44.0823  -23.6936  -23.6934  -23.6706  -23.6673  -23.6636  -23.6578  -23.6520  -23.6382  -23.6291  -23.6158  -23.6025  -23.5938  -16.5427  -16.5411  -16.5283  -16.5021  -16.4766  -16.4601  -16.4430  -16.4347  -16.4173  -16.4044  -16.3601  -16.3509  -16.3184  -16.3177  -16.3162  -16.3083  -16.2990  -16.2926  -16.2185  -16.2139  -12.2130  -11.4963  -11.1248  -10.7346  -10.4661  -10.3976  -10.3296  -10.2421   -6.2592   -5.8265   -5.6081   -5.1473   -4.3187   -3.9923   -3.9082   -3.3451   -3.2625   -2.9888   -2.9400   -2.5766   -2.4006   -2.3087   -2.2462   -1.9101   -1.7575   -1.6426   -1.5803   -1.5508   -1.4905   -1.2946   -0.6423   -0.5118    1.8393    2.0657    2.5458    2.5943    3.0158    3.2149    3.3804    3.5105    3.9199    4.1263    4.2597    4.3292    4.3515    4.5101    4.7397    4.7595    4.9688    5.0129    5.2750    5.3165    5.6247    5.7645    5.7981    5.8517    5.9901    6.1206    6.2239    6.2623
  1.4197  -44.0861  -44.0827  -44.0824  -44.0823  -23.6936  -23.6926  -23.6727  -23.6673  -23.6640  -23.6569  -23.6505  -23.6388  -23.6322  -23.6119  -23.6041  -23.5929  -16.5428  -16.5408  -16.5302  -16.4970  -16.4788  -16.4571  -16.4432  -16.4340  -16.4202  -16.4040  -16.3616  -16.3503  -16.3186  -16.3183  -16.3167  -16.3072  -16.3000  -16.2918  -16.2194  -16.2137  -12.2895  -11.3922  -11.1784  -10.6859  -10.4495  -10.3733  -10.3413  -10.2335   -6.3912   -5.8398   -5.6477   -5.0402   -4.2546   -4.0297   -3.8919   -3.3625   -3.3252   -3.1319   -3.0203   -2.6488   -2.4433   -2.2141   -2.2038   -1.8449   -1.8446   -1.7246   -1.6062   -1.5639   -1.4496   -1.0416   -0.5180   -0.3973    1.8945    2.2334    2.4890    2.7024    3.0891    3.3021    3.3483    3.5179    3.8299    4.0148    4.0557    4.1331    4.2511    4.4519    4.7988    4.8380    4.8686    5.0071    5.2036    5.3251    5.5528    5.6316    5.6953    5.7651    5.9884    6.0557    6.1116    6.1588
  1.4813  -44.0864  -44.0825  -44.0825  -44.0823  -23.6946  -23.6919  -23.6728  -23.6672  -23.6646  -23.6555  -23.6488  -23.6406  -23.6354  -23.6088  -23.6050  -23.5923  -16.5429  -16.5406  -16.5314  -16.4928  -16.4806  -16.4538  -16.4433  -16.4357  -16.4215  -16.4039  -16.3628  -16.3501  -16.3190  -16.3188  -16.3168  -16.3064  -16.3007  -16.2913  -16.2201  -16.2136  -12.3453  -11.3161  -11.2184  -10.6319  -10.4441  -10.3560  -10.3484  -10.2280   -6.4974   -5.8549   -5.6889   -4.9478   -4.1591   -4.0849   -3.8149   -3.4691   -3.4378   -3.2249   -2.9675   -2.7530   -2.4530   -2.2405   -2.1277   -1.9383   -1.8495   -1.8216   -1.5651   -1.4983   -1.4883   -0.6912   -0.4162   -0.3132    1.8995    2.2463    2.3638    2.8952    3.2654    3.3073    3.4041    3.4806    3.7348    3.9012    3.9032    3.9916    4.3289    4.4893    4.6959    4.8112    4.9085    4.9507    5.1642    5.2750    5.3540    5.5511    5.6863    5.7470    5.9967    6.0490    6.1393    6.1948
  1.5428  -44.0865  -44.0825  -44.0823  -44.0822  -23.6956  -23.6914  -23.6717  -23.6670  -23.6654  -23.6539  -23.6471  -23.6426  -23.6384  -23.6079  -23.6046  -23.5919  -16.5430  -16.5406  -16.5319  -16.4900  -16.4818  -16.4500  -16.4433  -16.4393  -16.4216  -16.4038  -16.3635  -16.3500  -16.3195  -16.3189  -16.3168  -16.3059  -16.3012  -16.2909  -16.2206  -16.2136  -12.3793  -11.2715  -11.2431  -10.5755  -10.4572  -10.3572  -10.3405  -10.2249   -6.5658   -5.8663   -5.7213   -4.8834   -4.0941   -4.0317   -3.7623   -3.6656   -3.5477   -3.2029   -2.8791   -2.8500   -2.4498   -2.3023   -2.0908   -2.0499   -1.8774   -1.8163   -1.5371   -1.5298   -1.4100   -0.4199   -0.3489   -0.2599    1.8913    2.1843    2.2380    3.0186    3.2876    3.3583    3.4734    3.4842    3.6434    3.8267    3.9918    4.0071    4.4190    4.5475    4.5752    4.7474    4.8056    4.8164    5.1233    5.1918    5.2324    5.5762    5.6983    5.9066    5.9693    6.0532    6.1576    6.2679
  1.6044  -44.0866  -44.0825  -44.0823  -44.0822  -23.6961  -23.6912  -23.6710  -23.6669  -23.6659  -23.6531  -23.6461  -23.6437  -23.6399  -23.6079  -23.6041  -23.5917  -16.5430  -16.5406  -16.5321  -16.4890  -16.4822  -16.4473  -16.4433  -16.4421  -16.4215  -16.4038  -16.3638  -16.3500  -16.3197  -16.3190  -16.3168  -16.3058  -16.3013  -16.2908  -16.2208  -16.2136  -12.3907  -11.2571  -11.2514  -10.5425  -10.4743  -10.3589  -10.3365  -10.2239   -6.5894   -5.8704   -5.7338   -4.8601   -4.0906   -3.9011   -3.8258   -3.7380   -3.5994   -3.1794   -2.8953   -2.8289   -2.4636   -2.3170   -2.1062   -2.0814   -1.8772   -1.8135   -1.5415   -1.5273   -1.3774   -0.3253   -0.3200   -0.2361    1.8871    2.1421    2.1909    3.0538    3.2831    3.3474    3.4858    3.5026    3.6133    3.7956    4.0697    4.2746    4.3050    4.5254    4.5293    4.6275    4.7627    4.8242    5.0088    5.1818    5.2354    5.5604    5.7542    5.9163    5.9995    6.0125    6.1497    6.3396
  1.6044  -44.0866  -44.0825  -44.0823  -44.0822  -23.6961  -23.6912  -23.6710  -23.6669  -23.6659  -23.6531  -23.6461  -23.6437  -23.6399  -23.6079  -23.6041  -23.5917  -16.5430  -16.5406  -16.5321  -16.4890  -16.4822  -16.4473  -16.4433  -16.4421  -16.4215  -16.4038  -16.3638  -16.3500  -16.3197  -16.3190  -16.3168  -16.3058  -16.3013  -16.2908  -16.2208  -16.2136  -12.3907  -11.2571  -11.2514  -10.5425  -10.4743  -10.3589  -10.3365  -10.2239   -6.5894   -5.8704   -5.7338   -4.8601   -4.0906   -3.9011   -3.8258   -3.7380   -3.5994   -3.1794   -2.8953   -2.8289   -2.4636   -2.3170   -2.1062   -2.0814   -1.8772   -1.8135   -1.5415   -1.5273   -1.3774   -0.3253   -0.3200   -0.2361    1.8871    2.1421    2.1909    3.0538    3.2834    3.3474    3.4867    3.5023    3.6133    3.7962    4.0697    4.2733    4.3050    4.5259    4.5303    4.6276    4.7634    4.8282    5.0071    5.1941    5.2331    5.5573    5.7640    5.9518    6.0122    6.0277    6.2050    6.3185
  1.6610  -44.0865  -44.0825  -44.0823  -44.0822  -23.6959  -23.6913  -23.6713  -23.6669  -23.6657  -23.6535  -23.6465  -23.6432  -23.6392  -23.6079  -23.6043  -23.5918  -16.5429  -16.5405  -16.5320  -16.4894  -16.4820  -16.4488  -16.4433  -16.4406  -16.4216  -16.4038  -16.3637  -16.3500  -16.3196  -16.3190  -16.3168  -16.3058  -16.3012  -16.2908  -16.2208  -16.2135  -12.3812  -11.2598  -11.2515  -10.5546  -10.4699  -10.3668  -10.3371  -10.2284   -6.5793   -5.8537   -5.7338   -4.8828   -4.0848   -3.9282   -3.7767   -3.7344   -3.6014   -3.1675   -2.8824   -2.8306   -2.4242   -2.3333   -2.0992   -2.0790   -1.8706   -1.8117   -1.5394   -1.5299   -1.3901   -0.4156   -0.3355   -0.2614    1.8901    2.2029    2.2143    3.0018    3.3162    3.3678    3.4810    3.5066    3.6339    3.8109    3.9930    4.1004    4.3141    4.4929    4.6335    4.6923    4.7544    4.8262    5.1290    5.2345    5.2443    5.5334    5.7542    5.9347    5.9719    6.0271    6.0724    6.3427
  1.7177  -44.0865  -44.0825  -44.0824  -44.0822  -23.6954  -23.6915  -23.6720  -23.6670  -23.6652  -23.6543  -23.6475  -23.6421  -23.6377  -23.6080  -23.6048  -23.5920  -16.5427  -16.5404  -16.5317  -16.4906  -16.4815  -16.4513  -16.4433  -16.4381  -16.4218  -16.4037  -16.3635  -16.3500  -16.3194  -16.3189  -16.3169  -16.3061  -16.3010  -16.2909  -16.2209  -16.2134  -12.3530  -11.2690  -11.2522  -10.5793  -10.4667  -10.3840  -10.3437  -10.2414   -6.5501   -5.8070   -5.7351   -4.9450   -4.0661   -3.9633   -3.7172   -3.6836   -3.6150   -3.1294   -2.8427   -2.8155   -2.3800   -2.3279   -2.0765   -2.0712   -1.8495   -1.8072   -1.5376   -1.5339   -1.4256   -0.6660   -0.3660   -0.3311    1.8986    2.2521    2.3652    2.8875    3.3481    3.3969    3.4399    3.4621    3.7220    3.8656    3.9139    3.9865    4.2729    4.3686    4.6685    4.6713    4.8417    5.0075    5.2742    5.2891    5.4434    5.4642    5.7094    5.8601    5.9141    5.9829    6.0291    6.1858
  1.7744  -44.0864  -44.0825  -44.0825  -44.0823  -23.6946  -23.6919  -23.6727  -23.6672  -23.6647  -23.6554  -23.6487  -23.6408  -23.6357  -23.6087  -23.6050  -23.5922  -16.5425  -16.5403  -16.5312  -16.4924  -16.4806  -16.4540  -16.4433  -16.4358  -16.4218  -16.4035  -16.3631  -16.3500  -16.3190  -16.3189  -16.3170  -16.3065  -16.3006  -16.2911  -16.2209  -16.2132  -12.3070  -11.2868  -11.2544  -10.6031  -10.4748  -10.4025  -10.3597  -10.2617   -6.5044   -5.7406   -5.7404   -5.0331   -4.0321   -3.9967   -3.6849   -3.6385   -3.5672   -3.0678   -2.7715   -2.7652   -2.4423   -2.2152   -2.0580   -2.0317   -1.8125   -1.8025   -1.5495   -1.5302   -1.4736   -0.9972   -0.4377   -0.4167    1.9110    2.3139    2.5080    2.7543    3.1928    3.2541    3.4670    3.4894    3.8897    3.9062    3.9831    4.0129    4.2399    4.2508    4.5958    4.7532    4.8261    5.1947    5.2206    5.3804    5.5122    5.6265    5.6895    5.7412    5.8967    5.9778    6.0900    6.2865
  1.8310  -44.0862  -44.0826  -44.0825  -44.0823  -23.6938  -23.6923  -23.6730  -23.6673  -23.6642  -23.6563  -23.6498  -23.6395  -23.6337  -23.6103  -23.6046  -23.5926  -16.5421  -16.5402  -16.5304  -16.4949  -16.4795  -16.4563  -16.4433  -16.4343  -16.4214  -16.4033  -16.3625  -16.3501  -16.3188  -16.3186  -16.3171  -16.3070  -16.3001  -16.2913  -16.2209  -16.2130  -12.2445  -11.3149  -11.2586  -10.6209  -10.4956  -10.4166  -10.3840  -10.2881   -6.4454   -5.7527   -5.6719   -5.1332   -4.0239   -3.9841   -3.7013   -3.5931   -3.4295   -2.9985   -2.6919   -2.6620   -2.5047   -2.1066   -2.0477   -1.9586   -1.8046   -1.7603   -1.5636   -1.5582   -1.5033   -1.3334   -0.5722   -0.4867    1.9244    2.3676    2.5524    2.6179    3.0006    3.1138    3.4379    3.5254    3.9488    4.0032    4.1011    4.1307    4.1490    4.3064    4.5789    4.6395    4.9195    5.0675    5.1164    5.4121    5.5449    5.6385    5.7312    5.8426    5.9208    6.0382    6.1468    6.3271
  1.8877  -44.0860  -44.0828  -44.0824  -44.0823  -23.6933  -23.6929  -23.6725  -23.6674  -23.6639  -23.6571  -23.6508  -23.6386  -23.6316  -23.6125  -23.6038  -23.5931  -16.5417  -16.5402  -16.5293  -16.4977  -16.4781  -16.4584  -16.4434  -16.4339  -16.4202  -16.4031  -16.3618  -16.3503  -16.3187  -16.3181  -16.3172  -16.3078  -16.2995  -16.2916  -16.2208  -16.2128  -12.1679  -11.3534  -11.2646  -10.6370  -10.5226  -10.4236  -10.4135  -10.3184   -6.3762   -5.7727   -5.6240   -5.2345   -4.0265   -3.9432   -3.7094   -3.5029   -3.2751   -2.9362   -2.6344   -2.5354   -2.5187   -2.0931   -2.0009   -1.8693   -1.8222   -1.6960   -1.6814   -1.5755   -1.5696   -1.4535   -0.7249   -0.5736    1.9354    2.3498    2.4795    2.5142    2.8496    3.0631    3.3335    3.5245    3.9760    4.0327    4.0339    4.2059    4.2071    4.3047    4.5645    4.5812    4.8544    4.9839    5.2317    5.3767    5.5058    5.6846    5.7343    5.8668    6.0075    6.0588    6.1311    6.4467
  1.9444  -44.0858  -44.0830  -44.0824  -44.0823  -23.6935  -23.6932  -23.6711  -23.6674  -23.6637  -23.6576  -23.6517  -23.6382  -23.6297  -23.6150  -23.6028  -23.5936  -16.5413  -16.5402  -16.5278  -16.5009  -16.4764  -16.4603  -16.4434  -16.4347  -16.4182  -16.4031  -16.3610  -16.3507  -16.3186  -16.3177  -16.3172  -16.3086  -16.2988  -16.2920  -16.2204  -16.2128  -12.0801  -11.3997  -11.2697  -10.6691  -10.5397  -10.4472  -10.4203  -10.3497   -6.2990   -5.7986   -5.6170   -5.3297   -3.9851   -3.9447   -3.6409   -3.3998   -3.1145   -2.8845   -2.6325   -2.5004   -2.3879   -2.2748   -1.8873   -1.8625   -1.7921   -1.7759   -1.6302   -1.5733   -1.5710   -1.4356   -0.8866   -0.6738    1.9403    2.2239    2.3505    2.4944    2.7616    3.0419    3.1801    3.4802    3.7981    3.8961    4.0746    4.1149    4.2291    4.3300    4.3830    4.7053    4.9836    5.0295    5.3165    5.3549    5.5377    5.6344    5.6617    5.8616    5.9325    6.0129    6.0728    6.2040
  2.0010  -44.0856  -44.0833  -44.0824  -44.0823  -23.6940  -23.6934  -23.6691  -23.6673  -23.6634  -23.6580  -23.6524  -23.6386  -23.6279  -23.6175  -23.6017  -23.5942  -16.5409  -16.5402  -16.5260  -16.5041  -16.4747  -16.4618  -16.4435  -16.4361  -16.4158  -16.4032  -16.3600  -16.3513  -16.3185  -16.3177  -16.3167  -16.3096  -16.2980  -16.2924  -16.2198  -16.2130  -11.9858  -11.4502  -11.2695  -10.7292  -10.5399  -10.4787  -10.4114  -10.3763   -6.2155   -5.8255   -5.6543   -5.4176   -3.9657   -3.8971   -3.5142   -3.2979   -2.9623   -2.8452   -2.6332   -2.6177   -2.4511   -2.1770   -1.9453   -1.7842   -1.7455   -1.7423   -1.5830   -1.5388   -1.5172   -1.4044   -1.0451   -0.7821    1.9346    2.0900    2.2638    2.4543    2.7262    2.9774    3.0074    3.4056    3.5038    3.6069    4.0095    4.2016    4.3111    4.3233    4.3666    4.7604    5.0505    5.0675    5.2453    5.3103    5.4906    5.5462    5.6682    5.6936    5.7773    6.0228    6.0715    6.2252
  2.0577  -44.0853  -44.0835  -44.0824  -44.0823  -23.6945  -23.6939  -23.6670  -23.6669  -23.6629  -23.6582  -23.6528  -23.6399  -23.6264  -23.6195  -23.6006  -23.5949  -16.5407  -16.5402  -16.5240  -16.5074  -16.4728  -16.4632  -16.4434  -16.4378  -16.4134  -16.4037  -16.3589  -16.3520  -16.3184  -16.3178  -16.3161  -16.3106  -16.2973  -16.2929  -16.2190  -16.2134  -11.8907  -11.5019  -11.2573  -10.8104  -10.5367  -10.5065  -10.3990  -10.3912   -6.1285   -5.8459   -5.7193   -5.5032   -3.9712   -3.7834   -3.3714   -3.2062   -2.9318   -2.8121   -2.7996   -2.6147   -2.4039   -2.0382   -2.0205   -1.7639   -1.7031   -1.7029   -1.5141   -1.4828   -1.4394   -1.3698   -1.1753   -0.8931    1.9168    1.9990    2.2529    2.3869    2.7010    2.8234    2.8680    3.1627    3.3027    3.4043    3.9477    4.1943    4.3914    4.3985    4.4883    4.7760    4.9087    4.9798    5.1935    5.2538    5.3738    5.4767    5.5364    5.7709    5.8387    5.9981    6.0783    6.2756
  2.1144  -44.0850  -44.0838  -44.0824  -44.0823  -23.6949  -23.6944  -23.6667  -23.6657  -23.6614  -23.6584  -23.6525  -23.6422  -23.6252  -23.6211  -23.5995  -23.5957  -16.5404  -16.5402  -16.5217  -16.5106  -16.4710  -16.4646  -16.4432  -16.4394  -16.4110  -16.4044  -16.3577  -16.3530  -16.3183  -16.3179  -16.3154  -16.3116  -16.2965  -16.2935  -16.2180  -16.2140  -11.8018  -11.5532  -11.2262  -10.9039  -10.5392  -10.5279  -10.3921  -10.3875   -6.0436   -5.8493   -5.7913   -5.5901   -3.9448   -3.6907   -3.2587   -3.1343   -3.1141   -2.8063   -2.7094   -2.5873   -2.3483   -2.0862   -1.9202   -1.7857   -1.7066   -1.7012   -1.4266   -1.4250   -1.3658   -1.3422   -1.2280   -1.0006    1.9078    1.9686    2.3057    2.3147    2.6041    2.6318    2.7844    2.9238    3.1180    3.3057    3.9232    4.1104    4.4894    4.5054    4.6502    4.7277    4.8100    4.8242    5.0440    5.1511    5.2972    5.3152    5.3881    5.7176    5.9519    6.0161    6.0946    6.3374
  2.1710  -44.0847  -44.0841  -44.0824  -44.0823  -23.6951  -23.6948  -23.6663  -23.6656  -23.6597  -23.6585  -23.6511  -23.6452  -23.6241  -23.6222  -23.5984  -23.5965  -16.5403  -16.5402  -16.5192  -16.5137  -16.4692  -16.4660  -16.4428  -16.4408  -16.4089  -16.4056  -16.3565  -16.3541  -16.3182  -16.3180  -16.3146  -16.3127  -16.2957  -16.2942  -16.2169  -16.2148  -11.7246  -11.6048  -11.1714  -11.0016  -10.5447  -10.5414  -10.3855  -10.3806   -5.9709   -5.8572   -5.8221   -5.6775   -3.8802   -3.6917   -3.2304   -3.2171   -3.0047   -2.8374   -2.6322   -2.5726   -2.2743   -2.1352   -1.8397   -1.8133   -1.7606   -1.7288   -1.3840   -1.3650   -1.3087   -1.3077   -1.2107   -1.0969    1.9325    1.9908    2.2339    2.3756    2.4864    2.4955    2.6248    2.9099    2.9752    3.2042    3.9315    4.0295    4.5268    4.5762    4.6692    4.7321    4.8228    4.8419    5.0083    5.0637    5.1817    5.2245    5.3379    5.5007    6.0120    6.0421    6.0546    6.2620
  2.2277  -44.0844  -44.0844  -44.0824  -44.0824  -23.6950  -23.6950  -23.6659  -23.6659  -23.6589  -23.6589  -23.6484  -23.6484  -23.6232  -23.6232  -23.5974  -23.5974  -16.5402  -16.5402  -16.5165  -16.5165  -16.4675  -16.4675  -16.4420  -16.4420  -16.4071  -16.4071  -16.3553  -16.3553  -16.3181  -16.3181  -16.3137  -16.3137  -16.2949  -16.2949  -16.2159  -16.2158  -11.6602  -11.6602  -11.0940  -11.0940  -10.5466  -10.5466  -10.3801  -10.3801   -5.9138   -5.9138   -5.7595   -5.7595   -3.7833   -3.7833   -3.2257   -3.2257   -2.9054   -2.9054   -2.5862   -2.5862   -2.1947   -2.1947   -1.8197   -1.8197   -1.7680   -1.7680   -1.3550   -1.3550   -1.2859   -1.2859   -1.1692   -1.1692    1.9838    1.9838    2.2641    2.2641    2.4520    2.4524    2.7163    2.7163    3.0850    3.0853    3.9679    3.9679    4.5478    4.5486    4.6949    4.6955    4.9443    4.9454    4.9706    4.9751    5.1399    5.1437    5.3812    5.3816    6.0109    6.0249    6.0568    6.1359
  2.2277  -44.0844  -44.0844  -44.0824  -44.0824  -23.6950  -23.6950  -23.6659  -23.6659  -23.6589  -23.6589  -23.6484  -23.6484  -23.6232  -23.6232  -23.5974  -23.5974  -16.5402  -16.5402  -16.5165  -16.5165  -16.4675  -16.4675  -16.4420  -16.4420  -16.4071  -16.4071  -16.3553  -16.3553  -16.3181  -16.3181  -16.3137  -16.3137  -16.2949  -16.2949  -16.2159  -16.2158  -11.6602  -11.6602  -11.0940  -11.0940  -10.5466  -10.5466  -10.3801  -10.3801   -5.9138   -5.9138   -5.7595   -5.7595   -3.7833   -3.7833   -3.2257   -3.2257   -2.9054   -2.9054   -2.5862   -2.5862   -2.1947   -2.1947   -1.8197   -1.8197   -1.7680   -1.7680   -1.3550   -1.3550   -1.2859   -1.2859   -1.1692   -1.1692    1.9838    1.9838    2.2641    2.2641    2.4523    2.4526    2.7163    2.7164    3.0851    3.0859    3.9679    3.9679    4.5481    4.5491    4.6949    4.6949    4.9440    4.9441    4.9706    4.9711    5.1399    5.1446    5.3812    5.3829    6.0127    6.0301    6.0904    6.1830
  2.2896  -44.0844  -44.0844  -44.0824  -44.0824  -23.6944  -23.6944  -23.6661  -23.6661  -23.6587  -23.6587  -23.6485  -23.6485  -23.6232  -23.6232  -23.5979  -23.5979  -16.5402  -16.5402  -16.5161  -16.5161  -16.4688  -16.4688  -16.4423  -16.4423  -16.4054  -16.4054  -16.3558  -16.3558  -16.3181  -16.3181  -16.3136  -16.3136  -16.2950  -16.2950  -16.2159  -16.2159  -11.6575  -11.6575  -11.0908  -11.0908  -10.5513  -10.5513  -10.3863  -10.3863   -5.8999   -5.8999   -5.7470   -5.7470   -3.7769   -3.7769   -3.2332   -3.2332   -2.9028   -2.9028   -2.5986   -2.5986   -2.1900   -2.1900   -1.8364   -1.8364   -1.7656   -1.7656   -1.3827   -1.3827   -1.2972   -1.2972   -1.1971   -1.1971    1.9998    1.9998    2.3026    2.3026    2.4872    2.4874    2.7682    2.7682    3.0975    3.0976    3.9954    3.9954    4.4744    4.4746    4.6543    4.6543    4.8455    4.8456    5.0605    5.0636    5.2670    5.2700    5.3887    5.3962    5.9993    6.0155    6.0845    6.2405
  2.3515  -44.0843  -44.0843  -44.0825  -44.0825  -23.6928  -23.6928  -23.6668  -23.6668  -23.6583  -23.6583  -23.6488  -23.6488  -23.6233  -23.6233  -23.5990  -23.5990  -16.5402  -16.5402  -16.5146  -16.5146  -16.4724  -16.4724  -16.4429  -16.4429  -16.4009  -16.4009  -16.3573  -16.3573  -16.3182  -16.3182  -16.3134  -16.3134  -16.2952  -16.2952  -16.2160  -16.2160  -11.6502  -11.6502  -11.0817  -11.0817  -10.5634  -10.5634  -10.4038  -10.4038   -5.8607   -5.8607   -5.7127   -5.7127   -3.7580   -3.7580   -3.2574   -3.2574   -2.8969   -2.8969   -2.6271   -2.6271   -2.1797   -2.1797   -1.8781   -1.8781   -1.7621   -1.7621   -1.4748   -1.4748   -1.3258   -1.3258   -1.2530   -1.2530    2.0439    2.0439    2.3856    2.3857    2.6040    2.6040    2.8961    2.8961    3.1525    3.1525    4.0610    4.0610    4.2994    4.3001    4.5628    4.5628    4.8167    4.8168    5.2024    5.2099    5.3305    5.3481    5.5169    5.5262    5.9055    5.9316    6.0803    6.1127
  2.4133  -44.0841  -44.0841  -44.0827  -44.0827  -23.6902  -23.6902  -23.6680  -23.6680  -23.6576  -23.6576  -23.6492  -23.6492  -23.6234  -23.6234  -23.6006  -23.6006  -16.5402  -16.5402  -16.5124  -16.5124  -16.4773  -16.4773  -16.4435  -16.4435  -16.3948  -16.3948  -16.3599  -16.3599  -16.3183  -16.3182  -16.3131  -16.3131  -16.2956  -16.2955  -16.2161  -16.2161  -11.6397  -11.6397  -11.0691  -11.0691  -10.5781  -10.5781  -10.4298  -10.4298   -5.8039   -5.8039   -5.6661   -5.6661   -3.7273   -3.7273   -3.3025   -3.3025   -2.8940   -2.8940   -2.6469   -2.6469   -2.1752   -2.1752   -1.9367   -1.9367   -1.7603   -1.7603   -1.6052   -1.6052   -1.3666   -1.3666   -1.3046   -1.3046    2.1097    2.1097    2.4678    2.4678    2.7967    2.7967    3.0083    3.0083    3.3016    3.3016    4.0235    4.0239    4.2179    4.2192    4.5013    4.5013    4.8361    4.8387    5.2563    5.2968    5.3799    5.4025    5.6388    5.6587    5.7846    5.9785    6.0828    6.1361
  2.4752  -44.0839  -44.0839  -44.0829  -44.0829  -23.6873  -23.6873  -23.6696  -23.6696  -23.6567  -23.6567  -23.6498  -23.6498  -23.6235  -23.6235  -23.6022  -23.6022  -16.5402  -16.5402  -16.5095  -16.5094  -16.4827  -16.4827  -16.4440  -16.4440  -16.3882  -16.3882  -16.3635  -16.3635  -16.3183  -16.3183  -16.3127  -16.3127  -16.2959  -16.2959  -16.2163  -16.2162  -11.6289  -11.6289  -11.0564  -11.0564  -10.5899  -10.5899  -10.4592  -10.4592   -5.7426   -5.7426   -5.6200   -5.6200   -3.6859   -3.6859   -3.3685   -3.3685   -2.9006   -2.9006   -2.6282   -2.6282   -2.2032   -2.2032   -2.0067   -2.0067   -1.7649   -1.7649   -1.6985   -1.6985   -1.4141   -1.4141   -1.3453   -1.3453    2.1839    2.1839    2.5441    2.5441    2.9955    2.9955    3.0992    3.0993    3.4381    3.4381    3.9595    3.9600    4.1840    4.1844    4.5664    4.5676    4.8299    4.8349    5.2255    5.2753    5.4362    5.5104    5.5398    5.7586    5.8815    5.9495    6.0561    6.3217
  2.5371  -44.0837  -44.0837  -44.0831  -44.0831  -23.6846  -23.6846  -23.6713  -23.6712  -23.6557  -23.6557  -23.6504  -23.6504  -23.6235  -23.6235  -23.6035  -23.6035  -16.5402  -16.5402  -16.5065  -16.5065  -16.4873  -16.4873  -16.4443  -16.4443  -16.3818  -16.3818  -16.3678  -16.3678  -16.3184  -16.3184  -16.3125  -16.3125  -16.2962  -16.2961  -16.2164  -16.2163  -11.6207  -11.6207  -11.0472  -11.0472  -10.5953  -10.5953  -10.4840  -10.4840   -5.6940   -5.6940   -5.5870   -5.5870   -3.6371   -3.6371   -3.4428   -3.4428   -2.9110   -2.9110   -2.5630   -2.5630   -2.2967   -2.2967   -2.0504   -2.0504   -1.7772   -1.7772   -1.7234   -1.7234   -1.4546   -1.4546   -1.3725   -1.3725    2.2423    2.2423    2.6142    2.6142    3.0701    3.0702    3.2654    3.2654    3.4128    3.4128    3.9555    3.9556    4.2399    4.2404    4.6617    4.6627    4.7987    4.8030    5.1626    5.1659    5.2951    5.3400    5.6640    5.7162    5.8930    5.9511    6.0041    6.1326
  2.5990  -44.0836  -44.0836  -44.0832  -44.0832  -23.6835  -23.6835  -23.6721  -23.6721  -23.6553  -23.6553  -23.6508  -23.6508  -23.6236  -23.6236  -23.6039  -23.6039  -16.5402  -16.5402  -16.5050  -16.5050  -16.4893  -16.4893  -16.4444  -16.4444  -16.3780  -16.3780  -16.3709  -16.3709  -16.3184  -16.3184  -16.3124  -16.3124  -16.2963  -16.2962  -16.2164  -16.2164  -11.6176  -11.6176  -11.0438  -11.0438  -10.5962  -10.5962  -10.4942  -10.4942   -5.6753   -5.6753   -5.5753   -5.5753   -3.6048   -3.6048   -3.4861   -3.4861   -2.9155   -2.9155   -2.4943   -2.4943   -2.3845   -2.3845   -2.0606   -2.0606   -1.7809   -1.7809   -1.7259   -1.7259   -1.4709   -1.4709   -1.3823   -1.3823    2.2640    2.2640    2.6480    2.6480    3.0961    3.0963    3.2634    3.2634    3.4863    3.4863    3.8548    3.8548    4.4751    4.4755    4.5078    4.5094    4.9372    4.9384    4.9859    4.9869    5.3061    5.3253    5.7337    5.8588    5.9293    5.9451    6.0146    6.1714
  2.5990  -44.0836  -44.0836  -44.0832  -44.0832  -23.6835  -23.6835  -23.6721  -23.6721  -23.6553  -23.6553  -23.6508  -23.6508  -23.6236  -23.6236  -23.6039  -23.6039  -16.5402  -16.5402  -16.5050  -16.5050  -16.4893  -16.4893  -16.4444  -16.4444  -16.3780  -16.3780  -16.3709  -16.3709  -16.3184  -16.3184  -16.3124  -16.3124  -16.2963  -16.2962  -16.2164  -16.2164  -11.6176  -11.6176  -11.0438  -11.0438  -10.5962  -10.5962  -10.4942  -10.4942   -5.6753   -5.6753   -5.5753   -5.5753   -3.6048   -3.6048   -3.4861   -3.4861   -2.9155   -2.9155   -2.4943   -2.4943   -2.3845   -2.3845   -2.0606   -2.0606   -1.7809   -1.7809   -1.7259   -1.7259   -1.4709   -1.4709   -1.3823   -1.3823    2.2640    2.2640    2.6480    2.6480    3.0961    3.0961    3.2634    3.2637    3.4863    3.4863    3.8548    3.8548    4.4751    4.4765    4.5075    4.5117    4.9369    4.9373    4.9849    4.9870    5.3158    5.3617    5.7484    5.8464    5.9179    5.9278    6.0205    6.1722
  2.6557  -44.0837  -44.0837  -44.0831  -44.0831  -23.6835  -23.6835  -23.6721  -23.6721  -23.6558  -23.6558  -23.6501  -23.6501  -23.6237  -23.6237  -23.6039  -23.6039  -16.5402  -16.5402  -16.5051  -16.5051  -16.4892  -16.4891  -16.4443  -16.4443  -16.3781  -16.3781  -16.3709  -16.3709  -16.3184  -16.3184  -16.3124  -16.3124  -16.2962  -16.2962  -16.2164  -16.2164  -11.6253  -11.6253  -11.0442  -11.0442  -10.5971  -10.5971  -10.4797  -10.4797   -5.7372   -5.7372   -5.5085   -5.5085   -3.6025   -3.6025   -3.4740   -3.4740   -2.9581   -2.9581   -2.5576   -2.5576   -2.3286   -2.3286   -2.0808   -2.0808   -1.8075   -1.8075   -1.7107   -1.7107   -1.4723   -1.4723   -1.3428   -1.3428    2.2642    2.2642    2.5985    2.5985    3.0604    3.0607    3.3338    3.3339    3.5489    3.5489    3.8878    3.8879    4.4564    4.4582    4.5856    4.5967    4.9387    4.9517    5.0018    5.0101    5.3273    5.3530    5.7414    5.7931    5.8201    5.8786    6.0830    6.2698
  2.7123  -44.0839  -44.0839  -44.0829  -44.0829  -23.6836  -23.6836  -23.6723  -23.6723  -23.6567  -23.6567  -23.6486  -23.6486  -23.6241  -23.6241  -23.6038  -23.6038  -16.5404  -16.5403  -16.5054  -16.5054  -16.4886  -16.4886  -16.4441  -16.4440  -16.3785  -16.3784  -16.3711  -16.3711  -16.3184  -16.3183  -16.3126  -16.3126  -16.2962  -16.2961  -16.2164  -16.2163  -11.6487  -11.6487  -11.0417  -11.0417  -10.5938  -10.5938  -10.4455  -10.4455   -5.8213   -5.8213   -5.4116   -5.4116   -3.6090   -3.6090   -3.4363   -3.4363   -3.0547   -3.0547   -2.6604   -2.6604   -2.2676   -2.2676   -2.1337   -2.1337   -1.8348   -1.8348   -1.6891   -1.6891   -1.4458   -1.4458   -1.2875   -1.2875    2.2676    2.2676    2.5038    2.5038    3.0408    3.0409    3.4469    3.4469    3.6479    3.6479    4.0190    4.0194    4.4927    4.4954    4.7134    4.7144    4.9486    4.9487    5.0511    5.0591    5.3608    5.3825    5.6646    5.6734    5.7699    5.7965    6.1162    6.1930
  2.7690  -44.0840  -44.0840  -44.0827  -44.0827  -23.6837  -23.6837  -23.6726  -23.6726  -23.6576  -23.6576  -23.6468  -23.6468  -23.6246  -23.6246  -23.6037  -23.6037  -16.5405  -16.5405  -16.5059  -16.5059  -16.4877  -16.4877  -16.4437  -16.4437  -16.3790  -16.3789  -16.3714  -16.3714  -16.3183  -16.3183  -16.3128  -16.3128  -16.2961  -16.2960  -16.2164  -16.2163  -11.6878  -11.6878  -11.0293  -11.0293  -10.5811  -10.5811  -10.4052  -10.4052   -5.8942   -5.8942   -5.3228   -5.3228   -3.6552   -3.6552   -3.3799   -3.3799   -3.1514   -3.1514   -2.7488   -2.7488   -2.2856   -2.2856   -2.1795   -2.1795   -1.8345   -1.8345   -1.6312   -1.6312   -1.4305   -1.4305   -1.2521   -1.2521    2.2592    2.2592    2.4648    2.4648    3.0600    3.0600    3.5510    3.5511    3.7073    3.7073    4.2273    4.2274    4.5974    4.5995    4.8299    4.8306    4.9803    4.9842    5.1515    5.1777    5.4295    5.5215    5.5408    5.6368    5.8420    5.8934    6.1337    6.2603
  2.8257  -44.0842  -44.0842  -44.0826  -44.0826  -23.6837  -23.6837  -23.6731  -23.6731  -23.6584  -23.6584  -23.6450  -23.6450  -23.6251  -23.6251  -23.6036  -23.6036  -16.5408  -16.5407  -16.5065  -16.5065  -16.4866  -16.4866  -16.4432  -16.4432  -16.3797  -16.3797  -16.3717  -16.3717  -16.3182  -16.3182  -16.3130  -16.3130  -16.2959  -16.2959  -16.2163  -16.2163  -11.7399  -11.7399  -11.0018  -11.0018  -10.5598  -10.5598  -10.3676  -10.3676   -5.9527   -5.9527   -5.2528   -5.2528   -3.7565   -3.7565   -3.3228   -3.3228   -3.2304   -3.2304   -2.7718   -2.7718   -2.3572   -2.3572   -2.2248   -2.2248   -1.7950   -1.7950   -1.5593   -1.5593   -1.4493   -1.4493   -1.2335   -1.2335    2.2308    2.2308    2.5308    2.5308    3.1029    3.1029    3.6256    3.6257    3.7587    3.7588    4.4154    4.4156    4.7194    4.7229    4.8767    4.8861    5.0628    5.0636    5.2571    5.2607    5.4121    5.4278    5.5344    5.6349    5.8768    6.0163    6.1361    6.2707
  2.8823  -44.0844  -44.0844  -44.0824  -44.0824  -23.6837  -23.6837  -23.6738  -23.6738  -23.6591  -23.6591  -23.6433  -23.6433  -23.6255  -23.6255  -23.6037  -23.6037  -16.5410  -16.5410  -16.5071  -16.5071  -16.4854  -16.4854  -16.4426  -16.4426  -16.3806  -16.3805  -16.3720  -16.3720  -16.3182  -16.3182  -16.3133  -16.3133  -16.2957  -16.2957  -16.2163  -16.2163  -11.7995  -11.7995  -10.9590  -10.9590  -10.5334  -10.5334  -10.3369  -10.3369   -5.9983   -5.9983   -5.2096   -5.2096   -3.8866   -3.8866   -3.3368   -3.3368   -3.2462   -3.2462   -2.7182   -2.7182   -2.4302   -2.4302   -2.2626   -2.2626   -1.7535   -1.7535   -1.5842   -1.5842   -1.4066   -1.4066   -1.2199   -1.2199    2.2301    2.2301    2.6573    2.6573    3.1559    3.1562    3.6522    3.6524    3.8287    3.8290    4.5304    4.5352    4.7454    4.7545    4.9017    4.9026    5.1234    5.1288    5.2300    5.2460    5.4797    5.5205    5.6686    5.7109    5.8952    6.0202    6.1535    6.2908
  2.9390  -44.0846  -44.0846  -44.0822  -44.0822  -23.6835  -23.6835  -23.6745  -23.6745  -23.6596  -23.6596  -23.6420  -23.6420  -23.6256  -23.6256  -23.6038  -23.6038  -16.5413  -16.5413  -16.5078  -16.5078  -16.4841  -16.4841  -16.4419  -16.4419  -16.3816  -16.3816  -16.3722  -16.3722  -16.3182  -16.3181  -16.3135  -16.3135  -16.2955  -16.2955  -16.2164  -16.2163  -11.8604  -11.8604  -10.9036  -10.9036  -10.5070  -10.5070  -10.3142  -10.3142   -6.0345   -6.0345   -5.1982   -5.1982   -4.0080   -4.0080   -3.4261   -3.4261   -3.1835   -3.1835   -2.6590   -2.6590   -2.4836   -2.4836   -2.2551   -2.2551   -1.7393   -1.7393   -1.6952   -1.6952   -1.3037   -1.3037   -1.1955   -1.1955    2.2767    2.2768    2.8037    2.8037    3.2080    3.2083    3.6275    3.6276    3.9139    3.9140    4.4881    4.4928    4.7261    4.7321    4.9233    4.9270    5.0358    5.0369    5.2923    5.3092    5.4428    5.4469    5.7911    5.8379    5.9046    5.9283    6.1692    6.2406
  2.9957  -44.0847  -44.0847  -44.0821  -44.0821  -23.6832  -23.6832  -23.6754  -23.6754  -23.6600  -23.6600  -23.6410  -23.6410  -23.6252  -23.6252  -23.6042  -23.6042  -16.5416  -16.5416  -16.5084  -16.5083  -16.4829  -16.4829  -16.4413  -16.4413  -16.3827  -16.3826  -16.3725  -16.3725  -16.3181  -16.3181  -16.3137  -16.3137  -16.2952  -16.2952  -16.2164  -16.2164  -11.9171  -11.9171  -10.8404  -10.8404  -10.4863  -10.4863  -10.2979  -10.2979   -6.0648   -6.0648   -5.2174   -5.2173   -4.1002   -4.1002   -3.5011   -3.5011   -3.1127   -3.1127   -2.6572   -2.6572   -2.5151   -2.5151   -2.1839   -2.1839   -1.8356   -1.8356   -1.7399   -1.7399   -1.2190   -1.2190   -1.1271   -1.1271    2.3652    2.3652    2.9410    2.9410    3.2461    3.2465    3.5632    3.5639    3.9939    3.9942    4.3301    4.3335    4.7343    4.7396    4.8631    4.8663    4.9975    4.9990    5.2523    5.2609    5.4446    5.4616    5.7230    5.7599    5.9933    6.1070    6.3565    6.4798
  3.0523  -44.0848  -44.0848  -44.0820  -44.0820  -23.6827  -23.6827  -23.6764  -23.6764  -23.6603  -23.6603  -23.6404  -23.6404  -23.6246  -23.6246  -23.6046  -23.6046  -16.5419  -16.5418  -16.5089  -16.5088  -16.4819  -16.4819  -16.4406  -16.4406  -16.3837  -16.3837  -16.3726  -16.3726  -16.3181  -16.3181  -16.3139  -16.3139  -16.2950  -16.2950  -16.2165  -16.2165  -11.9652  -11.9652  -10.7747  -10.7747  -10.4764  -10.4764  -10.2855  -10.2855   -6.0911   -6.0911   -5.2569   -5.2569   -4.1605   -4.1605   -3.5487   -3.5487   -3.0429   -3.0429   -2.6826   -2.6826   -2.5446   -2.5446   -2.1089   -2.1089   -1.9497   -1.9497   -1.7578   -1.7578   -1.1717   -1.1717   -1.0070   -1.0070    2.4718    2.4718    3.0380    3.0380    3.2704    3.2704    3.4872    3.4875    4.0202    4.0202    4.2215    4.2235    4.6903    4.6904    4.7722    4.7725    4.9716    4.9721    5.1882    5.1916    5.4580    5.4693    5.6722    5.7070    5.8961    5.9321    6.2769    6.3213
  3.1090  -44.0849  -44.0849  -44.0819  -44.0819  -23.6822  -23.6822  -23.6773  -23.6773  -23.6605  -23.6605  -23.6401  -23.6401  -23.6239  -23.6239  -23.6050  -23.6050  -16.5420  -16.5420  -16.5092  -16.5092  -16.4811  -16.4811  -16.4401  -16.4401  -16.3845  -16.3845  -16.3728  -16.3728  -16.3181  -16.3181  -16.3140  -16.3140  -16.2948  -16.2948  -16.2166  -16.2165  -12.0016  -12.0016  -10.7127  -10.7127  -10.4799  -10.4799  -10.2752  -10.2752   -6.1130   -6.1130   -5.3007   -5.3007   -4.1958   -4.1958   -3.5694   -3.5694   -2.9853   -2.9853   -2.6990   -2.6990   -2.5751   -2.5751   -2.1450   -2.1450   -1.9671   -1.9671   -1.7643   -1.7643   -1.1367   -1.1367   -0.8819   -0.8819    2.5517    2.5517    3.0817    3.0818    3.2760    3.2760    3.4701    3.4701    3.9488    3.9488    4.2430    4.2435    4.5094    4.5098    4.7565    4.7569    4.9537    4.9543    5.1832    5.1868    5.4435    5.4521    5.6713    5.6765    5.7582    5.7649    6.2327    6.4547
  3.1657  -44.0849  -44.0849  -44.0819  -44.0819  -23.6816  -23.6816  -23.6781  -23.6781  -23.6606  -23.6606  -23.6400  -23.6400  -23.6234  -23.6234  -23.6053  -23.6053  -16.5422  -16.5421  -16.5095  -16.5094  -16.4806  -16.4805  -16.4398  -16.4398  -16.3851  -16.3851  -16.3728  -16.3728  -16.3181  -16.3181  -16.3141  -16.3141  -16.2947  -16.2946  -16.2166  -16.2166  -12.0242  -12.0242  -10.6633  -10.6633  -10.4929  -10.4929  -10.2678  -10.2678   -6.1280   -6.1280   -5.3336   -5.3336   -4.2139   -4.2139   -3.5732   -3.5732   -2.9521   -2.9521   -2.6946   -2.6946   -2.5997   -2.5997   -2.2242   -2.2242   -1.9497   -1.9497   -1.7564   -1.7564   -1.1134   -1.1134   -0.7859   -0.7859    2.5713    2.5713    3.1063    3.1068    3.2693    3.2694    3.5227    3.5228    3.8854    3.8854    4.2862    4.2873    4.3395    4.3395    4.6812    4.6841    5.0080    5.0127    5.2232    5.2241    5.4267    5.4345    5.5962    5.6197    5.6800    5.7446    6.1559    6.3729
  3.2223  -44.0849  -44.0849  -44.0819  -44.0819  -23.6813  -23.6813  -23.6785  -23.6785  -23.6607  -23.6607  -23.6399  -23.6399  -23.6232  -23.6232  -23.6054  -23.6054  -16.5422  -16.5422  -16.5095  -16.5095  -16.4804  -16.4804  -16.4397  -16.4396  -16.3853  -16.3852  -16.3729  -16.3728  -16.3181  -16.3181  -16.3141  -16.3141  -16.2946  -16.2946  -16.2166  -16.2166  -12.0319  -12.0319  -10.6424  -10.6424  -10.5014  -10.5014  -10.2651  -10.2651   -6.1333   -6.1333   -5.3456   -5.3456   -4.2195   -4.2195   -3.5726   -3.5726   -2.9430   -2.9430   -2.6862   -2.6862   -2.6100   -2.6100   -2.2580   -2.2580   -1.9450   -1.9450   -1.7507   -1.7507   -1.1051   -1.1051   -0.7494   -0.7494    2.5665    2.5665    3.1091    3.1098    3.2882    3.2883    3.5421    3.5422    3.8743    3.8743    4.2536    4.2537    4.3084    4.3085    4.6451    4.6483    5.0373    5.0374    5.2741    5.2799    5.4220    5.4247    5.5034    5.5188    5.6795    5.7013    6.1155    6.2694
  3.2223  -44.0849  -44.0849  -44.0819  -44.0819  -23.6813  -23.6813  -23.6785  -23.6785  -23.6607  -23.6607  -23.6399  -23.6399  -23.6232  -23.6232  -23.6054  -23.6054  -16.5422  -16.5422  -16.5095  -16.5095  -16.4804  -16.4804  -16.4397  -16.4396  -16.3853  -16.3852  -16.3729  -16.3728  -16.3181  -16.3181  -16.3141  -16.3141  -16.2946  -16.2946  -16.2166  -16.2166  -12.0319  -12.0319  -10.6424  -10.6424  -10.5014  -10.5014  -10.2651  -10.2651   -6.1333   -6.1333   -5.3456   -5.3456   -4.2195   -4.2195   -3.5726   -3.5726   -2.9430   -2.9430   -2.6862   -2.6862   -2.6100   -2.6100   -2.2580   -2.2580   -1.9450   -1.9450   -1.7507   -1.7507   -1.1051   -1.1051   -0.7494   -0.7494    2.5665    2.5665    3.1090    3.1092    3.2882    3.2882    3.5422    3.5422    3.8743    3.8743    4.2536    4.2537    4.3083    4.3087    4.6449    4.6455    5.0370    5.0371    5.2738    5.2747    5.4208    5.4258    5.5029    5.5136    5.6786    5.6854    6.1121    6.1902
  3.2791  -44.0849  -44.0849  -44.0819  -44.0819  -23.6813  -23.6813  -23.6785  -23.6785  -23.6607  -23.6607  -23.6399  -23.6399  -23.6232  -23.6232  -23.6054  -23.6054  -16.5421  -16.5421  -16.5095  -16.5095  -16.4804  -16.4803  -16.4397  -16.4396  -16.3853  -16.3853  -16.3729  -16.3729  -16.3181  -16.3181  -16.3142  -16.3141  -16.2946  -16.2946  -16.2167  -16.2166  -12.0256  -12.0256  -10.6493  -10.6493  -10.5026  -10.5026  -10.2698  -10.2698   -6.1425   -6.1425   -5.3282   -5.3282   -4.2112   -4.2112   -3.5680   -3.5680   -2.9418   -2.9418   -2.6811   -2.6811   -2.6170   -2.6170   -2.2251   -2.2251   -1.9640   -1.9640   -1.7559   -1.7559   -1.1008   -1.1008   -0.7674   -0.7674    2.5797    2.5797    3.1004    3.1012    3.3026    3.3027    3.5257    3.5260    3.8001    3.8002    4.2738    4.2744    4.3239    4.3239    4.6927    4.6960    5.0035    5.0094    5.2659    5.2737    5.4085    5.4154    5.5141    5.5455    5.7140    5.7365    6.1377    6.2336
  3.3358  -44.0849  -44.0849  -44.0819  -44.0819  -23.6813  -23.6813  -23.6785  -23.6785  -23.6607  -23.6607  -23.6399  -23.6399  -23.6232  -23.6232  -23.6054  -23.6054  -16.5419  -16.5419  -16.5094  -16.5094  -16.4803  -16.4803  -16.4396  -16.4396  -16.3853  -16.3853  -16.3729  -16.3729  -16.3182  -16.3181  -16.3142  -16.3142  -16.2945  -16.2945  -16.2167  -16.2167  -12.0072  -12.0072  -10.6709  -10.6709  -10.5057  -10.5057  -10.2822  -10.2822   -6.1677   -6.1677   -5.2798   -5.2798   -4.1865   -4.1865   -3.5518   -3.5518   -2.9474   -2.9474   -2.6769   -2.6769   -2.6098   -2.6098   -2.1497   -2.1497   -2.0100   -2.0100   -1.7621   -1.7621   -1.0963   -1.0963   -0.8208   -0.8208    2.6142    2.6142    3.0555    3.0560    3.3314    3.3319    3.4931    3.4936    3.7179    3.7179    4.2318    4.2343    4.3802    4.3805    4.7641    4.7668    4.9458    4.9464    5.2584    5.2679    5.3898    5.3937    5.5291    5.5525    5.7950    5.8842    6.0469    6.2800
  3.3925  -44.0849  -44.0849  -44.0819  -44.0819  -23.6813  -23.6813  -23.6785  -23.6785  -23.6607  -23.6607  -23.6400  -23.6400  -23.6232  -23.6232  -23.6054  -23.6054  -16.5416  -16.5416  -16.5093  -16.5093  -16.4803  -16.4803  -16.4396  -16.4396  -16.3853  -16.3853  -16.3730  -16.3730  -16.3182  -16.3182  -16.3143  -16.3143  -16.2944  -16.2944  -16.2168  -16.2168  -11.9780  -11.9780  -10.7084  -10.7084  -10.5092  -10.5092  -10.2976  -10.2976   -6.2035   -6.2035   -5.2107   -5.2107   -4.1462   -4.1462   -3.5196   -3.5196   -2.9668   -2.9668   -2.7063   -2.7063   -2.5483   -2.5483   -2.1171   -2.1171   -2.0082   -2.0082   -1.7516   -1.7516   -1.1073   -1.1073   -0.9079   -0.9079    2.6482    2.6482    2.9717    2.9717    3.3017    3.3019    3.5503    3.5504    3.6969    3.6969    4.1978    4.1981    4.3745    4.3750    4.7491    4.7595    4.9215    4.9262    5.2696    5.3085    5.3769    5.4076    5.5677    5.6288    5.8601    5.8919    6.0168    6.1123
  3.4493  -44.0849  -44.0849  -44.0819  -44.0819  -23.6812  -23.6812  -23.6786  -23.6786  -23.6606  -23.6606  -23.6400  -23.6400  -23.6232  -23.6232  -23.6054  -23.6054  -16.5412  -16.5412  -16.5092  -16.5092  -16.4802  -16.4802  -16.4396  -16.4396  -16.3854  -16.3854  -16.3731  -16.3731  -16.3183  -16.3182  -16.3144  -16.3144  -16.2943  -16.2943  -16.2170  -16.2170  -11.9407  -11.9407  -10.7599  -10.7599  -10.5120  -10.5120  -10.3119  -10.3119   -6.2434   -6.2434   -5.1343   -5.1343   -4.0917   -4.0917   -3.4695   -3.4695   -2.9972   -2.9972   -2.7496   -2.7496   -2.4794   -2.4794   -2.1405   -2.1405   -1.9324   -1.9324   -1.7106   -1.7106   -1.1419   -1.1419   -1.0259   -1.0259    2.6251    2.6251    2.9204    2.9204    3.2508    3.2510    3.6652    3.6659    3.7118    3.7121    4.1953    4.1970    4.3113    4.3115    4.6871    4.6907    4.9003    4.9007    5.2440    5.2546    5.3321    5.3996    5.5528    5.5828    5.8552    5.9345    6.1004    6.2997
  3.5060  -44.0849  -44.0849  -44.0819  -44.0819  -23.6812  -23.6812  -23.6786  -23.6786  -23.6606  -23.6606  -23.6400  -23.6400  -23.6232  -23.6232  -23.6054  -23.6054  -16.5408  -16.5408  -16.5091  -16.5091  -16.4801  -16.4801  -16.4396  -16.4395  -16.3854  -16.3854  -16.3732  -16.3732  -16.3183  -16.3183  -16.3145  -16.3145  -16.2942  -16.2941  -16.2171  -16.2171  -11.8995  -11.8995  -10.8190  -10.8190  -10.5137  -10.5137  -10.3227  -10.3227   -6.2813   -6.2813   -5.0639   -5.0639   -4.0262   -4.0262   -3.4057   -3.4057   -3.0421   -3.0421   -2.7923   -2.7923   -2.4439   -2.4439   -2.1102   -2.1102   -1.8662   -1.8662   -1.6451   -1.6451   -1.1971   -1.1970   -1.1649   -1.1649    2.5224    2.5225    2.9448    2.9448    3.2174    3.2174    3.7168    3.7169    3.7935    3.7936    4.1938    4.1941    4.2768    4.2777    4.6137    4.6157    4.8959    4.9028    5.1966    5.2079    5.2833    5.2981    5.4505    5.5163    5.8416    5.9192    6.0490    6.3277
  3.5627  -44.0849  -44.0849  -44.0819  -44.0819  -23.6812  -23.6812  -23.6786  -23.6786  -23.6606  -23.6606  -23.6400  -23.6400  -23.6232  -23.6232  -23.6054  -23.6054  -16.5405  -16.5404  -16.5090  -16.5090  -16.4801  -16.4801  -16.4395  -16.4395  -16.3855  -16.3855  -16.3733  -16.3733  -16.3184  -16.3183  -16.3146  -16.3146  -16.2940  -16.2940  -16.2172  -16.2172  -11.8607  -11.8607  -10.8749  -10.8749  -10.5146  -10.5146  -10.3300  -10.3300   -6.3121   -6.3121   -5.0092   -5.0092   -3.9571   -3.9571   -3.3406   -3.3406   -3.0988   -3.0988   -2.8338   -2.8338   -2.4149   -2.4149   -2.0421   -2.0421   -1.8187   -1.8187   -1.5844   -1.5844   -1.3066   -1.3066   -1.2529   -1.2529    2.4058    2.4058    2.9876    2.9876    3.2103    3.2103    3.7200    3.7201    3.8875    3.8876    4.1305    4.1306    4.3294    4.3303    4.5677    4.5711    4.9213    4.9246    5.1410    5.1612    5.2306    5.2462    5.3519    5.3729    5.8685    6.0150    6.1156    6.3370
  3.6194  -44.0849  -44.0849  -44.0819  -44.0819  -23.6812  -23.6812  -23.6786  -23.6786  -23.6606  -23.6606  -23.6400  -23.6400  -23.6232  -23.6232  -23.6054  -23.6054  -16.5402  -16.5402  -16.5089  -16.5089  -16.4800  -16.4800  -16.4395  -16.4395  -16.3855  -16.3855  -16.3734  -16.3734  -16.3184  -16.3184  -16.3147  -16.3147  -16.2940  -16.2939  -16.2173  -16.2173  -11.8320  -11.8320  -10.9156  -10.9156  -10.5150  -10.5150  -10.3340  -10.3340   -6.3321   -6.3321   -4.9754   -4.9754   -3.8997   -3.8997   -3.2963   -3.2963   -3.1407   -3.1407   -2.8752   -2.8752   -2.3658   -2.3658   -1.9811   -1.9811   -1.8101   -1.8101   -1.5445   -1.5445   -1.4064   -1.4064   -1.2960   -1.2960    2.3197    2.3197    3.0130    3.0130    3.2242    3.2242    3.7231    3.7231    3.9175    3.9176    4.1032    4.1032    4.3713    4.3715    4.5748    4.5793    4.9471    4.9490    5.0558    5.0728    5.2212    5.2313    5.3026    5.3129    5.9037    5.9170    6.0839    6.2500
  3.6762  -44.0849  -44.0849  -44.0819  -44.0819  -23.6812  -23.6812  -23.6786  -23.6786  -23.6606  -23.6606  -23.6400  -23.6400  -23.6232  -23.6232  -23.6054  -23.6054  -16.5402  -16.5401  -16.5089  -16.5089  -16.4800  -16.4800  -16.4395  -16.4395  -16.3855  -16.3855  -16.3734  -16.3734  -16.3184  -16.3184  -16.3147  -16.3147  -16.2939  -16.2939  -16.2173  -16.2173  -11.8214  -11.8214  -10.9307  -10.9307  -10.5151  -10.5151  -10.3353  -10.3353   -6.3390   -6.3390   -4.9640   -4.9640   -3.8764   -3.8764   -3.2863   -3.2863   -3.1494   -3.1494   -2.8954   -2.8954   -2.3364   -2.3364   -1.9538   -1.9538   -1.8264   -1.8264   -1.5192   -1.5192   -1.4505   -1.4505   -1.3093   -1.3093    2.2883    2.2884    3.0196    3.0196    3.2341    3.2341    3.7299    3.7299    3.9065    3.9077    4.0982    4.0982    4.4278    4.4286    4.5475    4.5496    4.9416    4.9504    5.0427    5.0555    5.2208    5.2306    5.2592    5.2735    5.9617    6.0203    6.0520    6.1798
  3.6762  -44.0849  -44.0849  -44.0819  -44.0819  -23.6812  -23.6812  -23.6786  -23.6786  -23.6606  -23.6606  -23.6400  -23.6400  -23.6232  -23.6232  -23.6054  -23.6054  -16.5402  -16.5401  -16.5089  -16.5089  -16.4800  -16.4800  -16.4395  -16.4395  -16.3855  -16.3855  -16.3734  -16.3734  -16.3184  -16.3184  -16.3147  -16.3147  -16.2939  -16.2939  -16.2173  -16.2173  -11.8214  -11.8214  -10.9307  -10.9307  -10.5151  -10.5151  -10.3353  -10.3353   -6.3390   -6.3390   -4.9640   -4.9640   -3.8764   -3.8764   -3.2863   -3.2863   -3.1494   -3.1494   -2.8954   -2.8954   -2.3364   -2.3364   -1.9538   -1.9538   -1.8264   -1.8264   -1.5192   -1.5192   -1.4505   -1.4505   -1.3093   -1.3093    2.2883    2.2884    3.0196    3.0197    3.2341    3.2341    3.7299    3.7299    3.9058    3.9086    4.0981    4.0985    4.4276    4.4287    4.5471    4.5491    4.9425    4.9547    5.0386    5.0588    5.2245    5.2543    5.2656    5.2980    5.9538    6.0783    6.2078    6.3386
  3.7381  -44.0854  -44.0844  -44.0819  -44.0818  -23.6851  -23.6817  -23.6771  -23.6756  -23.6629  -23.6585  -23.6430  -23.6377  -23.6278  -23.6188  -23.6057  -23.6039  -16.5405  -16.5398  -16.5153  -16.5018  -16.4822  -16.4776  -16.4406  -16.4379  -16.3930  -16.3797  -16.3791  -16.3672  -16.3186  -16.3182  -16.3162  -16.3131  -16.2952  -16.2928  -16.2188  -16.2159  -11.8847  -11.7553  -11.0143  -10.8378  -10.5472  -10.4838  -10.3570  -10.3187   -6.3815   -6.3094   -4.9813   -4.9739   -3.9338   -3.8102   -3.3930   -3.3222   -3.1568   -3.0559   -2.9548   -2.7252   -2.4743   -2.1813   -2.0243   -1.9115   -1.8840   -1.7452   -1.6418   -1.4867   -1.4479   -1.3621   -1.3487   -1.2187    2.2776    2.2847    2.9190    3.0095    3.1630    3.3499    3.5844    3.6629    3.9319    3.9642    3.9831    4.1941    4.3326    4.4730    4.5313    4.6294    4.8400    4.9247    4.9598    5.0305    5.1172    5.3293    5.3650    5.5706    5.8945    5.9844    6.0641    6.2737
  3.7999  -44.0858  -44.0840  -44.0820  -44.0818  -23.6886  -23.6847  -23.6734  -23.6728  -23.6652  -23.6564  -23.6461  -23.6366  -23.6321  -23.6153  -23.6054  -23.6011  -16.5407  -16.5393  -16.5208  -16.4946  -16.4841  -16.4747  -16.4414  -16.4360  -16.4015  -16.3860  -16.3740  -16.3615  -16.3188  -16.3182  -16.3174  -16.3114  -16.2965  -16.2919  -16.2202  -16.2147  -11.9412  -11.6918  -11.0838  -10.7414  -10.5743  -10.4585  -10.3858  -10.3059   -6.4335   -6.2915   -5.0199   -5.0117   -3.9563   -3.7911   -3.4698   -3.4076   -3.2231   -2.9639   -2.7831   -2.6322   -2.5750   -2.0758   -2.0282   -1.9742   -1.8127   -1.7539   -1.6998   -1.4956   -1.4078   -1.3267   -1.2051   -1.1364    2.2551    2.2657    2.7532    2.9292    3.1242    3.2994    3.4548    3.4839    3.8184    4.0382    4.0527    4.1685    4.2714    4.3662    4.5552    4.6602    4.7856    4.8691    4.9814    5.0927    5.1765    5.3627    5.5347    5.7994    5.8809    5.9884    6.0611    6.0961
  3.8618  -44.0861  -44.0835  -44.0821  -44.0818  -23.6916  -23.6874  -23.6706  -23.6698  -23.6675  -23.6541  -23.6489  -23.6371  -23.6355  -23.6123  -23.6049  -23.5977  -16.5409  -16.5389  -16.5251  -16.4883  -16.4858  -16.4705  -16.4418  -16.4340  -16.4105  -16.3918  -16.3699  -16.3567  -16.3190  -16.3189  -16.3175  -16.3097  -16.2978  -16.2911  -16.2215  -16.2137  -11.9878  -11.6374  -11.1355  -10.6480  -10.5909  -10.4417  -10.4220  -10.2971   -6.4877   -6.2817   -5.0707   -5.0690   -3.9405   -3.8540   -3.5167   -3.3889   -3.3028   -2.7872   -2.7075   -2.6435   -2.6403   -2.0636   -2.0164   -1.9154   -1.8668   -1.7412   -1.6748   -1.3990   -1.3057   -1.2902   -1.0762   -1.0716    2.2239    2.2305    2.5714    2.8196    2.9993    3.0884    3.2636    3.5084    3.7087    3.8743    4.0882    4.1123    4.2864    4.3445    4.6369    4.6530    4.8351    4.8931    5.0794    5.1474    5.2371    5.3957    5.6103    5.8244    5.9170    5.9710    6.0616    6.1107
  3.9237  -44.0864  -44.0831  -44.0822  -44.0819  -23.6939  -23.6896  -23.6693  -23.6687  -23.6675  -23.6514  -23.6512  -23.6388  -23.6379  -23.6100  -23.6045  -23.5946  -16.5410  -16.5386  -16.5283  -16.4870  -16.4841  -16.4640  -16.4421  -16.4333  -16.4185  -16.3970  -16.3670  -16.3530  -16.3197  -16.3191  -16.3174  -16.3082  -16.2990  -16.2905  -16.2225  -16.2129  -12.0224  -11.5975  -11.1682  -10.5929  -10.5656  -10.4639  -10.4325  -10.2949   -6.5353   -6.2762   -5.1290   -5.1211   -3.9359   -3.9049   -3.5286   -3.4261   -3.2296   -2.8001   -2.7223   -2.6288   -2.5852   -2.0591   -2.0409   -2.0272   -1.8002   -1.6794   -1.5762   -1.2952   -1.2376   -1.1684   -1.0186   -0.9907    2.1783    2.1877    2.4008    2.6875    2.7754    2.9665    3.1568    3.5061    3.6247    3.7145    3.8526    4.0924    4.4045    4.5119    4.6621    4.7360    4.8880    4.9574    5.0793    5.1651    5.2537    5.5197    5.6084    5.8158    5.8902    5.9301    6.0841    6.1685
  3.9856  -44.0865  -44.0827  -44.0822  -44.0821  -23.6953  -23.6909  -23.6706  -23.6674  -23.6662  -23.6526  -23.6484  -23.6414  -23.6394  -23.6085  -23.6041  -23.5925  -16.5410  -16.5383  -16.5302  -16.4879  -16.4820  -16.4556  -16.4423  -16.4373  -16.4221  -16.4009  -16.3652  -16.3508  -16.3202  -16.3192  -16.3173  -16.3070  -16.3001  -16.2902  -16.2232  -16.2125  -12.0436  -11.5746  -11.1843  -10.5789  -10.5072  -10.5048  -10.4284  -10.2995   -6.5678   -6.2728   -5.1738   -5.1579   -3.9932   -3.8763   -3.5060   -3.4646   -3.1251   -2.9216   -2.7591   -2.5556   -2.5275   -2.1569   -2.0740   -2.0266   -1.7489   -1.6361   -1.4698   -1.2632   -1.1382   -1.0726   -0.9593   -0.9565    2.1176    2.1536    2.2774    2.5469    2.6802    2.8212    3.1640    3.4744    3.5816    3.5838    3.7174    4.0660    4.5427    4.6151    4.6742    4.7715    4.9456    4.9859    5.0319    5.2656    5.4121    5.6131    5.7005    5.8149    5.8932    5.9411    6.0903    6.1908
  4.0475  -44.0866  -44.0825  -44.0823  -44.0823  -23.6958  -23.6914  -23.6710  -23.6669  -23.6658  -23.6531  -23.6460  -23.6436  -23.6398  -23.6080  -23.6040  -23.5917  -16.5411  -16.5383  -16.5308  -16.4881  -16.4814  -16.4479  -16.4442  -16.4423  -16.4224  -16.4024  -16.3646  -16.3500  -16.3203  -16.3192  -16.3173  -16.3066  -16.3005  -16.2900  -16.2234  -16.2123  -12.0508  -11.5673  -11.1887  -10.5575  -10.5390  -10.4811  -10.4274  -10.3036   -6.5793   -6.2716   -5.1902   -5.1713   -4.0131   -3.8668   -3.4860   -3.4776   -3.0776   -2.9772   -2.7700   -2.5472   -2.4997   -2.1975   -2.0792   -2.0284   -1.7325   -1.6206   -1.4255   -1.2565   -1.0867   -1.0483   -0.9560   -0.9232    2.0872    2.1380    2.2330    2.4944    2.6519    2.7687    3.1766    3.4583    3.5270    3.5685    3.6762    4.0568    4.6081    4.6543    4.6683    4.7863    4.9614    4.9850    4.9900    5.3606    5.5479    5.6049    5.6886    5.7836    5.8667    5.9755    6.0027    6.0683
  4.0475  -44.0866  -44.0825  -44.0823  -44.0823  -23.6958  -23.6914  -23.6710  -23.6669  -23.6658  -23.6531  -23.6460  -23.6436  -23.6398  -23.6080  -23.6040  -23.5917  -16.5411  -16.5383  -16.5308  -16.4881  -16.4814  -16.4479  -16.4442  -16.4423  -16.4224  -16.4024  -16.3646  -16.3500  -16.3203  -16.3192  -16.3173  -16.3066  -16.3005  -16.2900  -16.2234  -16.2123  -12.0508  -11.5673  -11.1887  -10.5575  -10.5390  -10.4811  -10.4274  -10.3036   -6.5793   -6.2716   -5.1902   -5.1713   -4.0131   -3.8668   -3.4860   -3.4776   -3.0776   -2.9772   -2.7700   -2.5472   -2.4997   -2.1975   -2.0792   -2.0284   -1.7325   -1.6206   -1.4255   -1.2565   -1.0867   -1.0483   -0.9560   -0.9232    2.0872    2.1380    2.2330    2.4944    2.6519    2.7687    3.1766    3.4584    3.5272    3.5685    3.6762    4.0568    4.6112    4.6542    4.6653    4.7753    4.9664    4.9826    4.9956    5.3982    5.5588    5.5998    5.6828    5.7524    5.9200    5.9744    6.0517    6.0785
  4.1042  -44.0866  -44.0825  -44.0823  -44.0822  -23.6958  -23.6914  -23.6710  -23.6669  -23.6658  -23.6531  -23.6461  -23.6436  -23.6398  -23.6080  -23.6040  -23.5917  -16.5411  -16.5383  -16.5309  -16.4882  -16.4814  -16.4479  -16.4442  -16.4423  -16.4223  -16.4025  -16.3646  -16.3500  -16.3203  -16.3192  -16.3173  -16.3065  -16.3005  -16.2901  -16.2233  -16.2124  -12.0739  -11.5430  -11.1916  -10.5549  -10.5401  -10.4792  -10.4221  -10.3008   -6.5892   -6.2437   -5.2274   -5.1440   -4.0108   -3.8696   -3.5764   -3.4877   -3.0635   -2.9691   -2.8166   -2.4769   -2.4243   -2.2102   -2.1148   -2.0666   -1.7354   -1.6085   -1.4284   -1.2727   -1.1354   -1.1156   -0.8777   -0.8686    2.0961    2.1422    2.1504    2.6182    2.6604    2.8308    3.1882    3.4784    3.5214    3.6117    3.6833    4.0390    4.5824    4.6653    4.6725    4.7478    4.8419    4.9919    5.0457    5.2636    5.5104    5.6121    5.6879    5.7532    5.8593    5.9188    6.0143    6.1343
  4.1609  -44.0866  -44.0825  -44.0823  -44.0822  -23.6959  -23.6914  -23.6710  -23.6669  -23.6658  -23.6531  -23.6461  -23.6436  -23.6398  -23.6080  -23.6040  -23.5917  -16.5414  -16.5386  -16.5310  -16.4883  -16.4815  -16.4479  -16.4441  -16.4423  -16.4222  -16.4026  -16.3645  -16.3500  -16.3202  -16.3192  -16.3173  -16.3065  -16.3006  -16.2901  -16.2230  -16.2125  -12.1296  -11.4844  -11.1997  -10.5453  -10.5425  -10.4752  -10.4079  -10.2927   -6.6081   -6.1726   -5.2951   -5.1078   -4.0063   -3.8747   -3.7392   -3.5259   -3.0265   -2.9674   -2.9089   -2.4257   -2.3303   -2.2106   -2.1587   -2.0505   -1.7638   -1.5950   -1.4371   -1.3216   -1.2190   -1.1985   -0.7686   -0.7620    2.0540    2.1186    2.1740    2.6807    2.8055    3.0087    3.2299    3.5223    3.5306    3.7022    3.7202    3.9999    4.4611    4.5828    4.6690    4.6774    4.8145    4.9929    5.0172    5.1248    5.4618    5.5039    5.5204    5.8148    5.8813    5.9705    6.0010    6.1092
  4.2177  -44.0866  -44.0825  -44.0823  -44.0822  -23.6959  -23.6914  -23.6710  -23.6669  -23.6658  -23.6531  -23.6461  -23.6436  -23.6398  -23.6079  -23.6040  -23.5917  -16.5417  -16.5390  -16.5312  -16.4884  -16.4817  -16.4478  -16.4440  -16.4422  -16.4221  -16.4029  -16.3644  -16.3500  -16.3201  -16.3192  -16.3172  -16.3063  -16.3007  -16.2903  -16.2226  -16.2127  -12.1965  -11.4160  -11.2114  -10.5445  -10.5251  -10.4716  -10.3888  -10.2801   -6.6218   -6.0783   -5.3938   -5.0645   -4.0076   -3.8798   -3.8717   -3.5719   -3.1054   -2.9827   -2.8749   -2.5200   -2.3870   -2.2527   -2.1440   -1.8362   -1.7847   -1.5640   -1.4513   -1.4032   -1.3019   -1.2636   -0.6604   -0.6443    1.9933    2.1443    2.2588    2.6920    2.9929    3.2193    3.3166    3.5437    3.5548    3.7259    3.8643    4.0172    4.1700    4.5111    4.6372    4.6441    4.8096    4.9186    5.0454    5.1080    5.3358    5.4117    5.6567    5.7867    5.9235    5.9733    6.1138    6.2835
  4.2744  -44.0866  -44.0825  -44.0823  -44.0822  -23.6960  -23.6913  -23.6710  -23.6669  -23.6658  -23.6531  -23.6461  -23.6436  -23.6398  -23.6079  -23.6040  -23.5917  -16.5420  -16.5394  -16.5315  -16.4886  -16.4818  -16.4476  -16.4438  -16.4422  -16.4219  -16.4031  -16.3642  -16.3500  -16.3200  -16.3191  -16.3171  -16.3062  -16.3009  -16.2904  -16.2221  -16.2129  -12.2609  -11.3542  -11.2246  -10.5454  -10.4930  -10.4700  -10.3687  -10.2647   -6.6246   -5.9767   -5.5183   -5.0138   -4.0216   -3.9662   -3.8514   -3.6164   -3.2674   -2.9450   -2.8000   -2.7225   -2.4624   -2.2436   -2.1078   -1.9444   -1.7218   -1.5119   -1.4753   -1.3768   -1.3346   -1.2693   -0.5556   -0.5329    1.9535    2.1650    2.4064    2.6587    3.1824    3.3947    3.4537    3.5391    3.5433    3.7481    3.8927    3.9006    4.2561    4.3983    4.5462    4.6994    4.7834    4.8395    5.0976    5.1545    5.2527    5.3428    5.6302    5.7121    5.8530    6.0086    6.0395    6.2649
  4.3311  -44.0866  -44.0825  -44.0823  -44.0822  -23.6960  -23.6913  -23.6710  -23.6669  -23.6659  -23.6531  -23.6461  -23.6436  -23.6398  -23.6079  -23.6040  -23.5917  -16.5424  -16.5398  -16.5317  -16.4887  -16.4819  -16.4475  -16.4436  -16.4421  -16.4218  -16.4034  -16.3640  -16.3500  -16.3199  -16.3190  -16.3170  -16.3060  -16.3010  -16.2906  -16.2216  -16.2132  -12.3156  -11.3065  -11.2374  -10.5451  -10.4704  -10.4519  -10.3512  -10.2491   -6.6174   -5.8808   -5.6500   -4.9596   -4.0443   -3.9987   -3.8165   -3.6598   -3.4116   -2.9316   -2.8965   -2.7127   -2.5771   -2.2174   -2.0830   -2.0440   -1.7590   -1.6363   -1.4985   -1.4401   -1.3488   -0.9284   -0.4625   -0.4345    1.9248    2.1779    2.5505    2.5963    3.3293    3.4511    3.4803    3.5961    3.6126    3.6869    3.8079    3.9412    4.3253    4.4600    4.5214    4.6703    4.7961    4.8495    5.0432    5.1763    5.3280    5.3666    5.5662    5.6528    5.9206    5.9958    6.0476    6.1349
  4.3879  -44.0866  -44.0825  -44.0823  -44.0822  -23.6961  -23.6913  -23.6710  -23.6669  -23.6659  -23.6531  -23.6461  -23.6436  -23.6398  -23.6079  -23.6040  -23.5917  -16.5427  -16.5402  -16.5319  -16.4889  -16.4821  -16.4474  -16.4435  -16.4421  -16.4216  -16.4036  -16.3639  -16.3500  -16.3198  -16.3190  -16.3169  -16.3059  -16.3012  -16.2907  -16.2212  -16.2134  -12.3567  -11.2747  -11.2479  -10.5440  -10.4720  -10.4093  -10.3392  -10.2358   -6.6051   -5.8024   -5.7650   -4.9094   -4.0675   -3.9874   -3.7777   -3.7104   -3.5191   -3.0613   -2.9003   -2.7261   -2.5695   -2.2698   -2.0745   -2.0673   -1.7925   -1.7602   -1.5205   -1.4878   -1.3666   -0.6023   -0.3890   -0.3549    1.9041    2.1845    2.3793    2.7997    3.3512    3.4072    3.4656    3.5780    3.6351    3.7338    3.9651    4.0028    4.2982    4.4586    4.6147    4.6596    4.7731    4.8173    5.0736    5.1289    5.3398    5.4913    5.6030    5.7121    5.9159    6.0193    6.0496    6.0936
  4.4446  -44.0866  -44.0825  -44.0823  -44.0822  -23.6961  -23.6912  -23.6710  -23.6669  -23.6659  -23.6531  -23.6461  -23.6437  -23.6399  -23.6079  -23.6041  -23.5917  -16.5429  -16.5405  -16.5320  -16.4890  -16.4822  -16.4473  -16.4434  -16.4421  -16.4215  -16.4038  -16.3638  -16.3500  -16.3197  -16.3190  -16.3168  -16.3058  -16.3013  -16.2908  -16.2209  -16.2135  -12.3821  -11.2570  -11.2547  -10.5430  -10.4737  -10.3746  -10.3349  -10.2270   -6.5939   -5.8429   -5.7514   -4.8733   -4.0844   -3.9439   -3.7752   -3.7482   -3.5809   -3.1506   -2.8959   -2.8000   -2.4873   -2.3219   -2.0801   -2.0781   -1.8501   -1.8092   -1.5360   -1.5173   -1.3751   -0.3763   -0.3416   -0.2890    1.8914    2.1847    2.2171    2.9747    3.3073    3.3616    3.4873    3.5214    3.6218    3.7857    4.0524    4.1608    4.3019    4.5065    4.5695    4.6908    4.7291    4.7970    5.0613    5.1745    5.2167    5.5944    5.7535    5.9138    5.9491    6.0013    6.0408    6.3809
  4.5013  -44.0866  -44.0825  -44.0823  -44.0822  -23.6961  -23.6912  -23.6710  -23.6669  -23.6659  -23.6531  -23.6461  -23.6437  -23.6399  -23.6079  -23.6041  -23.5917  -16.5430  -16.5406  -16.5321  -16.4890  -16.4822  -16.4473  -16.4433  -16.4421  -16.4215  -16.4038  -16.3638  -16.3500  -16.3197  -16.3190  -16.3168  -16.3058  -16.3013  -16.2908  -16.2208  -16.2136  -12.3907  -11.2571  -11.2514  -10.5425  -10.4743  -10.3589  -10.3365  -10.2239   -6.5894   -5.8704   -5.7338   -4.8601   -4.0906   -3.9011   -3.8258   -3.7380   -3.5994   -3.1794   -2.8953   -2.8289   -2.4636   -2.3170   -2.1062   -2.0814   -1.8772   -1.8135   -1.5415   -1.5273   -1.3774   -0.3253   -0.3200   -0.2361    1.8871    2.1425    2.1909    3.0538    3.2830    3.3474    3.4880    3.5030    3.6133    3.7960    4.0697    4.2744    4.3050    4.5263    4.5306    4.6276    4.7646    4.8311    5.0077    5.1865    5.2269    5.5642    5.7767    5.9424    6.0106    6.0415    6.1737    6.3264
