#K-Path     Band-1    Band-2    Band-3    Band-4      ...     Band-n
  0.0000  -44.0866  -44.0825  -44.0823  -44.0822  -23.6961  -23.6912  -23.6710  -23.6669  -23.6659  -23.6531  -23.6461  -23.6437  -23.6399  -23.6079  -23.6041  -23.5917  -16.5430  -16.5406  -16.5321  -16.4890  -16.4822  -16.4473  -16.4433  -16.4421  -16.4215  -16.4038  -16.3638  -16.3500  -16.3197  -16.3190  -16.3168  -16.3058  -16.3013  -16.2908  -16.2208  -16.2136  -12.3907  -11.2571  -11.2514  -10.5425  -10.4743  -10.3589  -10.3365  -10.2239   -6.5894   -5.8704   -5.7338   -4.8601   -4.0906   -3.9011   -3.8258   -3.7380   -3.5994   -3.1794   -2.8953   -2.8290   -2.4636   -2.3170   -2.1062   -2.0814   -1.8772   -1.8135   -1.5415   -1.5273   -1.3774   -0.3253   -0.3200   -0.2361    1.8871    2.1421    2.1909    3.0538    3.2832    3.3474    3.4864    3.5025    3.6133    3.7955    4.0697    4.2730    4.3049    4.5257    4.5300    4.6275    4.7632    4.8245    5.0063    5.1937    5.2246    5.5505    5.8669    5.9720    6.0095    6.0298    6.0676    6.3455
  0.0619  -44.0865  -44.0827  -44.0822  -44.0821  -23.6956  -23.6907  -23.6706  -23.6674  -23.6663  -23.6526  -23.6485  -23.6414  -23.6394  -23.6084  -23.6042  -23.5925  -16.5430  -16.5406  -16.5314  -16.4887  -16.4827  -16.4552  -16.4421  -16.4360  -16.4219  -16.4020  -16.3644  -16.3508  -16.3195  -16.3190  -16.3168  -16.3063  -16.3008  -16.2909  -16.2206  -16.2136  -12.3801  -11.3827  -11.1337  -10.5429  -10.4738  -10.3518  -10.3470  -10.2264   -6.5730   -5.8540   -5.7483   -4.8606   -4.1701   -3.8896   -3.7611   -3.7133   -3.6066   -3.1619   -2.9110   -2.8025   -2.4599   -2.3010   -2.1784   -2.1086   -1.8405   -1.7585   -1.5779   -1.5649   -1.3707   -0.4160   -0.3337   -0.2665    1.9652    2.1982    2.2175    3.0549    3.2767    3.3582    3.3672    3.6231    3.6589    3.8474    4.0213    4.2282    4.3733    4.5054    4.5799    4.5827    4.7826    4.8552    4.9316    5.0869    5.3512    5.6262    5.7270    5.8568    5.9487    5.9991    6.2298    6.2726
  0.1238  -44.0864  -44.0831  -44.0822  -44.0819  -23.6942  -23.6894  -23.6694  -23.6687  -23.6676  -23.6515  -23.6511  -23.6388  -23.6380  -23.6100  -23.6045  -23.5946  -16.5429  -16.5408  -16.5295  -16.4878  -16.4846  -16.4640  -16.4420  -16.4318  -16.4189  -16.3975  -16.3662  -16.3529  -16.3190  -16.3189  -16.3170  -16.3076  -16.2997  -16.2913  -16.2201  -16.2139  -12.3485  -11.5167  -11.0220  -10.5424  -10.4730  -10.3773  -10.3337  -10.2330   -6.5250   -5.8055   -5.7888   -4.8751   -4.2950   -3.8633   -3.7224   -3.6312   -3.5780   -3.1139   -2.9335   -2.7309   -2.4791   -2.3080   -2.2558   -2.1499   -1.7855   -1.6973   -1.6586   -1.6471   -1.3301   -0.6531   -0.3885   -0.3408    2.1862    2.2873    2.3247    3.0544    3.2613    3.2699    3.3838    3.7327    3.7638    3.9800    3.9809    4.1566    4.4173    4.4378    4.5702    4.6810    4.7353    4.8222    4.9509    5.0227    5.4462    5.6088    5.7301    5.8441    5.9449    6.0418    6.1637    6.2834
  0.1857  -44.0861  -44.0835  -44.0821  -44.0818  -23.6919  -23.6872  -23.6706  -23.6699  -23.6675  -23.6542  -23.6489  -23.6370  -23.6356  -23.6123  -23.6049  -23.5977  -16.5429  -16.5410  -16.5263  -16.4886  -16.4864  -16.4707  -16.4418  -16.4333  -16.4107  -16.3918  -16.3692  -16.3565  -16.3188  -16.3183  -16.3171  -16.3091  -16.2984  -16.2918  -16.2194  -16.2144  -12.2966  -11.6527  -10.9183  -10.5384  -10.4740  -10.4251  -10.3114  -10.2417   -6.4499   -5.8504   -5.7268   -4.9325   -4.3789   -3.8613   -3.6800   -3.6567   -3.4091   -3.0413   -2.9215   -2.6353   -2.5688   -2.4040   -2.2010   -2.1916   -1.8645   -1.7543   -1.6889   -1.6176   -1.2213   -0.9663   -0.5202   -0.4141    2.3764    2.4510    2.5105    3.0483    3.2254    3.2359    3.4128    3.7696    3.7837    4.0904    4.1240    4.1461    4.3592    4.3842    4.5089    4.7244    4.7268    4.8938    5.0025    5.0737    5.4366    5.4838    5.7249    5.8882    5.9824    6.0238    6.1127    6.3651
  0.2475  -44.0858  -44.0840  -44.0820  -44.0818  -23.6888  -23.6845  -23.6734  -23.6727  -23.6653  -23.6565  -23.6460  -23.6366  -23.6321  -23.6153  -23.6054  -23.6012  -16.5427  -16.5414  -16.5218  -16.4949  -16.4846  -16.4751  -16.4414  -16.4358  -16.4015  -16.3856  -16.3734  -16.3612  -16.3186  -16.3177  -16.3168  -16.3108  -16.2971  -16.2926  -16.2185  -16.2150  -12.2254  -11.7866  -10.8211  -10.5294  -10.4900  -10.4761  -10.2909  -10.2502   -6.3541   -5.9301   -5.6208   -5.0452   -4.3888   -3.9444   -3.6341   -3.6294   -3.2335   -2.9414   -2.8574   -2.6935   -2.5476   -2.4936   -2.2302   -2.1522   -2.0115   -1.8460   -1.7039   -1.4938   -1.2987   -1.0620   -0.6980   -0.5027    2.4602    2.5382    2.8757    3.0469    3.2019    3.2330    3.4366    3.7188    3.7683    4.0732    4.1543    4.2587    4.2706    4.4591    4.5460    4.7086    4.8908    4.8919    5.0314    5.2076    5.3178    5.4060    5.6786    5.7981    5.9582    5.9873    6.0825    6.4240
  0.3094  -44.0854  -44.0844  -44.0819  -44.0818  -23.6853  -23.6816  -23.6773  -23.6755  -23.6629  -23.6585  -23.6429  -23.6376  -23.6278  -23.6189  -23.6057  -23.6039  -16.5425  -16.5418  -16.5162  -16.5022  -16.4826  -16.4780  -16.4408  -16.4380  -16.3929  -16.3792  -16.3787  -16.3667  -16.3184  -16.3178  -16.3156  -16.3125  -16.2958  -16.2935  -16.2176  -16.2157  -12.1365  -11.9142  -10.7292  -10.5615  -10.5164  -10.4876  -10.2755  -10.2576   -6.2456   -6.0258   -5.4917   -5.1915   -4.3295   -4.0808   -3.5921   -3.5879   -3.0752   -2.8229   -2.8124   -2.7433   -2.5832   -2.5220   -2.2472   -2.2295   -2.0172   -1.8493   -1.8090   -1.5746   -1.3078   -0.9016   -0.8979   -0.6150    2.5254    2.5749    3.0676    3.1562    3.1834    3.2678    3.4630    3.6369    3.8017    3.9667    4.1524    4.2245    4.3031    4.5594    4.5813    4.6720    4.8609    5.0732    5.1460    5.2806    5.3262    5.4153    5.5725    5.6560    5.6976    5.8423    6.1140    6.3501
  0.3713  -44.0849  -44.0849  -44.0819  -44.0819  -23.6813  -23.6813  -23.6785  -23.6785  -23.6607  -23.6607  -23.6399  -23.6399  -23.6232  -23.6232  -23.6054  -23.6054  -16.5422  -16.5422  -16.5095  -16.5095  -16.4804  -16.4804  -16.4397  -16.4396  -16.3853  -16.3852  -16.3729  -16.3728  -16.3181  -16.3181  -16.3141  -16.3141  -16.2946  -16.2946  -16.2166  -16.2166  -12.0319  -12.0319  -10.6424  -10.6424  -10.5014  -10.5014  -10.2651  -10.2651   -6.1333   -6.1333   -5.3456   -5.3456   -4.2195   -4.2195   -3.5726   -3.5726   -2.9430   -2.9430   -2.6862   -2.6862   -2.6100   -2.6100   -2.2580   -2.2580   -1.9450   -1.9450   -1.7507   -1.7507   -1.1051   -1.1051   -0.7494   -0.7494    2.5665    2.5665    3.1091    3.1092    3.2883    3.2883    3.5421    3.5426    3.8743    3.8743    4.2536    4.2536    4.3086    4.3089    4.6441    4.6485    5.0370    5.0392    5.2736    5.2751    5.4198    5.4233    5.5049    5.5081    5.6786    5.6842    6.1159    6.2501
  0.3713  -44.0849  -44.0849  -44.0819  -44.0819  -23.6813  -23.6813  -23.6785  -23.6785  -23.6607  -23.6607  -23.6399  -23.6399  -23.6232  -23.6232  -23.6054  -23.6054  -16.5422  -16.5422  -16.5095  -16.5095  -16.4804  -16.4804  -16.4397  -16.4396  -16.3853  -16.3852  -16.3729  -16.3728  -16.3181  -16.3181  -16.3141  -16.3141  -16.2946  -16.2946  -16.2166  -16.2166  -12.0319  -12.0319  -10.6424  -10.6424  -10.5014  -10.5014  -10.2651  -10.2651   -6.1333   -6.1333   -5.3456   -5.3456   -4.2195   -4.2195   -3.5726   -3.5726   -2.9430   -2.9430   -2.6862   -2.6862   -2.6100   -2.6100   -2.2580   -2.2580   -1.9450   -1.9450   -1.7507   -1.7507   -1.1051   -1.1051   -0.7494   -0.7494    2.5665    2.5665    3.1091    3.1093    3.2882    3.2884    3.5422    3.5423    3.8743    3.8743    4.2536    4.2538    4.3083    4.3090    4.6454    4.6461    5.0372    5.0418    5.2747    5.2767    5.4225    5.4293    5.5047    5.5371    5.6813    5.7324    6.1211    6.1716
  0.4329  -44.0849  -44.0849  -44.0819  -44.0819  -23.6819  -23.6819  -23.6777  -23.6777  -23.6606  -23.6606  -23.6400  -23.6400  -23.6237  -23.6237  -23.6051  -23.6051  -16.5422  -16.5422  -16.5094  -16.5094  -16.4808  -16.4808  -16.4399  -16.4399  -16.3848  -16.3848  -16.3728  -16.3728  -16.3181  -16.3181  -16.3140  -16.3140  -16.2947  -16.2947  -16.2166  -16.2165  -12.0227  -12.0227  -10.6745  -10.6745  -10.4892  -10.4892  -10.2622  -10.2622   -6.1115   -6.1115   -5.3430   -5.3430   -4.2146   -4.2146   -3.5762   -3.5762   -2.9632   -2.9632   -2.7248   -2.7248   -2.5793   -2.5793   -2.2274   -2.2274   -1.9509   -1.9508   -1.7634   -1.7634   -1.0816   -1.0816   -0.7801   -0.7801    2.5341    2.5341    3.0752    3.0757    3.2694    3.2701    3.5466    3.5467    3.9805    3.9805    4.2845    4.2847    4.3382    4.3383    4.6384    4.6423    5.0422    5.0434    5.1447    5.1474    5.4011    5.4046    5.5588    5.5845    5.7415    5.7650    6.2090    6.3190
  0.4944  -44.0848  -44.0848  -44.0820  -44.0820  -23.6828  -23.6828  -23.6763  -23.6763  -23.6602  -23.6602  -23.6405  -23.6405  -23.6248  -23.6248  -23.6045  -23.6045  -16.5422  -16.5422  -16.5089  -16.5089  -16.4820  -16.4820  -16.4407  -16.4407  -16.3836  -16.3836  -16.3725  -16.3725  -16.3181  -16.3181  -16.3137  -16.3137  -16.2951  -16.2951  -16.2164  -16.2164  -11.9957  -11.9957  -10.7510  -10.7510  -10.4674  -10.4674  -10.2566  -10.2566   -6.0494   -6.0494   -5.3368   -5.3368   -4.1998   -4.1998   -3.5842   -3.5842   -3.0445   -3.0445   -2.7318   -2.7318   -2.5539   -2.5539   -2.1623   -2.1623   -1.9941   -1.9941   -1.7562   -1.7562   -1.0326   -1.0326   -0.8660   -0.8660    2.4405    2.4405    3.0077    3.0077    3.3221    3.3222    3.5492    3.5492    4.1158    4.1158    4.2694    4.2699    4.5177    4.5179    4.6751    4.6788    4.9158    4.9174    5.0858    5.0862    5.3247    5.3339    5.5918    5.6140    5.8741    5.8804    6.1954    6.4376
  0.5560  -44.0846  -44.0846  -44.0822  -44.0822  -23.6834  -23.6834  -23.6748  -23.6748  -23.6597  -23.6597  -23.6417  -23.6417  -23.6255  -23.6255  -23.6039  -23.6039  -16.5422  -16.5422  -16.5082  -16.5082  -16.4838  -16.4838  -16.4417  -16.4417  -16.3820  -16.3820  -16.3721  -16.3721  -16.3181  -16.3180  -16.3133  -16.3132  -16.2957  -16.2956  -16.2161  -16.2161  -11.9527  -11.9527  -10.8501  -10.8501  -10.4458  -10.4458  -10.2530  -10.2530   -5.9564   -5.9564   -5.3314   -5.3314   -4.1761   -4.1761   -3.5882   -3.5882   -3.1639   -3.1639   -2.7056   -2.7056   -2.5163   -2.5163   -2.1864   -2.1864   -1.9925   -1.9925   -1.7093   -1.7093   -1.0083   -1.0083   -0.9778   -0.9778    2.3376    2.3376    2.9721    2.9721    3.4040    3.4040    3.5834    3.5842    4.1564    4.1564    4.2693    4.2695    4.5766    4.5767    4.7268    4.7276    4.9530    4.9533    5.1110    5.1118    5.2595    5.2664    5.6170    5.6226    5.9964    6.0006    6.1848    6.2836
  0.6175  -44.0844  -44.0844  -44.0824  -44.0824  -23.6837  -23.6837  -23.6735  -23.6735  -23.6589  -23.6589  -23.6438  -23.6438  -23.6254  -23.6254  -23.6036  -23.6036  -16.5422  -16.5422  -16.5073  -16.5073  -16.4860  -16.4860  -16.4426  -16.4426  -16.3802  -16.3802  -16.3718  -16.3717  -16.3180  -16.3180  -16.3128  -16.3127  -16.2963  -16.2963  -16.2159  -16.2159  -11.8976  -11.8976  -10.9578  -10.9578  -10.4254  -10.4254  -10.2544  -10.2544   -5.8461   -5.8461   -5.3335   -5.3335   -4.1468   -4.1468   -3.5825   -3.5825   -3.2718   -3.2718   -2.7031   -2.7031   -2.4548   -2.4548   -2.2777   -2.2777   -1.9490   -1.9490   -1.6318   -1.6318   -1.1442   -1.1442   -0.9839   -0.9839    2.2923    2.2923    2.9416    2.9416    3.4296    3.4297    3.7018    3.7034    4.0601    4.0601    4.3518    4.3520    4.5998    4.6003    4.6327    4.6382    5.0636    5.0664    5.2201    5.2329    5.3603    5.3613    5.6388    5.6868    6.0104    6.0329    6.2228    6.5797
  0.6791  -44.0841  -44.0841  -44.0827  -44.0827  -23.6837  -23.6837  -23.6727  -23.6727  -23.6578  -23.6578  -23.6466  -23.6466  -23.6247  -23.6247  -23.6036  -23.6036  -16.5422  -16.5422  -16.5064  -16.5063  -16.4882  -16.4882  -16.4434  -16.4434  -16.3787  -16.3787  -16.3714  -16.3714  -16.3180  -16.3180  -16.3122  -16.3122  -16.2969  -16.2969  -16.2156  -16.2156  -11.8378  -11.8378  -11.0599  -11.0599  -10.4068  -10.4068  -10.2600  -10.2600   -5.7342   -5.7342   -5.3493   -5.3493   -4.1176   -4.1176   -3.5877   -3.5877   -3.3102   -3.3102   -2.7680   -2.7680   -2.4276   -2.4276   -2.2829   -2.2829   -1.9298   -1.9298   -1.5323   -1.5323   -1.2897   -1.2897   -1.0177   -1.0177    2.3290    2.3290    2.8845    2.8845    3.4247    3.4247    3.7688    3.7691    4.0178    4.0182    4.4236    4.4241    4.5948    4.5961    4.6520    4.6541    5.0658    5.0680    5.2701    5.2906    5.5589    5.5789    5.7087    5.7279    5.9482    6.0738    6.2192    6.2537
  0.7406  -44.0838  -44.0838  -44.0830  -44.0830  -23.6836  -23.6836  -23.6722  -23.6722  -23.6563  -23.6563  -23.6493  -23.6493  -23.6239  -23.6239  -23.6038  -23.6038  -16.5422  -16.5422  -16.5055  -16.5055  -16.4898  -16.4898  -16.4439  -16.4439  -16.3777  -16.3777  -16.3713  -16.3712  -16.3180  -16.3179  -16.3118  -16.3118  -16.2973  -16.2973  -16.2155  -16.2154  -11.7872  -11.7872  -11.1378  -11.1378  -10.3928  -10.3928  -10.2667  -10.2667   -5.6397   -5.6397   -5.3782   -5.3782   -4.0943   -4.0943   -3.6233   -3.6233   -3.2424   -3.2424   -2.9036   -2.9036   -2.3971   -2.3971   -2.2717   -2.2717   -1.8823   -1.8823   -1.5156   -1.5156   -1.3366   -1.3366   -1.0836   -1.0836    2.4318    2.4318    2.7885    2.7885    3.4222    3.4223    3.6763    3.6764    4.1654    4.1670    4.4200    4.4236    4.5908    4.5919    4.7217    4.7331    5.1180    5.1414    5.3169    5.3346    5.5276    5.6062    5.8158    5.9151    5.9462    6.0764    6.1630    6.5138
  0.8022  -44.0836  -44.0836  -44.0832  -44.0832  -23.6835  -23.6835  -23.6720  -23.6720  -23.6553  -23.6553  -23.6508  -23.6508  -23.6235  -23.6235  -23.6039  -23.6039  -16.5422  -16.5421  -16.5052  -16.5052  -16.4905  -16.4904  -16.4441  -16.4440  -16.3773  -16.3773  -16.3712  -16.3712  -16.3180  -16.3179  -16.3117  -16.3117  -16.2975  -16.2974  -16.2154  -16.2154  -11.7663  -11.7663  -11.1682  -11.1682  -10.3873  -10.3873  -10.2698  -10.2698   -5.5971   -5.5971   -5.3977   -5.3977   -4.0847   -4.0847   -3.6439   -3.6439   -3.1531   -3.1531   -3.0149   -3.0149   -2.3626   -2.3626   -2.2942   -2.2942   -1.8301   -1.8301   -1.5778   -1.5778   -1.2858   -1.2858   -1.1356   -1.1356    2.5178    2.5178    2.7079    2.7079    3.4247    3.4247    3.6267    3.6268    4.3099    4.3102    4.3324    4.3346    4.5852    4.5882    4.7816    4.7866    5.1242    5.1565    5.2950    5.3707    5.5568    5.6006    5.7715    5.8698    5.9630    6.0424    6.1375    6.3366
  0.8022  -44.0836  -44.0836  -44.0832  -44.0832  -23.6835  -23.6835  -23.6720  -23.6720  -23.6553  -23.6553  -23.6508  -23.6508  -23.6235  -23.6235  -23.6039  -23.6039  -16.5422  -16.5421  -16.5052  -16.5052  -16.4905  -16.4904  -16.4441  -16.4440  -16.3773  -16.3773  -16.3712  -16.3712  -16.3180  -16.3179  -16.3117  -16.3117  -16.2975  -16.2974  -16.2154  -16.2154  -11.7663  -11.7663  -11.1682  -11.1682  -10.3873  -10.3873  -10.2698  -10.2698   -5.5971   -5.5971   -5.3977   -5.3977   -4.0847   -4.0847   -3.6439   -3.6439   -3.1531   -3.1531   -3.0149   -3.0149   -2.3626   -2.3626   -2.2942   -2.2942   -1.8301   -1.8301   -1.5778   -1.5778   -1.2858   -1.2858   -1.1356   -1.1356    2.5178    2.5178    2.7079    2.7080    3.4247    3.4247    3.6268    3.6271    4.3099    4.3110    4.3327    4.3351    4.5856    4.5945    4.7808    4.7907    5.1604    5.2227    5.2995    5.3258    5.5875    5.6442    5.7052    5.7614    5.9838    6.0144    6.2228    6.4893
  0.8641  -44.0837  -44.0837  -44.0831  -44.0831  -23.6847  -23.6847  -23.6712  -23.6712  -23.6558  -23.6558  -23.6505  -23.6505  -23.6235  -23.6235  -23.6034  -23.6034  -16.5422  -16.5421  -16.5069  -16.5069  -16.4882  -16.4882  -16.4439  -16.4439  -16.3815  -16.3815  -16.3677  -16.3677  -16.3179  -16.3179  -16.3118  -16.3117  -16.2973  -16.2973  -16.2154  -16.2154  -11.7762  -11.7762  -11.1507  -11.1507  -10.3928  -10.3928  -10.2693  -10.2693   -5.6265   -5.6264   -5.3938   -5.3938   -4.1017   -4.1017   -3.6277   -3.6277   -3.1729   -3.1729   -2.9418   -2.9418   -2.4404   -2.4404   -2.2038   -2.2038   -1.8489   -1.8489   -1.5689   -1.5689   -1.3411   -1.3411   -1.0715   -1.0715    2.3692    2.3692    2.8140    2.8140    3.3709    3.3709    3.7044    3.7047    4.1060    4.1066    4.3988    4.4003    4.5474    4.5479    4.8705    4.8765    5.0384    5.0804    5.4440    5.4662    5.6025    5.6650    5.7066    5.8241    5.9801    6.0311    6.1830    6.3600
  0.9259  -44.0839  -44.0839  -44.0829  -44.0829  -23.6874  -23.6874  -23.6695  -23.6695  -23.6567  -23.6567  -23.6498  -23.6498  -23.6234  -23.6234  -23.6022  -23.6022  -16.5422  -16.5421  -16.5102  -16.5101  -16.4834  -16.4834  -16.4436  -16.4436  -16.3882  -16.3881  -16.3632  -16.3632  -16.3179  -16.3179  -16.3119  -16.3119  -16.2970  -16.2970  -16.2154  -16.2154  -11.8012  -11.8012  -11.1041  -11.1041  -10.4074  -10.4074  -10.2693  -10.2693   -5.6937   -5.6937   -5.3951   -5.3951   -4.1450   -4.1450   -3.5801   -3.5801   -3.1795   -3.1795   -2.8009   -2.8009   -2.5132   -2.5132   -2.0985   -2.0985   -1.9060   -1.9060   -1.5461   -1.5461   -1.3920   -1.3920   -0.9812   -0.9812    2.1469    2.1469    2.9130    2.9130    3.2539    3.2539    3.8226    3.8229    3.8790    3.8792    4.3951    4.3962    4.5439    4.5520    4.8690    4.8846    5.0999    5.1206    5.5079    5.5257    5.6569    5.7036    5.7734    5.8614    5.9551    6.0576    6.2051    6.3299
  0.9878  -44.0841  -44.0841  -44.0827  -44.0827  -23.6903  -23.6903  -23.6679  -23.6679  -23.6576  -23.6576  -23.6492  -23.6492  -23.6233  -23.6233  -23.6006  -23.6006  -16.5421  -16.5421  -16.5133  -16.5133  -16.4779  -16.4779  -16.4429  -16.4429  -16.3951  -16.3951  -16.3595  -16.3595  -16.3179  -16.3179  -16.3120  -16.3120  -16.2965  -16.2965  -16.2155  -16.2155  -11.8314  -11.8314  -11.0420  -11.0420  -10.4273  -10.4273  -10.2717  -10.2717   -5.7692   -5.7692   -5.4108   -5.4108   -4.1981   -4.1981   -3.5075   -3.5075   -3.1627   -3.1627   -2.6921   -2.6921   -2.5076   -2.5076   -2.0709   -2.0709   -1.9512   -1.9512   -1.5259   -1.5259   -1.3630   -1.3630   -0.9182   -0.9182    1.9325    1.9325    2.9493    2.9493    3.0789    3.0789    3.6101    3.6102    4.0887    4.0892    4.3662    4.3663    4.5293    4.5379    4.9009    4.9132    5.1852    5.2044    5.4045    5.4217    5.6896    5.7191    5.8431    5.8945    5.9688    6.0035    6.0833    6.2492
  1.0497  -44.0843  -44.0843  -44.0825  -44.0825  -23.6929  -23.6929  -23.6667  -23.6667  -23.6583  -23.6583  -23.6488  -23.6488  -23.6232  -23.6232  -23.5990  -23.5990  -16.5421  -16.5421  -16.5157  -16.5157  -16.4730  -16.4730  -16.4419  -16.4419  -16.4015  -16.4015  -16.3568  -16.3568  -16.3179  -16.3179  -16.3122  -16.3122  -16.2961  -16.2960  -16.2156  -16.2155  -11.8582  -11.8582  -10.9797  -10.9797  -10.4485  -10.4485  -10.2765  -10.2765   -5.8340   -5.8340   -5.4343   -5.4343   -4.2458   -4.2458   -3.4264   -3.4264   -3.1365   -3.1365   -2.6788   -2.6788   -2.4046   -2.4046   -2.1603   -2.1603   -1.9191   -1.9191   -1.5143   -1.5143   -1.2621   -1.2621   -0.8980   -0.8980    1.7502    1.7502    2.8419    2.8420    2.9916    2.9916    3.4907    3.4907    4.2151    4.2170    4.3799    4.3801    4.5728    4.5772    4.9611    4.9762    5.1630    5.1793    5.3406    5.3615    5.6645    5.6798    5.8192    5.8930    6.0262    6.1035    6.1682    6.3155
  1.1116  -44.0844  -44.0844  -44.0824  -44.0824  -23.6945  -23.6945  -23.6660  -23.6660  -23.6587  -23.6587  -23.6485  -23.6485  -23.6232  -23.6232  -23.5978  -23.5978  -16.5421  -16.5421  -16.5173  -16.5173  -16.4696  -16.4696  -16.4407  -16.4407  -16.4064  -16.4064  -16.3552  -16.3552  -16.3179  -16.3179  -16.3123  -16.3123  -16.2957  -16.2957  -16.2156  -16.2156  -11.8762  -11.8762  -10.9324  -10.9324  -10.4659  -10.4659  -10.2815  -10.2815   -5.8767   -5.8767   -5.4544   -5.4544   -4.2779   -4.2779   -3.3625   -3.3625   -3.1107   -3.1107   -2.6804   -2.6804   -2.3631   -2.3631   -2.2020   -2.2020   -1.8906   -1.8906   -1.5055   -1.5055   -1.1385   -1.1385   -0.9252   -0.9252    1.6237    1.6237    2.6902    2.6903    2.9937    2.9937    3.4288    3.4289    4.2032    4.2051    4.4380    4.4383    4.6587    4.6615    5.0149    5.0311    5.1055    5.1423    5.3846    5.4237    5.5790    5.6170    5.8935    5.9312    6.0061    6.0405    6.1136    6.1779
  1.1735  -44.0844  -44.0844  -44.0824  -44.0824  -23.6951  -23.6951  -23.6658  -23.6658  -23.6589  -23.6589  -23.6484  -23.6484  -23.6231  -23.6231  -23.5974  -23.5974  -16.5421  -16.5421  -16.5178  -16.5178  -16.4684  -16.4684  -16.4401  -16.4401  -16.4082  -16.4082  -16.3546  -16.3546  -16.3179  -16.3178  -16.3123  -16.3123  -16.2956  -16.2956  -16.2156  -16.2156  -11.8825  -11.8825  -10.9145  -10.9145  -10.4729  -10.4729  -10.2837  -10.2836   -5.8916   -5.8916   -5.4622   -5.4622   -4.2891   -4.2891   -3.3388   -3.3388   -3.0985   -3.0985   -2.6790   -2.6790   -2.3821   -2.3821   -2.1889   -2.1889   -1.8799   -1.8799   -1.5020   -1.5020   -1.0570   -1.0570   -0.9706   -0.9706    1.5777    1.5777    2.6341    2.6342    2.9960    2.9960    3.4087    3.4091    4.1918    4.1937    4.4629    4.4629    4.6655    4.6709    5.0605    5.0911    5.1711    5.2132    5.2658    5.3051    5.5583    5.5911    5.9135    5.9634    6.0039    6.0695    6.1441    6.2248
  1.1735  -44.0844  -44.0844  -44.0824  -44.0824  -23.6951  -23.6951  -23.6658  -23.6658  -23.6589  -23.6589  -23.6484  -23.6484  -23.6231  -23.6231  -23.5974  -23.5974  -16.5421  -16.5421  -16.5178  -16.5178  -16.4684  -16.4684  -16.4401  -16.4401  -16.4082  -16.4082  -16.3546  -16.3546  -16.3179  -16.3178  -16.3123  -16.3123  -16.2956  -16.2956  -16.2156  -16.2156  -11.8825  -11.8825  -10.9145  -10.9145  -10.4729  -10.4729  -10.2837  -10.2836   -5.8916   -5.8916   -5.4622   -5.4622   -4.2891   -4.2891   -3.3388   -3.3388   -3.0985   -3.0985   -2.6790   -2.6790   -2.3821   -2.3821   -2.1889   -2.1889   -1.8799   -1.8799   -1.5020   -1.5020   -1.0570   -1.0570   -0.9706   -0.9706    1.5777    1.5780    2.6341    2.6342    2.9960    2.9960    3.4087    3.4087    4.1920    4.1962    4.4629    4.4633    4.6658    4.6701    5.0569    5.0672    5.1709    5.1939    5.2639    5.2975    5.5572    5.6122    5.9216    5.9448    6.0344    6.0612    6.1145    6.1947
  1.2350  -44.0849  -44.0839  -44.0824  -44.0823  -23.6950  -23.6947  -23.6664  -23.6656  -23.6606  -23.6585  -23.6521  -23.6434  -23.6246  -23.6216  -23.5990  -23.5960  -16.5424  -16.5418  -16.5221  -16.5129  -16.4712  -16.4656  -16.4415  -16.4384  -16.4108  -16.4064  -16.3564  -16.3530  -16.3180  -16.3177  -16.3137  -16.3109  -16.2968  -16.2945  -16.2165  -16.2148  -12.0064  -11.7512  -10.9884  -10.8450  -10.4840  -10.4514  -10.2998  -10.2679   -5.9876   -5.8398   -5.5279   -5.3690   -4.3382   -4.2068   -3.4925   -3.3206   -3.2227   -2.8524   -2.7748   -2.6601   -2.3918   -2.3474   -2.2680   -2.0474   -1.9417   -1.8146   -1.5346   -1.5044   -1.1818   -1.1512   -0.9068   -0.8116    1.6095    1.6572    2.5534    2.6887    2.9728    3.0547    3.4068    3.4228    4.1146    4.2141    4.4646    4.5139    4.6049    4.6682    4.9157    4.9743    4.9976    5.1023    5.3827    5.4418    5.5309    5.7060    5.8140    5.9659    6.0026    6.0763    6.1722    6.2378
  1.2966  -44.0854  -44.0835  -44.0824  -44.0823  -23.6944  -23.6940  -23.6672  -23.6670  -23.6629  -23.6583  -23.6528  -23.6396  -23.6266  -23.6192  -23.6007  -23.5948  -16.5426  -16.5414  -16.5256  -16.5075  -16.4740  -16.4629  -16.4424  -16.4364  -16.4139  -16.4051  -16.3583  -16.3518  -16.3182  -16.3177  -16.3151  -16.3095  -16.2979  -16.2935  -16.2175  -16.2143  -12.1178  -11.6194  -11.0602  -10.7851  -10.4811  -10.4249  -10.3155  -10.2538   -6.1176   -5.8229   -5.5714   -5.2597   -4.3480   -4.1027   -3.7208   -3.3320   -3.2448   -2.8895   -2.7701   -2.6310   -2.3753   -2.3363   -2.2986   -1.9625   -1.8030   -1.7594   -1.5991   -1.5315   -1.3670   -1.2460   -0.7761   -0.6520    1.7215    1.8372    2.5048    2.6704    2.9895    3.1311    3.4011    3.4622    4.0175    4.1873    4.3817    4.5191    4.5957    4.6607    4.6863    4.7023    4.9466    5.0771    5.3633    5.4185    5.6375    5.6580    5.7036    5.9498    6.0121    6.0812    6.1597    6.2805
  1.3581  -44.0858  -44.0831  -44.0824  -44.0823  -23.6936  -23.6934  -23.6706  -23.6673  -23.6636  -23.6578  -23.6520  -23.6382  -23.6291  -23.6158  -23.6025  -23.5938  -16.5427  -16.5411  -16.5283  -16.5021  -16.4766  -16.4601  -16.4430  -16.4347  -16.4173  -16.4044  -16.3601  -16.3509  -16.3184  -16.3177  -16.3162  -16.3083  -16.2990  -16.2926  -16.2185  -16.2139  -12.2130  -11.4963  -11.1248  -10.7346  -10.4661  -10.3976  -10.3296  -10.2421   -6.2592   -5.8265   -5.6081   -5.1473   -4.3187   -3.9923   -3.9082   -3.3451   -3.2626   -2.9888   -2.9400   -2.5766   -2.4006   -2.3087   -2.2462   -1.9101   -1.7575   -1.6426   -1.5803   -1.5508   -1.4905   -1.2947   -0.6423   -0.5118    1.8393    2.0657    2.5458    2.5943    3.0158    3.2149    3.3811    3.5105    3.9219    4.1262    4.2599    4.3291    4.3495    4.5105    4.7411    4.7573    4.9714    5.0100    5.2620    5.2997    5.6665    5.7648    5.7936    5.8902    5.9554    6.0135    6.1180    6.3198
  1.4197  -44.0861  -44.0827  -44.0824  -44.0823  -23.6936  -23.6926  -23.6727  -23.6673  -23.6640  -23.6569  -23.6505  -23.6388  -23.6322  -23.6119  -23.6041  -23.5929  -16.5428  -16.5408  -16.5302  -16.4970  -16.4788  -16.4571  -16.4432  -16.4340  -16.4202  -16.4040  -16.3616  -16.3503  -16.3186  -16.3183  -16.3167  -16.3072  -16.3000  -16.2918  -16.2194  -16.2137  -12.2895  -11.3922  -11.1784  -10.6859  -10.4495  -10.3733  -10.3413  -10.2335   -6.3912   -5.8398   -5.6477   -5.0402   -4.2546   -4.0297   -3.8919   -3.3625   -3.3252   -3.1319   -3.0203   -2.6488   -2.4433   -2.2141   -2.2038   -1.8449   -1.8446   -1.7246   -1.6062   -1.5639   -1.4496   -1.0416   -0.5180   -0.3973    1.8945    2.2334    2.4890    2.7024    3.0891    3.3022    3.3485    3.5179    3.8306    4.0150    4.0557    4.1356    4.2511    4.4514    4.7982    4.8381    4.8689    5.0075    5.2116    5.3250    5.5516    5.6494    5.7388    5.7721    5.9931    6.0928    6.1330    6.2215
  1.4813  -44.0864  -44.0825  -44.0825  -44.0822  -23.6946  -23.6919  -23.6728  -23.6672  -23.6646  -23.6555  -23.6488  -23.6406  -23.6354  -23.6088  -23.6050  -23.5923  -16.5429  -16.5406  -16.5314  -16.4928  -16.4806  -16.4538  -16.4433  -16.4357  -16.4215  -16.4039  -16.3628  -16.3501  -16.3190  -16.3188  -16.3168  -16.3064  -16.3007  -16.2913  -16.2201  -16.2136  -12.3453  -11.3161  -11.2185  -10.6319  -10.4441  -10.3560  -10.3484  -10.2280   -6.4974   -5.8549   -5.6889   -4.9478   -4.1591   -4.0849   -3.8149   -3.4691   -3.4378   -3.2249   -2.9675   -2.7530   -2.4530   -2.2405   -2.1277   -1.9383   -1.8495   -1.8216   -1.5651   -1.4983   -1.4883   -0.6913   -0.4162   -0.3132    1.8996    2.2463    2.3638    2.8952    3.2655    3.3085    3.4043    3.4807    3.7349    3.8999    3.9032    3.9920    4.3287    4.4891    4.6956    4.8077    4.9092    4.9508    5.1617    5.2771    5.3573    5.5743    5.6806    5.7035    5.9827    6.0788    6.1552    6.2876
  1.5428  -44.0865  -44.0825  -44.0823  -44.0822  -23.6956  -23.6914  -23.6717  -23.6670  -23.6654  -23.6539  -23.6471  -23.6426  -23.6384  -23.6079  -23.6045  -23.5919  -16.5430  -16.5406  -16.5319  -16.4900  -16.4818  -16.4500  -16.4433  -16.4393  -16.4216  -16.4038  -16.3635  -16.3500  -16.3195  -16.3189  -16.3168  -16.3059  -16.3012  -16.2909  -16.2206  -16.2136  -12.3793  -11.2715  -11.2431  -10.5756  -10.4573  -10.3572  -10.3405  -10.2249   -6.5658   -5.8663   -5.7213   -4.8834   -4.0941   -4.0317   -3.7623   -3.6656   -3.5477   -3.2029   -2.8791   -2.8500   -2.4498   -2.3023   -2.0908   -2.0499   -1.8774   -1.8163   -1.5371   -1.5298   -1.4100   -0.4199   -0.3489   -0.2599    1.8913    2.1847    2.2380    3.0186    3.2880    3.3583    3.4740    3.4842    3.6434    3.8267    3.9920    4.0075    4.4189    4.5475    4.5752    4.7464    4.8043    4.8141    5.1269    5.2010    5.2109    5.5516    5.6970    5.9134    5.9849    6.0528    6.0923    6.3344
  1.6044  -44.0866  -44.0825  -44.0823  -44.0822  -23.6961  -23.6912  -23.6710  -23.6669  -23.6659  -23.6531  -23.6461  -23.6437  -23.6399  -23.6079  -23.6041  -23.5917  -16.5430  -16.5406  -16.5321  -16.4890  -16.4822  -16.4473  -16.4433  -16.4421  -16.4215  -16.4038  -16.3638  -16.3500  -16.3197  -16.3190  -16.3168  -16.3058  -16.3013  -16.2908  -16.2208  -16.2136  -12.3907  -11.2571  -11.2514  -10.5425  -10.4743  -10.3589  -10.3365  -10.2239   -6.5894   -5.8704   -5.7338   -4.8601   -4.0906   -3.9011   -3.8258   -3.7380   -3.5994   -3.1794   -2.8953   -2.8290   -2.4636   -2.3170   -2.1062   -2.0814   -1.8772   -1.8135   -1.5415   -1.5273   -1.3774   -0.3253   -0.3200   -0.2361    1.8871    2.1422    2.1909    3.0538    3.2831    3.3474    3.4875    3.5031    3.6133    3.7957    4.0697    4.2734    4.3050    4.5269    4.5294    4.6275    4.7655    4.8271    5.0062    5.1998    5.2361    5.5606    5.7757    5.9314    6.0076    6.0203    6.1228    6.3100
  1.6044  -44.0866  -44.0825  -44.0823  -44.0822  -23.6961  -23.6912  -23.6710  -23.6669  -23.6659  -23.6531  -23.6461  -23.6437  -23.6399  -23.6079  -23.6041  -23.5917  -16.5430  -16.5406  -16.5321  -16.4890  -16.4822  -16.4473  -16.4433  -16.4421  -16.4215  -16.4038  -16.3638  -16.3500  -16.3197  -16.3190  -16.3168  -16.3058  -16.3013  -16.2908  -16.2208  -16.2136  -12.3907  -11.2571  -11.2514  -10.5425  -10.4743  -10.3589  -10.3365  -10.2239   -6.5894   -5.8704   -5.7338   -4.8601   -4.0906   -3.9011   -3.8258   -3.7380   -3.5994   -3.1794   -2.8953   -2.8290   -2.4636   -2.3170   -2.1062   -2.0814   -1.8772   -1.8135   -1.5415   -1.5273   -1.3774   -0.3253   -0.3200   -0.2361    1.8871    2.1421    2.1909    3.0538    3.2827    3.3474    3.4858    3.5024    3.6133    3.7955    4.0697    4.2737    4.3050    4.5254    4.5295    4.6275    4.7628    4.8255    5.0111    5.1878    5.2673    5.5490    5.8243    5.9115    6.0043    6.0581    6.2069    6.2995
  1.6610  -44.0865  -44.0825  -44.0823  -44.0822  -23.6959  -23.6913  -23.6713  -23.6669  -23.6657  -23.6535  -23.6465  -23.6432  -23.6392  -23.6079  -23.6043  -23.5918  -16.5429  -16.5405  -16.5320  -16.4894  -16.4820  -16.4488  -16.4433  -16.4406  -16.4216  -16.4038  -16.3637  -16.3500  -16.3196  -16.3190  -16.3168  -16.3058  -16.3012  -16.2908  -16.2208  -16.2135  -12.3812  -11.2598  -11.2515  -10.5546  -10.4699  -10.3668  -10.3371  -10.2284   -6.5793   -5.8537   -5.7338   -4.8828   -4.0848   -3.9282   -3.7767   -3.7344   -3.6014   -3.1675   -2.8824   -2.8306   -2.4242   -2.3333   -2.0992   -2.0790   -1.8706   -1.8118   -1.5394   -1.5299   -1.3901   -0.4156   -0.3355   -0.2614    1.8901    2.2029    2.2143    3.0017    3.3156    3.3678    3.4810    3.5091    3.6340    3.8110    3.9935    4.1044    4.3137    4.4930    4.6327    4.6920    4.7549    4.8262    5.1388    5.2381    5.2619    5.5840    5.7957    5.9267    5.9601    6.0363    6.0616    6.3177
  1.7177  -44.0865  -44.0825  -44.0824  -44.0822  -23.6954  -23.6915  -23.6720  -23.6670  -23.6652  -23.6543  -23.6475  -23.6421  -23.6377  -23.6080  -23.6048  -23.5920  -16.5427  -16.5404  -16.5317  -16.4906  -16.4815  -16.4513  -16.4433  -16.4381  -16.4218  -16.4037  -16.3635  -16.3500  -16.3194  -16.3189  -16.3169  -16.3061  -16.3010  -16.2909  -16.2209  -16.2134  -12.3530  -11.2690  -11.2522  -10.5793  -10.4667  -10.3840  -10.3437  -10.2414   -6.5501   -5.8070   -5.7351   -4.9450   -4.0661   -3.9633   -3.7172   -3.6836   -3.6150   -3.1294   -2.8427   -2.8155   -2.3800   -2.3279   -2.0765   -2.0712   -1.8495   -1.8072   -1.5376   -1.5339   -1.4256   -0.6660   -0.3660   -0.3311    1.8986    2.2521    2.3651    2.8874    3.3477    3.3968    3.4397    3.4620    3.7220    3.8656    3.9137    3.9852    4.2729    4.3686    4.6688    4.6716    4.8427    5.0073    5.2762    5.2985    5.4564    5.4805    5.7393    5.9110    5.9204    5.9668    6.0592    6.1475
  1.7744  -44.0864  -44.0825  -44.0825  -44.0822  -23.6946  -23.6919  -23.6727  -23.6672  -23.6647  -23.6554  -23.6487  -23.6408  -23.6357  -23.6087  -23.6050  -23.5922  -16.5425  -16.5403  -16.5312  -16.4924  -16.4806  -16.4540  -16.4433  -16.4358  -16.4218  -16.4035  -16.3631  -16.3500  -16.3190  -16.3189  -16.3170  -16.3065  -16.3006  -16.2911  -16.2209  -16.2132  -12.3070  -11.2868  -11.2544  -10.6032  -10.4749  -10.4025  -10.3597  -10.2617   -6.5044   -5.7406   -5.7404   -5.0331   -4.0321   -3.9967   -3.6849   -3.6385   -3.5672   -3.0678   -2.7715   -2.7652   -2.4423   -2.2152   -2.0580   -2.0317   -1.8125   -1.8025   -1.5495   -1.5302   -1.4736   -0.9972   -0.4377   -0.4167    1.9110    2.3139    2.5081    2.7546    3.1928    3.2541    3.4670    3.4894    3.8896    3.9061    3.9840    4.0129    4.2399    4.2508    4.5928    4.7526    4.8327    5.1983    5.2441    5.3641    5.5217    5.6632    5.7074    5.8185    5.8899    6.0222    6.2074    6.3258
  1.8310  -44.0862  -44.0826  -44.0825  -44.0823  -23.6938  -23.6923  -23.6730  -23.6673  -23.6642  -23.6563  -23.6498  -23.6395  -23.6337  -23.6103  -23.6046  -23.5926  -16.5421  -16.5402  -16.5304  -16.4949  -16.4795  -16.4563  -16.4433  -16.4343  -16.4214  -16.4033  -16.3625  -16.3501  -16.3188  -16.3186  -16.3171  -16.3070  -16.3001  -16.2913  -16.2209  -16.2130  -12.2445  -11.3149  -11.2587  -10.6209  -10.4957  -10.4166  -10.3840  -10.2881   -6.4454   -5.7527   -5.6719   -5.1332   -4.0239   -3.9841   -3.7013   -3.5931   -3.4295   -2.9985   -2.6919   -2.6620   -2.5047   -2.1066   -2.0477   -1.9586   -1.8046   -1.7603   -1.5636   -1.5582   -1.5033   -1.3334   -0.5722   -0.4867    1.9244    2.3676    2.5524    2.6179    3.0006    3.1138    3.4379    3.5253    3.9488    4.0031    4.1015    4.1312    4.1495    4.3063    4.5825    4.6356    4.9197    5.0719    5.1299    5.4080    5.5157    5.6884    5.7809    5.8665    5.9097    6.0501    6.1875    6.4580
  1.8877  -44.0860  -44.0828  -44.0824  -44.0823  -23.6933  -23.6929  -23.6725  -23.6674  -23.6639  -23.6571  -23.6508  -23.6386  -23.6316  -23.6125  -23.6038  -23.5931  -16.5417  -16.5402  -16.5293  -16.4977  -16.4781  -16.4584  -16.4434  -16.4339  -16.4202  -16.4031  -16.3618  -16.3503  -16.3187  -16.3181  -16.3172  -16.3078  -16.2995  -16.2916  -16.2208  -16.2128  -12.1679  -11.3534  -11.2646  -10.6370  -10.5226  -10.4236  -10.4135  -10.3184   -6.3762   -5.7727   -5.6240   -5.2345   -4.0265   -3.9432   -3.7094   -3.5029   -3.2751   -2.9362   -2.6344   -2.5354   -2.5187   -2.0931   -2.0009   -1.8693   -1.8222   -1.6960   -1.6814   -1.5755   -1.5696   -1.4535   -0.7249   -0.5736    1.9354    2.3499    2.4796    2.5143    2.8498    3.0632    3.3336    3.5245    3.9760    4.0326    4.0339    4.2059    4.2070    4.3045    4.5611    4.5721    4.8552    4.9909    5.2308    5.3781    5.5067    5.6696    5.7545    5.8594    5.9814    6.0519    6.1081    6.1289
  1.9444  -44.0858  -44.0830  -44.0824  -44.0823  -23.6935  -23.6932  -23.6711  -23.6674  -23.6637  -23.6576  -23.6517  -23.6382  -23.6297  -23.6150  -23.6028  -23.5936  -16.5413  -16.5402  -16.5278  -16.5009  -16.4764  -16.4603  -16.4434  -16.4347  -16.4182  -16.4031  -16.3610  -16.3507  -16.3186  -16.3177  -16.3172  -16.3086  -16.2988  -16.2920  -16.2204  -16.2128  -12.0801  -11.3997  -11.2698  -10.6691  -10.5397  -10.4472  -10.4203  -10.3497   -6.2990   -5.7986   -5.6170   -5.3297   -3.9851   -3.9448   -3.6409   -3.3998   -3.1145   -2.8845   -2.6325   -2.5004   -2.3879   -2.2748   -1.8873   -1.8625   -1.7921   -1.7759   -1.6302   -1.5733   -1.5710   -1.4356   -0.8866   -0.6738    1.9403    2.2239    2.3505    2.4946    2.7617    3.0419    3.1801    3.4802    3.7980    3.8961    4.0746    4.1149    4.2293    4.3302    4.3835    4.7129    4.9928    5.0419    5.3085    5.3848    5.5588    5.6242    5.6885    5.7812    5.9998    6.0416    6.0928    6.1438
  2.0010  -44.0856  -44.0833  -44.0824  -44.0823  -23.6940  -23.6934  -23.6690  -23.6672  -23.6634  -23.6580  -23.6524  -23.6386  -23.6279  -23.6175  -23.6017  -23.5942  -16.5409  -16.5402  -16.5260  -16.5041  -16.4747  -16.4618  -16.4435  -16.4361  -16.4158  -16.4032  -16.3600  -16.3513  -16.3185  -16.3177  -16.3167  -16.3096  -16.2980  -16.2924  -16.2198  -16.2130  -11.9858  -11.4502  -11.2695  -10.7292  -10.5399  -10.4787  -10.4114  -10.3763   -6.2155   -5.8255   -5.6543   -5.4176   -3.9657   -3.8971   -3.5142   -3.2979   -2.9623   -2.8452   -2.6332   -2.6177   -2.4511   -2.1770   -1.9453   -1.7842   -1.7455   -1.7423   -1.5830   -1.5388   -1.5173   -1.4044   -1.0451   -0.7821    1.9346    2.0900    2.2638    2.4543    2.7262    2.9774    3.0074    3.4056    3.5038    3.6069    4.0095    4.2022    4.3110    4.3234    4.3667    4.7622    5.0465    5.1015    5.2684    5.3146    5.4777    5.5492    5.6691    5.6876    5.7167    5.9709    6.0581    6.2642
  2.0577  -44.0853  -44.0835  -44.0824  -44.0823  -23.6945  -23.6939  -23.6670  -23.6669  -23.6629  -23.6582  -23.6528  -23.6399  -23.6264  -23.6195  -23.6006  -23.5949  -16.5407  -16.5402  -16.5240  -16.5074  -16.4728  -16.4632  -16.4434  -16.4378  -16.4134  -16.4037  -16.3589  -16.3520  -16.3184  -16.3178  -16.3161  -16.3106  -16.2973  -16.2929  -16.2190  -16.2134  -11.8907  -11.5019  -11.2573  -10.8104  -10.5367  -10.5065  -10.3990  -10.3912   -6.1285   -5.8459   -5.7193   -5.5032   -3.9712   -3.7834   -3.3714   -3.2062   -2.9318   -2.8121   -2.7996   -2.6147   -2.4039   -2.0382   -2.0205   -1.7639   -1.7031   -1.7029   -1.5141   -1.4828   -1.4394   -1.3698   -1.1753   -0.8931    1.9168    1.9990    2.2529    2.3869    2.7010    2.8234    2.8678    3.1627    3.3027    3.4043    3.9476    4.1943    4.3915    4.3966    4.4885    4.7768    4.9084    4.9769    5.1101    5.2534    5.3832    5.4615    5.5436    5.7838    5.8038    5.9817    6.0776    6.3604
  2.1144  -44.0850  -44.0838  -44.0824  -44.0823  -23.6949  -23.6944  -23.6667  -23.6657  -23.6614  -23.6584  -23.6525  -23.6422  -23.6252  -23.6211  -23.5995  -23.5957  -16.5404  -16.5402  -16.5217  -16.5106  -16.4710  -16.4646  -16.4432  -16.4394  -16.4110  -16.4044  -16.3577  -16.3530  -16.3183  -16.3179  -16.3154  -16.3116  -16.2965  -16.2935  -16.2180  -16.2140  -11.8018  -11.5532  -11.2262  -10.9039  -10.5392  -10.5279  -10.3921  -10.3875   -6.0436   -5.8493   -5.7913   -5.5901   -3.9448   -3.6907   -3.2587   -3.1343   -3.1141   -2.8063   -2.7094   -2.5873   -2.3483   -2.0862   -1.9202   -1.7857   -1.7066   -1.7012   -1.4266   -1.4250   -1.3658   -1.3422   -1.2280   -1.0006    1.9078    1.9686    2.3060    2.3147    2.6041    2.6318    2.7844    2.9239    3.1180    3.3057    3.9233    4.1104    4.4890    4.5057    4.6501    4.7276    4.8106    4.8236    5.0335    5.1461    5.2902    5.3121    5.3819    5.6414    5.9517    5.9975    6.0721    6.2652
  2.1710  -44.0847  -44.0841  -44.0824  -44.0823  -23.6951  -23.6948  -23.6663  -23.6656  -23.6597  -23.6585  -23.6511  -23.6452  -23.6241  -23.6222  -23.5984  -23.5965  -16.5403  -16.5402  -16.5192  -16.5137  -16.4692  -16.4660  -16.4428  -16.4408  -16.4089  -16.4056  -16.3565  -16.3541  -16.3182  -16.3180  -16.3146  -16.3127  -16.2957  -16.2942  -16.2169  -16.2148  -11.7246  -11.6048  -11.1714  -11.0016  -10.5447  -10.5415  -10.3855  -10.3806   -5.9709   -5.8572   -5.8221   -5.6775   -3.8802   -3.6917   -3.2304   -3.2171   -3.0047   -2.8374   -2.6322   -2.5726   -2.2743   -2.1352   -1.8397   -1.8133   -1.7606   -1.7288   -1.3841   -1.3650   -1.3087   -1.3077   -1.2107   -1.0969    1.9325    1.9908    2.2339    2.3757    2.4863    2.4955    2.6248    2.9099    2.9747    3.2043    3.9315    4.0295    4.5272    4.5766    4.6699    4.7340    4.8239    4.8444    5.0172    5.0763    5.1842    5.2322    5.3367    5.4901    6.0025    6.0212    6.1006    6.2883
  2.2277  -44.0844  -44.0844  -44.0824  -44.0824  -23.6950  -23.6950  -23.6659  -23.6659  -23.6589  -23.6589  -23.6484  -23.6484  -23.6232  -23.6232  -23.5974  -23.5974  -16.5402  -16.5402  -16.5165  -16.5165  -16.4675  -16.4675  -16.4420  -16.4420  -16.4071  -16.4071  -16.3553  -16.3553  -16.3181  -16.3181  -16.3137  -16.3137  -16.2949  -16.2949  -16.2159  -16.2158  -11.6602  -11.6602  -11.0941  -11.0941  -10.5466  -10.5466  -10.3801  -10.3801   -5.9138   -5.9138   -5.7595   -5.7595   -3.7833   -3.7833   -3.2257   -3.2257   -2.9054   -2.9054   -2.5862   -2.5862   -2.1947   -2.1947   -1.8197   -1.8197   -1.7680   -1.7680   -1.3550   -1.3550   -1.2859   -1.2859   -1.1692   -1.1692    1.9838    1.9838    2.2641    2.2641    2.4520    2.4521    2.7163    2.7164    3.0851    3.0851    3.9679    3.9679    4.5477    4.5518    4.6948    4.6959    4.9441    4.9452    4.9710    4.9732    5.1391    5.1402    5.3816    5.3817    6.0117    6.0189    6.0576    6.2698
  2.2277  -44.0844  -44.0844  -44.0824  -44.0824  -23.6950  -23.6950  -23.6659  -23.6659  -23.6589  -23.6589  -23.6484  -23.6484  -23.6232  -23.6232  -23.5974  -23.5974  -16.5402  -16.5402  -16.5165  -16.5165  -16.4675  -16.4675  -16.4420  -16.4420  -16.4071  -16.4071  -16.3553  -16.3553  -16.3181  -16.3181  -16.3137  -16.3137  -16.2949  -16.2949  -16.2159  -16.2158  -11.6602  -11.6602  -11.0941  -11.0941  -10.5466  -10.5466  -10.3801  -10.3801   -5.9138   -5.9138   -5.7595   -5.7595   -3.7833   -3.7833   -3.2257   -3.2257   -2.9054   -2.9054   -2.5862   -2.5862   -2.1947   -2.1947   -1.8197   -1.8197   -1.7680   -1.7680   -1.3550   -1.3550   -1.2859   -1.2859   -1.1692   -1.1692    1.9838    1.9838    2.2641    2.2641    2.4520    2.4522    2.7163    2.7164    3.0851    3.0851    3.9679    3.9679    4.5478    4.5500    4.6949    4.6949    4.9440    4.9440    4.9714    4.9742    5.1394    5.1445    5.3814    5.3834    6.0174    6.0421    6.0825    6.2826
  2.2896  -44.0844  -44.0844  -44.0824  -44.0824  -23.6944  -23.6944  -23.6661  -23.6661  -23.6587  -23.6587  -23.6485  -23.6485  -23.6232  -23.6232  -23.5979  -23.5979  -16.5402  -16.5402  -16.5161  -16.5161  -16.4688  -16.4688  -16.4423  -16.4423  -16.4054  -16.4054  -16.3558  -16.3558  -16.3181  -16.3181  -16.3136  -16.3136  -16.2950  -16.2950  -16.2159  -16.2159  -11.6576  -11.6575  -11.0908  -11.0908  -10.5513  -10.5513  -10.3863  -10.3863   -5.8999   -5.8999   -5.7470   -5.7470   -3.7769   -3.7769   -3.2332   -3.2332   -2.9028   -2.9028   -2.5986   -2.5986   -2.1900   -2.1900   -1.8364   -1.8364   -1.7656   -1.7656   -1.3827   -1.3827   -1.2972   -1.2972   -1.1971   -1.1971    1.9998    1.9998    2.3026    2.3026    2.4872    2.4875    2.7682    2.7682    3.0976    3.0979    3.9954    3.9954    4.4744    4.4759    4.6543    4.6543    4.8452    4.8470    5.0607    5.0643    5.2667    5.2788    5.3901    5.3931    5.9946    6.0061    6.0750    6.3250
  2.3515  -44.0843  -44.0843  -44.0825  -44.0825  -23.6928  -23.6928  -23.6668  -23.6668  -23.6583  -23.6583  -23.6488  -23.6488  -23.6233  -23.6233  -23.5990  -23.5990  -16.5402  -16.5402  -16.5146  -16.5146  -16.4724  -16.4724  -16.4429  -16.4429  -16.4009  -16.4009  -16.3573  -16.3573  -16.3182  -16.3182  -16.3134  -16.3134  -16.2952  -16.2952  -16.2160  -16.2160  -11.6502  -11.6502  -11.0817  -11.0817  -10.5634  -10.5634  -10.4038  -10.4038   -5.8607   -5.8607   -5.7127   -5.7127   -3.7580   -3.7580   -3.2574   -3.2574   -2.8969   -2.8969   -2.6271   -2.6271   -2.1797   -2.1797   -1.8781   -1.8781   -1.7621   -1.7621   -1.4748   -1.4748   -1.3258   -1.3258   -1.2530   -1.2530    2.0439    2.0439    2.3856    2.3857    2.6040    2.6040    2.8961    2.8961    3.1525    3.1527    4.0610    4.0610    4.2994    4.3041    4.5628    4.5628    4.8173    4.8201    5.2028    5.2241    5.3273    5.3335    5.5134    5.5759    5.9043    5.9633    6.1286    6.1687
  2.4133  -44.0841  -44.0841  -44.0827  -44.0827  -23.6902  -23.6902  -23.6680  -23.6680  -23.6576  -23.6576  -23.6492  -23.6492  -23.6234  -23.6234  -23.6006  -23.6006  -16.5402  -16.5402  -16.5124  -16.5124  -16.4773  -16.4773  -16.4435  -16.4435  -16.3948  -16.3948  -16.3599  -16.3599  -16.3183  -16.3182  -16.3131  -16.3131  -16.2956  -16.2955  -16.2161  -16.2161  -11.6397  -11.6397  -11.0691  -11.0691  -10.5781  -10.5781  -10.4298  -10.4298   -5.8039   -5.8039   -5.6661   -5.6661   -3.7273   -3.7273   -3.3025   -3.3025   -2.8940   -2.8940   -2.6469   -2.6469   -2.1752   -2.1752   -1.9367   -1.9367   -1.7603   -1.7603   -1.6052   -1.6052   -1.3666   -1.3666   -1.3046   -1.3046    2.1097    2.1097    2.4678    2.4680    2.7967    2.7967    3.0083    3.0084    3.3016    3.3017    4.0235    4.0238    4.2179    4.2190    4.5013    4.5018    4.8362    4.8570    5.2569    5.2741    5.3871    5.4051    5.6297    5.6523    5.7870    5.9462    6.0653    6.2047
  2.4752  -44.0839  -44.0839  -44.0829  -44.0829  -23.6873  -23.6873  -23.6696  -23.6696  -23.6567  -23.6567  -23.6498  -23.6498  -23.6235  -23.6235  -23.6022  -23.6022  -16.5402  -16.5402  -16.5095  -16.5094  -16.4827  -16.4827  -16.4440  -16.4440  -16.3882  -16.3882  -16.3635  -16.3635  -16.3183  -16.3183  -16.3127  -16.3127  -16.2959  -16.2959  -16.2163  -16.2162  -11.6289  -11.6289  -11.0564  -11.0564  -10.5899  -10.5899  -10.4592  -10.4592   -5.7426   -5.7426   -5.6200   -5.6200   -3.6859   -3.6859   -3.3685   -3.3685   -2.9006   -2.9006   -2.6282   -2.6282   -2.2032   -2.2032   -2.0067   -2.0067   -1.7649   -1.7649   -1.6985   -1.6985   -1.4141   -1.4141   -1.3453   -1.3453    2.1839    2.1839    2.5441    2.5441    2.9955    2.9955    3.0992    3.0993    3.4381    3.4381    3.9597    3.9606    4.1839    4.1846    4.5661    4.5678    4.8305    4.8311    5.2214    5.2426    5.4387    5.5116    5.5377    5.6274    5.8866    5.9616    6.0517    6.2051
  2.5371  -44.0837  -44.0837  -44.0831  -44.0831  -23.6846  -23.6846  -23.6712  -23.6712  -23.6557  -23.6557  -23.6504  -23.6504  -23.6235  -23.6235  -23.6035  -23.6035  -16.5402  -16.5402  -16.5065  -16.5065  -16.4873  -16.4873  -16.4443  -16.4443  -16.3818  -16.3818  -16.3678  -16.3678  -16.3184  -16.3184  -16.3125  -16.3125  -16.2962  -16.2961  -16.2164  -16.2163  -11.6207  -11.6207  -11.0472  -11.0472  -10.5953  -10.5953  -10.4840  -10.4840   -5.6940   -5.6940   -5.5870   -5.5870   -3.6371   -3.6371   -3.4428   -3.4428   -2.9110   -2.9110   -2.5630   -2.5630   -2.2967   -2.2967   -2.0504   -2.0504   -1.7772   -1.7772   -1.7235   -1.7234   -1.4546   -1.4546   -1.3725   -1.3725    2.2423    2.2423    2.6142    2.6142    3.0701    3.0701    3.2654    3.2654    3.4128    3.4128    3.9555    3.9555    4.2397    4.2400    4.6617    4.6617    4.7994    4.8042    5.1609    5.1670    5.2914    5.3538    5.6902    5.7420    5.8912    5.9352    6.0150    6.1505
  2.5990  -44.0836  -44.0836  -44.0832  -44.0832  -23.6835  -23.6835  -23.6721  -23.6721  -23.6553  -23.6553  -23.6508  -23.6508  -23.6236  -23.6236  -23.6039  -23.6039  -16.5402  -16.5402  -16.5050  -16.5050  -16.4893  -16.4893  -16.4444  -16.4444  -16.3780  -16.3780  -16.3709  -16.3709  -16.3184  -16.3184  -16.3124  -16.3124  -16.2963  -16.2962  -16.2164  -16.2164  -11.6176  -11.6176  -11.0438  -11.0438  -10.5962  -10.5962  -10.4942  -10.4942   -5.6753   -5.6753   -5.5753   -5.5753   -3.6048   -3.6048   -3.4861   -3.4861   -2.9155   -2.9155   -2.4943   -2.4943   -2.3845   -2.3845   -2.0606   -2.0606   -1.7809   -1.7809   -1.7259   -1.7259   -1.4709   -1.4709   -1.3823   -1.3823    2.2640    2.2640    2.6480    2.6480    3.0960    3.0961    3.2634    3.2634    3.4863    3.4863    3.8548    3.8548    4.4750    4.4752    4.5075    4.5173    4.9375    4.9390    4.9852    4.9931    5.3369    5.4638    5.7241    5.7774    5.9120    5.9367    6.0525    6.2331
  2.5990  -44.0836  -44.0836  -44.0832  -44.0832  -23.6835  -23.6835  -23.6721  -23.6721  -23.6553  -23.6553  -23.6508  -23.6508  -23.6236  -23.6236  -23.6039  -23.6039  -16.5402  -16.5402  -16.5050  -16.5050  -16.4893  -16.4893  -16.4444  -16.4444  -16.3780  -16.3780  -16.3709  -16.3709  -16.3184  -16.3184  -16.3124  -16.3124  -16.2963  -16.2962  -16.2164  -16.2164  -11.6176  -11.6176  -11.0438  -11.0438  -10.5962  -10.5962  -10.4942  -10.4942   -5.6753   -5.6753   -5.5753   -5.5753   -3.6048   -3.6048   -3.4861   -3.4861   -2.9155   -2.9155   -2.4943   -2.4943   -2.3845   -2.3845   -2.0606   -2.0606   -1.7809   -1.7809   -1.7259   -1.7259   -1.4709   -1.4709   -1.3823   -1.3823    2.2640    2.2640    2.6480    2.6480    3.0960    3.0961    3.2634    3.2637    3.4863    3.4863    3.8548    3.8549    4.4757    4.4771    4.5080    4.5116    4.9382    4.9390    4.9847    4.9890    5.3076    5.3387    5.7354    5.7964    5.9084    5.9349    6.0027    6.2263
  2.6557  -44.0837  -44.0837  -44.0831  -44.0831  -23.6835  -23.6835  -23.6721  -23.6721  -23.6558  -23.6558  -23.6501  -23.6501  -23.6237  -23.6237  -23.6039  -23.6039  -16.5402  -16.5402  -16.5051  -16.5051  -16.4892  -16.4891  -16.4443  -16.4443  -16.3781  -16.3781  -16.3709  -16.3709  -16.3184  -16.3184  -16.3124  -16.3124  -16.2962  -16.2962  -16.2164  -16.2164  -11.6253  -11.6253  -11.0442  -11.0442  -10.5971  -10.5971  -10.4797  -10.4797   -5.7372   -5.7372   -5.5085   -5.5085   -3.6025   -3.6025   -3.4740   -3.4740   -2.9581   -2.9581   -2.5576   -2.5576   -2.3286   -2.3286   -2.0808   -2.0808   -1.8076   -1.8075   -1.7107   -1.7107   -1.4723   -1.4723   -1.3428   -1.3428    2.2642    2.2642    2.5985    2.5985    3.0604    3.0606    3.3338    3.3339    3.5489    3.5489    3.8878    3.8878    4.4559    4.4560    4.5855    4.5923    4.9383    4.9436    5.0034    5.0105    5.3277    5.4177    5.7445    5.8028    5.8379    5.8919    6.0527    6.1801
  2.7123  -44.0839  -44.0839  -44.0829  -44.0829  -23.6836  -23.6836  -23.6723  -23.6723  -23.6567  -23.6567  -23.6486  -23.6486  -23.6241  -23.6241  -23.6038  -23.6038  -16.5404  -16.5403  -16.5054  -16.5054  -16.4886  -16.4886  -16.4441  -16.4440  -16.3785  -16.3784  -16.3711  -16.3711  -16.3184  -16.3183  -16.3126  -16.3126  -16.2962  -16.2961  -16.2164  -16.2163  -11.6487  -11.6487  -11.0417  -11.0417  -10.5938  -10.5938  -10.4455  -10.4455   -5.8213   -5.8213   -5.4116   -5.4116   -3.6091   -3.6091   -3.4363   -3.4363   -3.0547   -3.0547   -2.6604   -2.6604   -2.2676   -2.2676   -2.1337   -2.1337   -1.8348   -1.8348   -1.6891   -1.6891   -1.4458   -1.4458   -1.2875   -1.2875    2.2676    2.2676    2.5038    2.5038    3.0409    3.0410    3.4469    3.4469    3.6479    3.6479    4.0189    4.0192    4.4926    4.4932    4.7137    4.7165    4.9486    4.9600    5.0508    5.0554    5.3649    5.4752    5.6702    5.7104    5.7832    5.9273    6.1382    6.2311
  2.7690  -44.0840  -44.0840  -44.0827  -44.0827  -23.6837  -23.6837  -23.6726  -23.6726  -23.6576  -23.6576  -23.6468  -23.6468  -23.6246  -23.6246  -23.6037  -23.6037  -16.5405  -16.5405  -16.5059  -16.5059  -16.4877  -16.4877  -16.4437  -16.4437  -16.3790  -16.3789  -16.3714  -16.3714  -16.3183  -16.3183  -16.3128  -16.3128  -16.2961  -16.2960  -16.2164  -16.2163  -11.6878  -11.6878  -11.0293  -11.0293  -10.5811  -10.5811  -10.4052  -10.4052   -5.8942   -5.8942   -5.3228   -5.3228   -3.6552   -3.6552   -3.3799   -3.3799   -3.1514   -3.1514   -2.7488   -2.7488   -2.2856   -2.2856   -2.1795   -2.1795   -1.8345   -1.8345   -1.6312   -1.6312   -1.4305   -1.4305   -1.2521   -1.2521    2.2592    2.2593    2.4648    2.4648    3.0597    3.0604    3.5510    3.5511    3.7072    3.7073    4.2270    4.2272    4.5974    4.6061    4.8300    4.8374    4.9794    4.9893    5.1455    5.1740    5.4285    5.4800    5.5338    5.6180    5.8447    6.0265    6.1450    6.1871
  2.8257  -44.0842  -44.0842  -44.0826  -44.0825  -23.6837  -23.6837  -23.6731  -23.6731  -23.6584  -23.6584  -23.6450  -23.6450  -23.6251  -23.6251  -23.6036  -23.6036  -16.5408  -16.5407  -16.5065  -16.5065  -16.4866  -16.4866  -16.4432  -16.4432  -16.3797  -16.3797  -16.3717  -16.3717  -16.3182  -16.3182  -16.3130  -16.3130  -16.2959  -16.2959  -16.2163  -16.2163  -11.7399  -11.7399  -11.0018  -11.0018  -10.5598  -10.5598  -10.3676  -10.3676   -5.9527   -5.9527   -5.2528   -5.2528   -3.7565   -3.7565   -3.3228   -3.3228   -3.2304   -3.2304   -2.7718   -2.7718   -2.3572   -2.3572   -2.2248   -2.2248   -1.7950   -1.7950   -1.5593   -1.5593   -1.4493   -1.4493   -1.2335   -1.2335    2.2308    2.2308    2.5308    2.5308    3.1026    3.1032    3.6257    3.6257    3.7586    3.7587    4.4153    4.4170    4.7201    4.7206    4.8776    4.8799    5.0652    5.0699    5.2545    5.2701    5.4076    5.4177    5.5350    5.6168    5.8645    6.0811    6.1299    6.2465
  2.8823  -44.0844  -44.0844  -44.0824  -44.0824  -23.6837  -23.6837  -23.6737  -23.6737  -23.6591  -23.6591  -23.6433  -23.6433  -23.6255  -23.6255  -23.6037  -23.6037  -16.5410  -16.5410  -16.5071  -16.5071  -16.4854  -16.4854  -16.4426  -16.4426  -16.3806  -16.3805  -16.3720  -16.3720  -16.3182  -16.3182  -16.3133  -16.3133  -16.2957  -16.2957  -16.2163  -16.2163  -11.7995  -11.7995  -10.9590  -10.9590  -10.5334  -10.5334  -10.3369  -10.3369   -5.9983   -5.9983   -5.2096   -5.2096   -3.8866   -3.8866   -3.3368   -3.3368   -3.2462   -3.2462   -2.7182   -2.7182   -2.4302   -2.4302   -2.2626   -2.2626   -1.7535   -1.7535   -1.5842   -1.5842   -1.4066   -1.4066   -1.2199   -1.2199    2.2300    2.2301    2.6573    2.6573    3.1559    3.1562    3.6522    3.6523    3.8287    3.8289    4.5302    4.5308    4.7472    4.7541    4.9029    4.9073    5.1219    5.1265    5.2276    5.2484    5.4787    5.4873    5.6826    5.7279    5.8717    6.0340    6.1787    6.3134
  2.9390  -44.0846  -44.0846  -44.0822  -44.0822  -23.6835  -23.6835  -23.6745  -23.6745  -23.6596  -23.6596  -23.6420  -23.6420  -23.6256  -23.6256  -23.6038  -23.6038  -16.5413  -16.5413  -16.5078  -16.5078  -16.4841  -16.4841  -16.4419  -16.4419  -16.3816  -16.3816  -16.3722  -16.3722  -16.3182  -16.3181  -16.3135  -16.3135  -16.2955  -16.2955  -16.2164  -16.2163  -11.8604  -11.8604  -10.9036  -10.9036  -10.5070  -10.5070  -10.3142  -10.3142   -6.0345   -6.0345   -5.1982   -5.1982   -4.0080   -4.0080   -3.4261   -3.4261   -3.1835   -3.1835   -2.6590   -2.6590   -2.4836   -2.4836   -2.2551   -2.2551   -1.7393   -1.7393   -1.6952   -1.6952   -1.3037   -1.3037   -1.1955   -1.1955    2.2768    2.2768    2.8037    2.8037    3.2080    3.2085    3.6275    3.6282    3.9137    3.9142    4.4890    4.4909    4.7310    4.7352    4.9235    4.9463    5.0385    5.0500    5.2954    5.3131    5.4436    5.5171    5.8047    5.8316    5.8880    6.0826    6.2316    6.4227
  2.9957  -44.0847  -44.0847  -44.0821  -44.0821  -23.6832  -23.6832  -23.6754  -23.6754  -23.6600  -23.6600  -23.6410  -23.6410  -23.6252  -23.6252  -23.6042  -23.6042  -16.5416  -16.5416  -16.5084  -16.5083  -16.4829  -16.4829  -16.4413  -16.4413  -16.3827  -16.3826  -16.3725  -16.3725  -16.3181  -16.3181  -16.3137  -16.3137  -16.2952  -16.2952  -16.2164  -16.2164  -11.9171  -11.9171  -10.8404  -10.8404  -10.4863  -10.4863  -10.2979  -10.2979   -6.0648   -6.0648   -5.2174   -5.2173   -4.1002   -4.1002   -3.5011   -3.5011   -3.1127   -3.1127   -2.6572   -2.6572   -2.5151   -2.5151   -2.1839   -2.1839   -1.8356   -1.8356   -1.7399   -1.7399   -1.2190   -1.2190   -1.1271   -1.1271    2.3652    2.3652    2.9410    2.9410    3.2461    3.2462    3.5637    3.5640    3.9940    3.9942    4.3304    4.3337    4.7362    4.7381    4.8627    4.8692    4.9974    5.0243    5.2508    5.2660    5.4421    5.4523    5.7330    5.8143    5.9674    6.0115    6.2638    6.3981
  3.0523  -44.0848  -44.0848  -44.0820  -44.0820  -23.6827  -23.6827  -23.6764  -23.6764  -23.6603  -23.6603  -23.6404  -23.6404  -23.6246  -23.6246  -23.6046  -23.6046  -16.5419  -16.5418  -16.5089  -16.5088  -16.4819  -16.4819  -16.4406  -16.4406  -16.3837  -16.3837  -16.3726  -16.3726  -16.3181  -16.3181  -16.3139  -16.3139  -16.2950  -16.2950  -16.2165  -16.2165  -11.9652  -11.9652  -10.7747  -10.7747  -10.4764  -10.4764  -10.2855  -10.2855   -6.0911   -6.0911   -5.2569   -5.2569   -4.1605   -4.1605   -3.5487   -3.5487   -3.0429   -3.0429   -2.6826   -2.6826   -2.5446   -2.5446   -2.1089   -2.1089   -1.9497   -1.9497   -1.7578   -1.7578   -1.1717   -1.1717   -1.0070   -1.0070    2.4718    2.4718    3.0381    3.0381    3.2703    3.2708    3.4873    3.4875    4.0202    4.0202    4.2219    4.2244    4.6904    4.6912    4.7723    4.7736    4.9717    4.9740    5.1895    5.1938    5.4613    5.4673    5.6716    5.6974    5.9046    5.9144    6.3320    6.6021
  3.1090  -44.0849  -44.0849  -44.0819  -44.0819  -23.6822  -23.6822  -23.6773  -23.6773  -23.6605  -23.6605  -23.6401  -23.6401  -23.6239  -23.6239  -23.6050  -23.6050  -16.5420  -16.5420  -16.5092  -16.5092  -16.4811  -16.4811  -16.4401  -16.4401  -16.3845  -16.3845  -16.3728  -16.3728  -16.3181  -16.3181  -16.3140  -16.3140  -16.2948  -16.2948  -16.2166  -16.2165  -12.0016  -12.0016  -10.7127  -10.7127  -10.4799  -10.4799  -10.2752  -10.2752   -6.1130   -6.1130   -5.3007   -5.3007   -4.1958   -4.1958   -3.5694   -3.5694   -2.9853   -2.9853   -2.6990   -2.6990   -2.5751   -2.5751   -2.1450   -2.1450   -1.9671   -1.9671   -1.7643   -1.7643   -1.1367   -1.1367   -0.8819   -0.8819    2.5517    2.5517    3.0817    3.0821    3.2760    3.2768    3.4701    3.4706    3.9488    3.9488    4.2430    4.2450    4.5094    4.5095    4.7566    4.7582    4.9536    4.9540    5.1836    5.1870    5.4430    5.4511    5.6730    5.7036    5.7639    5.8734    6.1840    6.3710
  3.1657  -44.0849  -44.0849  -44.0819  -44.0819  -23.6816  -23.6816  -23.6781  -23.6781  -23.6606  -23.6606  -23.6400  -23.6400  -23.6234  -23.6234  -23.6053  -23.6053  -16.5422  -16.5421  -16.5095  -16.5094  -16.4806  -16.4805  -16.4398  -16.4398  -16.3851  -16.3851  -16.3728  -16.3728  -16.3181  -16.3181  -16.3141  -16.3141  -16.2947  -16.2946  -16.2166  -16.2166  -12.0242  -12.0242  -10.6633  -10.6633  -10.4929  -10.4929  -10.2678  -10.2678   -6.1280   -6.1280   -5.3336   -5.3336   -4.2139   -4.2139   -3.5732   -3.5732   -2.9521   -2.9521   -2.6946   -2.6946   -2.5997   -2.5997   -2.2242   -2.2242   -1.9497   -1.9497   -1.7564   -1.7564   -1.1134   -1.1134   -0.7859   -0.7859    2.5713    2.5713    3.1066    3.1070    3.2692    3.2701    3.5227    3.5228    3.8854    3.8855    4.2862    4.2875    4.3395    4.3395    4.6820    4.6844    5.0083    5.0090    5.2246    5.2279    5.4294    5.4483    5.6046    5.6517    5.6820    5.7011    6.1929    6.6757
  3.2223  -44.0849  -44.0849  -44.0819  -44.0819  -23.6813  -23.6813  -23.6785  -23.6785  -23.6607  -23.6607  -23.6399  -23.6399  -23.6232  -23.6232  -23.6054  -23.6054  -16.5422  -16.5422  -16.5095  -16.5095  -16.4804  -16.4804  -16.4397  -16.4396  -16.3853  -16.3852  -16.3729  -16.3728  -16.3181  -16.3181  -16.3141  -16.3141  -16.2946  -16.2946  -16.2166  -16.2166  -12.0319  -12.0319  -10.6424  -10.6424  -10.5014  -10.5014  -10.2651  -10.2651   -6.1333   -6.1333   -5.3456   -5.3456   -4.2195   -4.2195   -3.5726   -3.5726   -2.9430   -2.9430   -2.6862   -2.6862   -2.6100   -2.6100   -2.2580   -2.2580   -1.9450   -1.9450   -1.7507   -1.7507   -1.1051   -1.1051   -0.7494   -0.7494    2.5665    2.5665    3.1092    3.1094    3.2882    3.2884    3.5422    3.5423    3.8743    3.8743    4.2536    4.2536    4.3083    4.3089    4.6454    4.6482    5.0372    5.0389    5.2736    5.2749    5.4194    5.4251    5.5031    5.5293    5.6791    5.6950    6.1406    6.5985
  3.2223  -44.0849  -44.0849  -44.0819  -44.0819  -23.6813  -23.6813  -23.6785  -23.6785  -23.6607  -23.6607  -23.6399  -23.6399  -23.6232  -23.6232  -23.6054  -23.6054  -16.5422  -16.5422  -16.5095  -16.5095  -16.4804  -16.4804  -16.4397  -16.4396  -16.3853  -16.3852  -16.3729  -16.3728  -16.3181  -16.3181  -16.3141  -16.3141  -16.2946  -16.2946  -16.2166  -16.2166  -12.0319  -12.0319  -10.6424  -10.6424  -10.5014  -10.5014  -10.2651  -10.2651   -6.1333   -6.1333   -5.3456   -5.3456   -4.2195   -4.2195   -3.5726   -3.5726   -2.9430   -2.9430   -2.6862   -2.6862   -2.6100   -2.6100   -2.2580   -2.2580   -1.9450   -1.9450   -1.7507   -1.7507   -1.1051   -1.1051   -0.7494   -0.7494    2.5665    2.5665    3.1091    3.1092    3.2882    3.2884    3.5421    3.5422    3.8743    3.8744    4.2536    4.2537    4.3089    4.3093    4.6443    4.6446    5.0370    5.0393    5.2737    5.2766    5.4190    5.4335    5.5040    5.5893    5.6802    5.6861    6.1271    6.3316
  3.2791  -44.0849  -44.0849  -44.0819  -44.0819  -23.6813  -23.6813  -23.6785  -23.6785  -23.6607  -23.6607  -23.6399  -23.6399  -23.6232  -23.6232  -23.6054  -23.6054  -16.5421  -16.5421  -16.5095  -16.5095  -16.4804  -16.4803  -16.4397  -16.4396  -16.3853  -16.3853  -16.3729  -16.3729  -16.3181  -16.3181  -16.3142  -16.3141  -16.2946  -16.2946  -16.2167  -16.2166  -12.0256  -12.0256  -10.6493  -10.6493  -10.5027  -10.5027  -10.2698  -10.2698   -6.1425   -6.1425   -5.3282   -5.3282   -4.2112   -4.2112   -3.5680   -3.5680   -2.9418   -2.9418   -2.6811   -2.6811   -2.6170   -2.6170   -2.2251   -2.2251   -1.9640   -1.9640   -1.7559   -1.7559   -1.1008   -1.1008   -0.7674   -0.7674    2.5797    2.5797    3.1005    3.1007    3.3026    3.3033    3.5258    3.5263    3.8001    3.8001    4.2738    4.2744    4.3238    4.3246    4.6926    4.6962    5.0034    5.0043    5.2674    5.2756    5.4111    5.4299    5.5190    5.5460    5.7246    5.7726    6.1252    6.3854
  3.3358  -44.0849  -44.0849  -44.0819  -44.0819  -23.6813  -23.6813  -23.6785  -23.6785  -23.6607  -23.6607  -23.6399  -23.6399  -23.6232  -23.6232  -23.6054  -23.6054  -16.5419  -16.5419  -16.5094  -16.5094  -16.4803  -16.4803  -16.4396  -16.4396  -16.3853  -16.3853  -16.3729  -16.3729  -16.3182  -16.3181  -16.3142  -16.3142  -16.2945  -16.2945  -16.2167  -16.2167  -12.0072  -12.0072  -10.6709  -10.6709  -10.5057  -10.5057  -10.2822  -10.2822   -6.1677   -6.1677   -5.2798   -5.2798   -4.1865   -4.1865   -3.5518   -3.5518   -2.9474   -2.9474   -2.6769   -2.6769   -2.6098   -2.6098   -2.1497   -2.1497   -2.0100   -2.0100   -1.7621   -1.7621   -1.0963   -1.0963   -0.8208   -0.8208    2.6142    2.6142    3.0557    3.0559    3.3314    3.3315    3.4931    3.4937    3.7180    3.7180    4.2318    4.2337    4.3802    4.3819    4.7639    4.7652    4.9460    4.9830    5.2629    5.3010    5.3971    5.4141    5.5371    5.5905    5.7877    5.8495    6.0430    6.4279
  3.3925  -44.0849  -44.0849  -44.0819  -44.0819  -23.6813  -23.6813  -23.6785  -23.6785  -23.6607  -23.6606  -23.6400  -23.6399  -23.6232  -23.6232  -23.6054  -23.6054  -16.5416  -16.5416  -16.5093  -16.5093  -16.4803  -16.4803  -16.4396  -16.4396  -16.3853  -16.3853  -16.3730  -16.3730  -16.3182  -16.3182  -16.3143  -16.3143  -16.2944  -16.2944  -16.2168  -16.2168  -11.9780  -11.9780  -10.7084  -10.7084  -10.5092  -10.5092  -10.2976  -10.2976   -6.2035   -6.2035   -5.2107   -5.2107   -4.1462   -4.1462   -3.5196   -3.5196   -2.9668   -2.9668   -2.7063   -2.7063   -2.5483   -2.5483   -2.1171   -2.1171   -2.0082   -2.0082   -1.7516   -1.7516   -1.1073   -1.1073   -0.9079   -0.9079    2.6482    2.6482    2.9717    2.9720    3.3018    3.3019    3.5504    3.5511    3.6969    3.6970    4.1996    4.2004    4.3744    4.3750    4.7488    4.7551    4.9189    4.9404    5.2668    5.3114    5.3665    5.3917    5.5524    5.6049    5.8652    5.9525    6.0812    6.1531
  3.4493  -44.0849  -44.0849  -44.0819  -44.0819  -23.6812  -23.6812  -23.6786  -23.6786  -23.6606  -23.6606  -23.6400  -23.6400  -23.6232  -23.6232  -23.6054  -23.6054  -16.5412  -16.5412  -16.5092  -16.5092  -16.4802  -16.4802  -16.4396  -16.4396  -16.3854  -16.3854  -16.3731  -16.3731  -16.3183  -16.3182  -16.3144  -16.3144  -16.2943  -16.2943  -16.2170  -16.2169  -11.9407  -11.9407  -10.7599  -10.7599  -10.5120  -10.5120  -10.3119  -10.3119   -6.2434   -6.2434   -5.1343   -5.1343   -4.0917   -4.0917   -3.4695   -3.4695   -2.9972   -2.9972   -2.7496   -2.7496   -2.4794   -2.4794   -2.1405   -2.1405   -1.9324   -1.9324   -1.7106   -1.7106   -1.1419   -1.1419   -1.0259   -1.0259    2.6251    2.6251    2.9204    2.9204    3.2508    3.2509    3.6655    3.6660    3.7118    3.7118    4.1952    4.1968    4.3115    4.3117    4.6878    4.6884    4.8996    4.8999    5.2317    5.2449    5.3201    5.3450    5.5369    5.5693    5.8453    5.9165    6.0235    6.1342
  3.5060  -44.0849  -44.0849  -44.0819  -44.0819  -23.6812  -23.6812  -23.6786  -23.6786  -23.6606  -23.6606  -23.6400  -23.6400  -23.6232  -23.6232  -23.6054  -23.6054  -16.5408  -16.5408  -16.5091  -16.5091  -16.4801  -16.4801  -16.4396  -16.4395  -16.3854  -16.3854  -16.3732  -16.3732  -16.3183  -16.3183  -16.3145  -16.3145  -16.2942  -16.2941  -16.2171  -16.2171  -11.8996  -11.8995  -10.8190  -10.8190  -10.5137  -10.5137  -10.3227  -10.3227   -6.2813   -6.2813   -5.0639   -5.0639   -4.0262   -4.0262   -3.4057   -3.4057   -3.0421   -3.0421   -2.7923   -2.7923   -2.4439   -2.4439   -2.1102   -2.1102   -1.8662   -1.8662   -1.6451   -1.6451   -1.1971   -1.1971   -1.1649   -1.1649    2.5224    2.5225    2.9448    2.9448    3.2173    3.2174    3.7166    3.7168    3.7935    3.7937    4.1939    4.1945    4.2756    4.2811    4.6122    4.6186    4.8966    4.8969    5.2000    5.2140    5.2795    5.2978    5.4564    5.4780    5.8482    5.9301    6.0821    6.4240
  3.5627  -44.0849  -44.0849  -44.0819  -44.0819  -23.6812  -23.6812  -23.6786  -23.6786  -23.6606  -23.6606  -23.6400  -23.6400  -23.6232  -23.6232  -23.6054  -23.6054  -16.5405  -16.5404  -16.5090  -16.5090  -16.4801  -16.4801  -16.4395  -16.4395  -16.3855  -16.3855  -16.3733  -16.3733  -16.3184  -16.3183  -16.3146  -16.3146  -16.2940  -16.2940  -16.2172  -16.2172  -11.8607  -11.8607  -10.8749  -10.8749  -10.5146  -10.5146  -10.3300  -10.3300   -6.3121   -6.3121   -5.0092   -5.0092   -3.9571   -3.9571   -3.3406   -3.3406   -3.0988   -3.0988   -2.8338   -2.8338   -2.4149   -2.4149   -2.0421   -2.0421   -1.8187   -1.8187   -1.5844   -1.5844   -1.3066   -1.3066   -1.2529   -1.2529    2.4058    2.4058    2.9876    2.9876    3.2103    3.2103    3.7201    3.7205    3.8875    3.8884    4.1305    4.1309    4.3291    4.3309    4.5668    4.5685    4.9213    4.9260    5.1408    5.1749    5.2302    5.2505    5.3551    5.3623    5.8503    5.9008    6.0993    6.2824
  3.6194  -44.0849  -44.0849  -44.0819  -44.0819  -23.6812  -23.6812  -23.6786  -23.6786  -23.6606  -23.6606  -23.6400  -23.6400  -23.6232  -23.6232  -23.6054  -23.6054  -16.5402  -16.5402  -16.5089  -16.5089  -16.4800  -16.4800  -16.4395  -16.4395  -16.3855  -16.3855  -16.3734  -16.3734  -16.3184  -16.3184  -16.3147  -16.3147  -16.2940  -16.2939  -16.2173  -16.2173  -11.8320  -11.8320  -10.9156  -10.9156  -10.5150  -10.5150  -10.3340  -10.3340   -6.3321   -6.3321   -4.9754   -4.9754   -3.8997   -3.8997   -3.2963   -3.2963   -3.1407   -3.1407   -2.8752   -2.8752   -2.3658   -2.3658   -1.9811   -1.9811   -1.8101   -1.8101   -1.5445   -1.5445   -1.4064   -1.4064   -1.2960   -1.2960    2.3197    2.3197    3.0129    3.0130    3.2242    3.2242    3.7231    3.7232    3.9172    3.9183    4.1032    4.1032    4.3713    4.3720    4.5749    4.5796    4.9467    4.9468    5.0576    5.0675    5.2216    5.2323    5.2985    5.3701    5.8860    5.9161    6.0742    6.2139
  3.6762  -44.0849  -44.0849  -44.0819  -44.0819  -23.6812  -23.6812  -23.6786  -23.6786  -23.6606  -23.6606  -23.6400  -23.6400  -23.6232  -23.6232  -23.6054  -23.6054  -16.5402  -16.5401  -16.5089  -16.5089  -16.4800  -16.4800  -16.4395  -16.4395  -16.3855  -16.3855  -16.3734  -16.3734  -16.3184  -16.3184  -16.3147  -16.3147  -16.2939  -16.2939  -16.2173  -16.2173  -11.8214  -11.8214  -10.9307  -10.9307  -10.5151  -10.5151  -10.3353  -10.3353   -6.3390   -6.3390   -4.9640   -4.9640   -3.8764   -3.8764   -3.2863   -3.2863   -3.1494   -3.1494   -2.8954   -2.8954   -2.3364   -2.3364   -1.9538   -1.9538   -1.8264   -1.8264   -1.5193   -1.5193   -1.4505   -1.4505   -1.3093   -1.3093    2.2883    2.2884    3.0196    3.0197    3.2341    3.2341    3.7299    3.7299    3.9062    3.9081    4.0981    4.0982    4.4280    4.4287    4.5471    4.5476    4.9416    4.9465    5.0407    5.0460    5.2297    5.2445    5.2670    5.3289    5.8964    6.0173    6.1103    6.2318
  3.6762  -44.0849  -44.0849  -44.0819  -44.0819  -23.6812  -23.6812  -23.6786  -23.6786  -23.6606  -23.6606  -23.6400  -23.6400  -23.6232  -23.6232  -23.6054  -23.6054  -16.5402  -16.5401  -16.5089  -16.5089  -16.4800  -16.4800  -16.4395  -16.4395  -16.3855  -16.3855  -16.3734  -16.3734  -16.3184  -16.3184  -16.3147  -16.3147  -16.2939  -16.2939  -16.2173  -16.2173  -11.8214  -11.8214  -10.9307  -10.9307  -10.5151  -10.5151  -10.3353  -10.3353   -6.3390   -6.3390   -4.9640   -4.9640   -3.8764   -3.8764   -3.2863   -3.2863   -3.1494   -3.1494   -2.8954   -2.8954   -2.3364   -2.3364   -1.9538   -1.9538   -1.8264   -1.8264   -1.5193   -1.5193   -1.4505   -1.4505   -1.3093   -1.3093    2.2883    2.2884    3.0196    3.0198    3.2341    3.2341    3.7299    3.7299    3.9065    3.9078    4.0981    4.0982    4.4282    4.4287    4.5470    4.5479    4.9454    4.9481    5.0417    5.0458    5.2363    5.2434    5.2566    5.2873    5.9189    6.0244    6.1472    6.4243
  3.7381  -44.0854  -44.0844  -44.0819  -44.0818  -23.6851  -23.6817  -23.6771  -23.6756  -23.6629  -23.6585  -23.6430  -23.6377  -23.6278  -23.6188  -23.6057  -23.6039  -16.5405  -16.5398  -16.5153  -16.5018  -16.4822  -16.4776  -16.4406  -16.4379  -16.3930  -16.3797  -16.3791  -16.3672  -16.3186  -16.3182  -16.3162  -16.3131  -16.2952  -16.2928  -16.2188  -16.2159  -11.8847  -11.7553  -11.0143  -10.8378  -10.5472  -10.4838  -10.3570  -10.3187   -6.3815   -6.3094   -4.9813   -4.9739   -3.9338   -3.8102   -3.3930   -3.3222   -3.1568   -3.0559   -2.9548   -2.7252   -2.4743   -2.1813   -2.0243   -1.9115   -1.8840   -1.7452   -1.6418   -1.4867   -1.4479   -1.3621   -1.3487   -1.2187    2.2776    2.2847    2.9190    3.0095    3.1630    3.3499    3.5844    3.6629    3.9319    3.9643    3.9803    4.1918    4.3332    4.4733    4.5318    4.6294    4.8487    4.9229    4.9522    5.0308    5.1148    5.3189    5.3579    5.5544    5.8643    5.8701    6.0542    6.1420
  3.7999  -44.0858  -44.0840  -44.0820  -44.0818  -23.6886  -23.6847  -23.6734  -23.6728  -23.6652  -23.6564  -23.6461  -23.6366  -23.6321  -23.6153  -23.6054  -23.6011  -16.5407  -16.5393  -16.5208  -16.4946  -16.4841  -16.4747  -16.4414  -16.4360  -16.4015  -16.3860  -16.3740  -16.3615  -16.3188  -16.3182  -16.3174  -16.3114  -16.2965  -16.2919  -16.2202  -16.2147  -11.9412  -11.6918  -11.0838  -10.7414  -10.5743  -10.4585  -10.3858  -10.3059   -6.4335   -6.2915   -5.0199   -5.0117   -3.9563   -3.7911   -3.4698   -3.4076   -3.2231   -2.9639   -2.7831   -2.6322   -2.5750   -2.0758   -2.0282   -1.9742   -1.8127   -1.7539   -1.6998   -1.4956   -1.4078   -1.3267   -1.2051   -1.1364    2.2551    2.2657    2.7532    2.9292    3.1242    3.2993    3.4548    3.4840    3.8183    4.0381    4.0527    4.1683    4.2712    4.3665    4.5546    4.6602    4.7830    4.8681    4.9617    5.0902    5.1793    5.3587    5.5358    5.6740    5.8410    5.8736    5.9477    6.2020
  3.8618  -44.0861  -44.0835  -44.0821  -44.0818  -23.6916  -23.6874  -23.6706  -23.6698  -23.6675  -23.6541  -23.6489  -23.6371  -23.6355  -23.6123  -23.6049  -23.5977  -16.5409  -16.5389  -16.5251  -16.4883  -16.4858  -16.4705  -16.4418  -16.4340  -16.4105  -16.3918  -16.3699  -16.3567  -16.3190  -16.3189  -16.3175  -16.3097  -16.2978  -16.2911  -16.2215  -16.2137  -11.9878  -11.6374  -11.1355  -10.6480  -10.5909  -10.4417  -10.4220  -10.2971   -6.4877   -6.2817   -5.0707   -5.0690   -3.9405   -3.8540   -3.5167   -3.3889   -3.3028   -2.7872   -2.7075   -2.6435   -2.6403   -2.0636   -2.0164   -1.9154   -1.8668   -1.7412   -1.6748   -1.3990   -1.3057   -1.2902   -1.0762   -1.0716    2.2239    2.2305    2.5714    2.8196    2.9993    3.0884    3.2636    3.5084    3.7087    3.8745    4.0884    4.1124    4.2869    4.3422    4.6356    4.6541    4.8515    4.9021    5.0860    5.1495    5.2518    5.3279    5.7125    5.7428    5.8639    5.9710    6.0716    6.2503
  3.9237  -44.0864  -44.0831  -44.0822  -44.0819  -23.6939  -23.6896  -23.6693  -23.6687  -23.6675  -23.6514  -23.6512  -23.6388  -23.6379  -23.6100  -23.6045  -23.5946  -16.5410  -16.5386  -16.5283  -16.4870  -16.4841  -16.4640  -16.4421  -16.4333  -16.4185  -16.3970  -16.3670  -16.3530  -16.3197  -16.3191  -16.3174  -16.3082  -16.2990  -16.2905  -16.2225  -16.2129  -12.0224  -11.5975  -11.1682  -10.5929  -10.5656  -10.4639  -10.4325  -10.2949   -6.5353   -6.2762   -5.1290   -5.1211   -3.9359   -3.9049   -3.5286   -3.4261   -3.2296   -2.8001   -2.7223   -2.6288   -2.5852   -2.0591   -2.0409   -2.0272   -1.8002   -1.6794   -1.5762   -1.2952   -1.2376   -1.1684   -1.0186   -0.9907    2.1783    2.1877    2.4008    2.6875    2.7754    2.9666    3.1568    3.5063    3.6247    3.7146    3.8526    4.0924    4.4050    4.5087    4.6634    4.7365    4.8873    4.9616    5.0974    5.1721    5.2649    5.5224    5.6735    5.8202    5.8775    6.0382    6.0877    6.1453
  3.9856  -44.0865  -44.0827  -44.0822  -44.0821  -23.6953  -23.6909  -23.6706  -23.6674  -23.6662  -23.6526  -23.6484  -23.6414  -23.6394  -23.6085  -23.6041  -23.5925  -16.5410  -16.5383  -16.5302  -16.4879  -16.4820  -16.4556  -16.4423  -16.4373  -16.4221  -16.4009  -16.3652  -16.3508  -16.3202  -16.3192  -16.3173  -16.3070  -16.3001  -16.2902  -16.2232  -16.2125  -12.0436  -11.5746  -11.1843  -10.5789  -10.5072  -10.5048  -10.4285  -10.2995   -6.5678   -6.2728   -5.1738   -5.1579   -3.9932   -3.8763   -3.5060   -3.4646   -3.1251   -2.9216   -2.7591   -2.5556   -2.5275   -2.1569   -2.0740   -2.0266   -1.7489   -1.6361   -1.4698   -1.2632   -1.1382   -1.0726   -0.9593   -0.9565    2.1176    2.1536    2.2774    2.5469    2.6802    2.8212    3.1640    3.4744    3.5816    3.5833    3.7174    4.0660    4.5421    4.6129    4.6748    4.7766    4.9469    4.9853    5.0246    5.2830    5.4042    5.6100    5.6827    5.8633    5.9033    5.9991    6.0798    6.1312
  4.0475  -44.0866  -44.0825  -44.0823  -44.0822  -23.6958  -23.6914  -23.6710  -23.6669  -23.6658  -23.6531  -23.6460  -23.6436  -23.6398  -23.6080  -23.6040  -23.5917  -16.5411  -16.5383  -16.5308  -16.4881  -16.4814  -16.4479  -16.4442  -16.4423  -16.4224  -16.4024  -16.3646  -16.3500  -16.3203  -16.3192  -16.3173  -16.3066  -16.3005  -16.2900  -16.2234  -16.2123  -12.0508  -11.5673  -11.1887  -10.5575  -10.5390  -10.4811  -10.4274  -10.3036   -6.5793   -6.2716   -5.1902   -5.1713   -4.0131   -3.8668   -3.4860   -3.4776   -3.0776   -2.9772   -2.7700   -2.5472   -2.4997   -2.1975   -2.0792   -2.0284   -1.7325   -1.6206   -1.4255   -1.2565   -1.0867   -1.0483   -0.9560   -0.9232    2.0872    2.1383    2.2330    2.4944    2.6519    2.7689    3.1766    3.4583    3.5272    3.5685    3.6762    4.0568    4.6087    4.6534    4.6692    4.7756    4.9645    4.9845    4.9925    5.3564    5.5476    5.6427    5.6648    5.7812    5.8673    6.0102    6.0215    6.1000
  4.0475  -44.0866  -44.0825  -44.0823  -44.0822  -23.6958  -23.6914  -23.6710  -23.6669  -23.6658  -23.6531  -23.6460  -23.6436  -23.6398  -23.6080  -23.6040  -23.5917  -16.5411  -16.5383  -16.5308  -16.4881  -16.4814  -16.4479  -16.4442  -16.4423  -16.4224  -16.4024  -16.3646  -16.3500  -16.3203  -16.3192  -16.3173  -16.3066  -16.3005  -16.2900  -16.2234  -16.2123  -12.0508  -11.5673  -11.1887  -10.5575  -10.5390  -10.4811  -10.4274  -10.3036   -6.5793   -6.2716   -5.1902   -5.1713   -4.0131   -3.8668   -3.4860   -3.4776   -3.0776   -2.9772   -2.7700   -2.5472   -2.4997   -2.1975   -2.0792   -2.0284   -1.7325   -1.6206   -1.4255   -1.2565   -1.0867   -1.0483   -0.9560   -0.9232    2.0872    2.1380    2.2330    2.4944    2.6519    2.7690    3.1766    3.4584    3.5275    3.5685    3.6762    4.0568    4.6093    4.6533    4.6653    4.7970    4.9649    4.9831    5.0023    5.3697    5.5462    5.6053    5.7009    5.7493    5.8950    5.9475    6.0649    6.1764
  4.1042  -44.0866  -44.0825  -44.0823  -44.0822  -23.6958  -23.6914  -23.6710  -23.6669  -23.6658  -23.6531  -23.6460  -23.6436  -23.6398  -23.6080  -23.6040  -23.5917  -16.5411  -16.5383  -16.5309  -16.4882  -16.4814  -16.4479  -16.4442  -16.4423  -16.4223  -16.4025  -16.3646  -16.3500  -16.3203  -16.3192  -16.3173  -16.3065  -16.3005  -16.2901  -16.2233  -16.2124  -12.0739  -11.5430  -11.1916  -10.5549  -10.5401  -10.4792  -10.4221  -10.3008   -6.5892   -6.2437   -5.2274   -5.1440   -4.0108   -3.8696   -3.5764   -3.4877   -3.0635   -2.9691   -2.8166   -2.4769   -2.4243   -2.2102   -2.1148   -2.0666   -1.7354   -1.6085   -1.4284   -1.2727   -1.1354   -1.1156   -0.8777   -0.8686    2.0961    2.1422    2.1504    2.6182    2.6604    2.8314    3.1882    3.4789    3.5218    3.6117    3.6833    4.0391    4.5811    4.6648    4.6775    4.7502    4.8556    4.9891    5.0289    5.2612    5.5022    5.6135    5.6794    5.7804    5.8404    6.0143    6.0923    6.1662
  4.1609  -44.0866  -44.0825  -44.0823  -44.0822  -23.6959  -23.6914  -23.6710  -23.6669  -23.6658  -23.6531  -23.6461  -23.6436  -23.6398  -23.6080  -23.6040  -23.5917  -16.5414  -16.5386  -16.5310  -16.4883  -16.4815  -16.4479  -16.4441  -16.4423  -16.4222  -16.4026  -16.3645  -16.3500  -16.3202  -16.3192  -16.3173  -16.3065  -16.3006  -16.2901  -16.2230  -16.2125  -12.1296  -11.4844  -11.1997  -10.5453  -10.5425  -10.4752  -10.4079  -10.2927   -6.6081   -6.1726   -5.2951   -5.1078   -4.0063   -3.8747   -3.7392   -3.5259   -3.0265   -2.9674   -2.9089   -2.4258   -2.3303   -2.2106   -2.1587   -2.0505   -1.7638   -1.5950   -1.4372   -1.3216   -1.2190   -1.1985   -0.7686   -0.7620    2.0541    2.1186    2.1740    2.6807    2.8055    3.0087    3.2298    3.5222    3.5306    3.7022    3.7203    4.0004    4.4615    4.5845    4.6672    4.6777    4.8205    4.9893    5.0232    5.1295    5.4381    5.5018    5.5869    5.8241    5.9449    5.9698    6.0339    6.1880
  4.2177  -44.0866  -44.0825  -44.0823  -44.0822  -23.6959  -23.6914  -23.6710  -23.6669  -23.6658  -23.6531  -23.6461  -23.6436  -23.6398  -23.6079  -23.6040  -23.5917  -16.5417  -16.5390  -16.5312  -16.4884  -16.4817  -16.4478  -16.4440  -16.4422  -16.4221  -16.4029  -16.3644  -16.3500  -16.3201  -16.3192  -16.3172  -16.3063  -16.3007  -16.2903  -16.2226  -16.2127  -12.1965  -11.4160  -11.2114  -10.5446  -10.5251  -10.4716  -10.3888  -10.2801   -6.6218   -6.0783   -5.3938   -5.0645   -4.0076   -3.8798   -3.8717   -3.5719   -3.1054   -2.9828   -2.8749   -2.5200   -2.3870   -2.2527   -2.1440   -1.8362   -1.7847   -1.5640   -1.4513   -1.4032   -1.3019   -1.2636   -0.6604   -0.6443    1.9933    2.1443    2.2594    2.6920    2.9937    3.2193    3.3167    3.5437    3.5539    3.7259    3.8642    4.0185    4.1714    4.5083    4.6368    4.6442    4.8115    4.9165    5.0446    5.1019    5.3993    5.4901    5.5943    5.8044    5.9253    5.9918    6.0254    6.1644
  4.2744  -44.0866  -44.0825  -44.0823  -44.0822  -23.6960  -23.6913  -23.6710  -23.6669  -23.6658  -23.6531  -23.6461  -23.6436  -23.6398  -23.6079  -23.6040  -23.5917  -16.5420  -16.5394  -16.5315  -16.4886  -16.4818  -16.4476  -16.4438  -16.4422  -16.4219  -16.4031  -16.3642  -16.3500  -16.3200  -16.3191  -16.3171  -16.3062  -16.3009  -16.2904  -16.2221  -16.2129  -12.2609  -11.3542  -11.2246  -10.5454  -10.4930  -10.4700  -10.3687  -10.2647   -6.6246   -5.9767   -5.5183   -5.0138   -4.0216   -3.9662   -3.8514   -3.6164   -3.2674   -2.9450   -2.8000   -2.7225   -2.4624   -2.2436   -2.1078   -1.9444   -1.7218   -1.5119   -1.4753   -1.3768   -1.3346   -1.2693   -0.5556   -0.5329    1.9535    2.1650    2.4060    2.6586    3.1832    3.3946    3.4537    3.5391    3.5426    3.7481    3.8925    3.9005    4.2554    4.3979    4.5463    4.6997    4.7810    4.8472    5.0984    5.1526    5.2543    5.3750    5.6539    5.7361    5.8434    6.0004    6.0599    6.1574
  4.3311  -44.0866  -44.0825  -44.0823  -44.0822  -23.6960  -23.6913  -23.6710  -23.6669  -23.6659  -23.6531  -23.6461  -23.6436  -23.6398  -23.6079  -23.6040  -23.5917  -16.5424  -16.5398  -16.5317  -16.4887  -16.4819  -16.4475  -16.4436  -16.4421  -16.4218  -16.4034  -16.3640  -16.3500  -16.3199  -16.3190  -16.3170  -16.3060  -16.3010  -16.2906  -16.2216  -16.2132  -12.3156  -11.3065  -11.2374  -10.5451  -10.4704  -10.4519  -10.3512  -10.2491   -6.6174   -5.8808   -5.6500   -4.9596   -4.0443   -3.9987   -3.8165   -3.6598   -3.4116   -2.9316   -2.8965   -2.7127   -2.5771   -2.2174   -2.0831   -2.0440   -1.7590   -1.6363   -1.4985   -1.4401   -1.3488   -0.9284   -0.4626   -0.4345    1.9248    2.1779    2.5505    2.5962    3.3286    3.4504    3.4803    3.5961    3.6126    3.6877    3.8079    3.9412    4.3248    4.4603    4.5206    4.6703    4.7970    4.8497    5.0451    5.1786    5.3385    5.3890    5.5378    5.6720    5.9155    5.9936    6.0304    6.2093
  4.3879  -44.0866  -44.0825  -44.0823  -44.0822  -23.6961  -23.6913  -23.6710  -23.6669  -23.6659  -23.6531  -23.6461  -23.6436  -23.6398  -23.6079  -23.6040  -23.5917  -16.5427  -16.5402  -16.5319  -16.4889  -16.4821  -16.4474  -16.4435  -16.4421  -16.4216  -16.4036  -16.3639  -16.3500  -16.3198  -16.3190  -16.3169  -16.3059  -16.3012  -16.2907  -16.2212  -16.2134  -12.3567  -11.2747  -11.2479  -10.5440  -10.4720  -10.4093  -10.3392  -10.2358   -6.6051   -5.8024   -5.7650   -4.9094   -4.0675   -3.9874   -3.7777   -3.7104   -3.5191   -3.0613   -2.9003   -2.7261   -2.5695   -2.2698   -2.0745   -2.0673   -1.7925   -1.7602   -1.5205   -1.4878   -1.3666   -0.6023   -0.3890   -0.3549    1.9041    2.1845    2.3794    2.7991    3.3513    3.4072    3.4653    3.5793    3.6352    3.7333    3.9651    4.0028    4.3004    4.4584    4.6159    4.6592    4.7767    4.8188    5.0717    5.1348    5.3448    5.4929    5.6205    5.6837    5.9801    6.0208    6.0474    6.2109
  4.4446  -44.0866  -44.0825  -44.0823  -44.0822  -23.6961  -23.6912  -23.6710  -23.6669  -23.6659  -23.6531  -23.6461  -23.6436  -23.6399  -23.6079  -23.6041  -23.5917  -16.5429  -16.5405  -16.5320  -16.4890  -16.4822  -16.4473  -16.4434  -16.4421  -16.4215  -16.4038  -16.3638  -16.3500  -16.3197  -16.3190  -16.3168  -16.3058  -16.3013  -16.2908  -16.2209  -16.2135  -12.3821  -11.2570  -11.2547  -10.5430  -10.4737  -10.3746  -10.3349  -10.2270   -6.5939   -5.8429   -5.7514   -4.8733   -4.0844   -3.9439   -3.7752   -3.7482   -3.5809   -3.1506   -2.8960   -2.8000   -2.4873   -2.3219   -2.0801   -2.0781   -1.8501   -1.8092   -1.5360   -1.5173   -1.3751   -0.3763   -0.3416   -0.2890    1.8914    2.1847    2.2169    2.9744    3.3075    3.3616    3.4881    3.5214    3.6218    3.7862    4.0524    4.1606    4.3008    4.5067    4.5695    4.6935    4.7359    4.7983    5.0636    5.1938    5.2549    5.5685    5.6702    5.9229    6.0026    6.0352    6.0694    6.1174
  4.5013  -44.0866  -44.0825  -44.0823  -44.0822  -23.6961  -23.6912  -23.6710  -23.6669  -23.6659  -23.6531  -23.6461  -23.6437  -23.6399  -23.6079  -23.6041  -23.5917  -16.5430  -16.5406  -16.5321  -16.4890  -16.4822  -16.4473  -16.4433  -16.4421  -16.4215  -16.4038  -16.3638  -16.3500  -16.3197  -16.3190  -16.3168  -16.3058  -16.3013  -16.2908  -16.2208  -16.2136  -12.3907  -11.2571  -11.2514  -10.5425  -10.4743  -10.3589  -10.3365  -10.2239   -6.5894   -5.8704   -5.7338   -4.8601   -4.0906   -3.9011   -3.8258   -3.7380   -3.5994   -3.1794   -2.8953   -2.8290   -2.4636   -2.3170   -2.1062   -2.0814   -1.8772   -1.8135   -1.5415   -1.5273   -1.3774   -0.3253   -0.3200   -0.2361    1.8872    2.1428    2.1909    3.0538    3.2836    3.3474    3.4866    3.5029    3.6133    3.7961    4.0697    4.2741    4.3055    4.5257    4.5290    4.6275    4.7634    4.8225    5.0066    5.1893    5.2233    5.5495    5.7845    5.9164    5.9973    6.0153    6.0449    6.3130
