#K-Path     Band-1    Band-2    Band-3    Band-4      ...     Band-n
  0.0000  -44.1641  -44.1611  -44.1601  -44.1597  -26.2367  -26.2358  -26.2021  -26.2002  -26.1923  -26.1900  -26.1895  -26.1843  -26.1745  -26.1734  -26.1453  -26.1436  -23.7723  -23.7524  -23.7460  -23.7434  -23.7340  -23.7305  -23.7246  -23.7233  -23.7169  -23.6961  -23.6849  -23.6756  -17.5245  -17.5244  -17.4990  -17.4865  -17.4772  -17.4712  -17.4700  -17.4625  -17.4551  -17.4529  -17.4460  -17.4407  -17.4352  -17.4331  -17.4178  -17.4135  -17.4122  -17.4088  -17.3764  -17.3746  -12.5946  -11.6489  -11.4315  -10.4923  -10.4864  -10.4493  -10.3545  -10.1986   -7.2626   -5.9966   -5.7857   -5.2636   -4.1009   -3.8722   -3.8567   -3.8558   -3.5465   -3.0421   -2.9297   -2.4118   -2.3410   -2.1927   -2.1089   -2.0692   -1.8254   -1.5561   -1.5429   -1.5155   -1.2230   -0.4932   -0.4338   -0.2461    2.0636    2.1101    2.1344    2.9393    2.9968    3.3202    3.5656    3.7032    3.7345    3.7411    4.0011    4.0850    4.1011    4.2185    4.4567    4.5869    4.7827    4.9583    5.0040    5.2018    5.2077    5.3265    5.3775    5.7460    5.8227    5.9295    5.9687    6.1460    6.3419    6.4549    6.5494    6.7414
  0.0576  -44.1641  -44.1611  -44.1601  -44.1597  -26.2367  -26.2358  -26.2021  -26.2002  -26.1923  -26.1900  -26.1894  -26.1843  -26.1745  -26.1734  -26.1453  -26.1436  -23.7723  -23.7524  -23.7460  -23.7434  -23.7340  -23.7305  -23.7246  -23.7233  -23.7169  -23.6961  -23.6849  -23.6756  -17.5245  -17.5243  -17.4990  -17.4865  -17.4772  -17.4713  -17.4700  -17.4625  -17.4552  -17.4529  -17.4460  -17.4407  -17.4352  -17.4331  -17.4179  -17.4136  -17.4122  -17.4088  -17.3764  -17.3746  -12.5868  -11.6459  -11.4371  -10.4992  -10.4789  -10.4586  -10.3570  -10.2037   -7.2629   -6.0102   -5.7617   -5.2680   -4.0883   -3.9082   -3.8569   -3.8164   -3.5404   -3.0480   -2.8998   -2.4145   -2.3919   -2.1729   -2.0880   -2.0603   -1.7800   -1.5536   -1.5409   -1.5047   -1.2259   -0.5076   -0.4543   -0.3290    2.0700    2.1285    2.1916    2.7680    3.1275    3.3254    3.5288    3.6930    3.7327    3.7739    3.9963    4.0474    4.1399    4.1444    4.5432    4.5945    4.7670    4.8734    5.0783    5.1179    5.2325    5.3116    5.4410    5.7424    5.8153    5.9361    5.9611    6.0690    6.3573    6.4052    6.6036    6.9692
  0.1152  -44.1641  -44.1611  -44.1601  -44.1597  -26.2367  -26.2358  -26.2021  -26.2002  -26.1923  -26.1900  -26.1894  -26.1843  -26.1745  -26.1734  -26.1453  -26.1436  -23.7723  -23.7525  -23.7460  -23.7434  -23.7340  -23.7304  -23.7246  -23.7233  -23.7169  -23.6961  -23.6849  -23.6756  -17.5244  -17.5243  -17.4990  -17.4864  -17.4772  -17.4713  -17.4701  -17.4625  -17.4552  -17.4528  -17.4460  -17.4407  -17.4352  -17.4331  -17.4179  -17.4136  -17.4122  -17.4087  -17.3765  -17.3746  -12.5637  -11.6372  -11.4544  -10.5074  -10.4825  -10.4691  -10.3656  -10.2182   -7.2629   -6.0499   -5.6969   -5.2754   -4.0552   -3.9421   -3.8575   -3.7695   -3.5183   -3.0557   -2.8222   -2.5313   -2.3557   -2.1915   -2.0361   -2.0071   -1.6703   -1.5731   -1.4980   -1.4878   -1.2321   -0.6064   -0.5489   -0.4479    2.0888    2.1185    2.3833    2.5378    3.2349    3.3369    3.4388    3.6901    3.7199    3.8279    3.9404    4.0185    4.0981    4.1659    4.6076    4.6881    4.7408    4.8272    4.9163    5.2060    5.2131    5.2927    5.4839    5.7339    5.7465    5.8204    5.9477    6.0176    6.2735    6.4733    6.6710    6.9446
  0.1728  -44.1641  -44.1611  -44.1601  -44.1597  -26.2368  -26.2358  -26.2022  -26.2002  -26.1924  -26.1901  -26.1894  -26.1842  -26.1745  -26.1735  -26.1453  -26.1436  -23.7723  -23.7526  -23.7460  -23.7434  -23.7340  -23.7304  -23.7246  -23.7232  -23.7169  -23.6961  -23.6849  -23.6756  -17.5244  -17.5243  -17.4989  -17.4863  -17.4772  -17.4713  -17.4702  -17.4626  -17.4553  -17.4527  -17.4460  -17.4407  -17.4352  -17.4331  -17.4180  -17.4136  -17.4121  -17.4087  -17.3766  -17.3745  -12.5267  -11.6239  -11.4846  -10.5144  -10.5123  -10.4599  -10.3817  -10.2400   -7.2604   -6.1114   -5.6162   -5.2663   -4.0153   -3.9618   -3.8548   -3.7231   -3.4683   -3.0646   -2.7053   -2.6512   -2.3325   -2.2010   -2.0036   -1.9000   -1.6032   -1.5406   -1.4750   -1.4331   -1.2359   -0.9037   -0.6123   -0.5107    2.0970    2.1167    2.3002    2.5984    3.1778    3.3441    3.4470    3.6932    3.7032    3.7803    3.9610    3.9722    4.1403    4.1913    4.6063    4.6634    4.7898    4.8580    4.8756    5.0919    5.1863    5.3423    5.4056    5.6615    5.7380    5.8020    5.9434    6.0222    6.2624    6.5951    6.7587    6.9201
  0.2304  -44.1641  -44.1611  -44.1601  -44.1597  -26.2368  -26.2357  -26.2022  -26.2002  -26.1924  -26.1901  -26.1893  -26.1842  -26.1744  -26.1735  -26.1453  -26.1436  -23.7722  -23.7527  -23.7459  -23.7434  -23.7340  -23.7304  -23.7246  -23.7232  -23.7169  -23.6961  -23.6849  -23.6756  -17.5243  -17.5242  -17.4988  -17.4863  -17.4771  -17.4713  -17.4703  -17.4626  -17.4554  -17.4526  -17.4461  -17.4407  -17.4352  -17.4331  -17.4181  -17.4137  -17.4121  -17.4086  -17.3767  -17.3745  -12.4784  -11.6077  -11.5281  -10.5390  -10.5199  -10.4523  -10.4047  -10.2659   -7.2533   -6.1871   -5.5609   -5.2112   -3.9829   -3.9569   -3.8509   -3.6743   -3.3769   -3.0833   -2.7546   -2.5558   -2.3872   -2.1286   -1.9719   -1.7955   -1.6799   -1.4705   -1.4183   -1.3550   -1.2465   -1.1744   -0.6905   -0.5820    2.0595    2.0604    2.1818    2.7504    3.0187    3.3403    3.4844    3.6844    3.7051    3.7377    3.8744    4.0432    4.1834    4.2335    4.5764    4.6038    4.7992    4.9373    4.9615    5.0226    5.1327    5.2650    5.3980    5.7262    5.7375    5.7966    5.9529    6.0156    6.3055    6.7002    6.7913    6.9207
  0.2880  -44.1641  -44.1611  -44.1601  -44.1597  -26.2369  -26.2357  -26.2023  -26.2002  -26.1925  -26.1901  -26.1892  -26.1842  -26.1743  -26.1735  -26.1453  -26.1436  -23.7722  -23.7528  -23.7459  -23.7434  -23.7340  -23.7303  -23.7245  -23.7232  -23.7169  -23.6961  -23.6849  -23.6756  -17.5242  -17.5241  -17.4987  -17.4862  -17.4771  -17.4714  -17.4705  -17.4626  -17.4555  -17.4524  -17.4461  -17.4406  -17.4352  -17.4331  -17.4182  -17.4137  -17.4120  -17.4085  -17.3769  -17.3744  -12.4230  -11.5908  -11.5819  -10.5558  -10.5239  -10.4472  -10.4327  -10.2916   -7.2413   -6.2663   -5.5470   -5.1142   -3.9642   -3.9125   -3.8471   -3.6210   -3.2485   -3.1156   -2.8336   -2.4687   -2.3906   -2.0261   -1.9494   -1.8817   -1.7132   -1.4691   -1.3759   -1.3176   -1.2794   -1.1892   -0.7731   -0.6655    1.9022    2.0087    2.2291    2.8048    2.8756    3.3318    3.3939    3.6245    3.6753    3.7686    3.8351    4.1025    4.1043    4.3742    4.5788    4.6884    4.7853    4.9841    5.0341    5.0569    5.1660    5.1781    5.4412    5.7194    5.7466    5.7930    5.9565    6.0098    6.3782    6.6182    6.7314    6.8680
  0.3456  -44.1641  -44.1611  -44.1601  -44.1597  -26.2369  -26.2357  -26.2023  -26.2002  -26.1926  -26.1902  -26.1892  -26.1841  -26.1743  -26.1735  -26.1453  -26.1436  -23.7721  -23.7529  -23.7459  -23.7435  -23.7340  -23.7303  -23.7245  -23.7232  -23.7169  -23.6961  -23.6849  -23.6756  -17.5241  -17.5241  -17.4986  -17.4861  -17.4770  -17.4714  -17.4706  -17.4627  -17.4556  -17.4523  -17.4462  -17.4406  -17.4352  -17.4331  -17.4182  -17.4137  -17.4120  -17.4085  -17.3770  -17.3744  -12.3680  -11.6382  -11.5759  -10.5601  -10.5263  -10.4629  -10.4450  -10.3127   -7.2266   -6.3368   -5.5526   -5.0203   -3.9579   -3.8418   -3.8192   -3.5656   -3.1577   -3.1091   -2.8847   -2.5483   -2.2392   -2.1822   -1.9257   -1.9089   -1.6621   -1.4618   -1.4584   -1.2598   -1.2129   -1.1416   -0.8454   -0.7584    1.8114    1.9515    2.2999    2.7735    2.8006    3.1389    3.3288    3.5627    3.6631    3.7652    3.8180    4.0970    4.1583    4.5132    4.6004    4.7745    4.8573    5.0266    5.0369    5.0942    5.2028    5.2968    5.4641    5.7112    5.7421    5.8313    5.9512    6.0582    6.3349    6.4804    6.6896    6.7865
  0.4032  -44.1641  -44.1611  -44.1601  -44.1597  -26.2370  -26.2356  -26.2024  -26.2002  -26.1926  -26.1902  -26.1892  -26.1841  -26.1743  -26.1735  -26.1453  -26.1436  -23.7721  -23.7530  -23.7459  -23.7434  -23.7340  -23.7303  -23.7245  -23.7232  -23.7169  -23.6961  -23.6849  -23.6756  -17.5240  -17.5240  -17.4985  -17.4861  -17.4770  -17.4714  -17.4706  -17.4627  -17.4557  -17.4522  -17.4462  -17.4406  -17.4352  -17.4331  -17.4183  -17.4138  -17.4120  -17.4084  -17.3771  -17.3743  -12.3250  -11.6834  -11.5657  -10.5533  -10.5275  -10.4909  -10.4451  -10.3259   -7.2139   -6.3860   -5.5605   -4.9600   -3.9580   -3.8361   -3.7005   -3.5182   -3.1984   -2.9987   -2.9069   -2.6107   -2.4381   -2.1405   -1.8547   -1.8487   -1.6393   -1.5287   -1.4528   -1.2490   -1.1623   -1.0730   -0.8922   -0.8543    1.7831    1.9061    2.4059    2.7168    2.7847    2.8440    3.3327    3.5463    3.6610    3.7268    3.7629    4.1507    4.2263    4.4896    4.7141    4.8071    4.9903    5.0393    5.0585    5.1269    5.2173    5.4020    5.5135    5.6971    5.7647    5.8107    5.9182    5.9928    6.2951    6.3888    6.5280    6.8032
  0.4608  -44.1641  -44.1611  -44.1601  -44.1597  -26.2370  -26.2356  -26.2024  -26.2002  -26.1926  -26.1902  -26.1892  -26.1841  -26.1743  -26.1735  -26.1453  -26.1436  -23.7721  -23.7530  -23.7459  -23.7435  -23.7340  -23.7303  -23.7245  -23.7232  -23.7169  -23.6961  -23.6849  -23.6756  -17.5240  -17.5240  -17.4985  -17.4860  -17.4770  -17.4714  -17.4707  -17.4627  -17.4557  -17.4522  -17.4462  -17.4406  -17.4352  -17.4331  -17.4183  -17.4138  -17.4120  -17.4084  -17.3771  -17.3743  -12.3082  -11.7013  -11.5620  -10.5457  -10.5279  -10.5056  -10.4455  -10.3304   -7.2088   -6.4038   -5.5637   -4.9402   -3.9588   -3.8337   -3.6382   -3.4981   -3.2169   -2.9620   -2.9044   -2.6367   -2.5469   -2.1112   -1.8188   -1.8135   -1.6341   -1.5690   -1.4492   -1.2525   -1.1438   -1.0187   -0.9178   -0.9076    1.7813    1.8890    2.5358    2.6376    2.6988    2.7777    3.3362    3.5454    3.6659    3.7010    3.7366    4.1768    4.2697    4.4454    4.7735    4.8657    4.9227    5.0617    5.1458    5.1675    5.2676    5.2700    5.6578    5.7230    5.8000    5.8607    5.8983    6.0191    6.1711    6.2737    6.4624    6.7393
  0.4608  -44.1628  -44.1628  -44.1597  -44.1596  -26.2363  -26.2362  -26.2011  -26.2011  -26.1922  -26.1921  -26.1859  -26.1859  -26.1741  -26.1740  -26.1445  -26.1444  -23.7612  -23.7611  -23.7478  -23.7478  -23.7271  -23.7270  -23.7204  -23.7204  -23.7069  -23.7069  -23.6870  -23.6869  -17.5245  -17.5244  -17.4909  -17.4909  -17.4825  -17.4825  -17.4579  -17.4579  -17.4513  -17.4513  -17.4480  -17.4480  -17.4342  -17.4341  -17.4163  -17.4163  -17.4099  -17.4099  -17.3754  -17.3754  -12.2783  -12.2783  -10.8211  -10.8211  -10.4850  -10.4849  -10.2666  -10.2666   -6.7228   -6.7227   -5.4555   -5.4555   -4.1244   -4.1244   -3.5407   -3.5407   -3.0098   -3.0098   -2.6432   -2.6432   -2.5030   -2.5030   -2.0417   -2.0417   -1.8389   -1.8389   -1.6080   -1.6080   -1.0401   -1.0401   -0.7896   -0.7896    2.3035    2.3035    2.9761    2.9761    3.4016    3.4017    3.5958    3.5958    3.7875    3.7877    4.0217    4.0223    4.4386    4.4386    4.6631    4.6634    5.0828    5.0828    5.1585    5.1585    5.3045    5.3050    5.4420    5.4429    5.8658    5.8751    6.0105    6.0230    6.4046    6.4792    6.8011    6.9138
  0.5208  -44.1632  -44.1625  -44.1597  -44.1596  -26.2364  -26.2362  -26.2014  -26.2009  -26.1923  -26.1920  -26.1865  -26.1854  -26.1742  -26.1739  -26.1447  -26.1442  -23.7643  -23.7578  -23.7490  -23.7465  -23.7276  -23.7265  -23.7237  -23.7175  -23.7111  -23.7035  -23.6871  -23.6858  -17.5245  -17.5244  -17.4933  -17.4882  -17.4837  -17.4811  -17.4594  -17.4568  -17.4523  -17.4505  -17.4503  -17.4457  -17.4345  -17.4339  -17.4168  -17.4158  -17.4103  -17.4096  -17.3756  -17.3752  -12.3705  -12.1743  -10.9263  -10.7229  -10.4869  -10.4841  -10.2848  -10.2491   -6.8683   -6.5685   -5.5417   -5.3717   -4.1992   -4.0287   -3.5728   -3.5601   -3.1504   -2.8783   -2.7149   -2.6730   -2.4596   -2.4489   -2.0830   -2.0139   -1.9209   -1.6670   -1.6591   -1.5311   -1.1996   -0.9279   -0.8760   -0.6554    2.2654    2.3382    2.9700    2.9763    3.2055    3.4493    3.5856    3.6070    3.7010    3.8786    3.9639    4.2222    4.4242    4.4523    4.5551    4.7557    4.8743    4.9537    5.0738    5.1265    5.3706    5.4030    5.5143    5.5563    5.6616    5.9066    5.9917    6.1875    6.3320    6.5854    6.7988    6.9240
  0.5808  -44.1635  -44.1621  -44.1597  -44.1597  -26.2365  -26.2361  -26.2016  -26.2006  -26.1923  -26.1917  -26.1871  -26.1850  -26.1743  -26.1737  -26.1449  -26.1440  -23.7670  -23.7545  -23.7501  -23.7454  -23.7285  -23.7267  -23.7259  -23.7156  -23.7155  -23.7011  -23.6866  -23.6834  -17.5245  -17.5244  -17.4953  -17.4853  -17.4847  -17.4797  -17.4611  -17.4561  -17.4542  -17.4520  -17.4492  -17.4437  -17.4348  -17.4336  -17.4171  -17.4153  -17.4107  -17.4093  -17.3759  -17.3750  -12.4489  -12.0612  -11.0366  -10.6342  -10.4888  -10.4849  -10.3033  -10.2327   -6.9991   -6.4123   -5.6221   -5.3014   -4.2434   -3.9253   -3.6459   -3.6119   -3.3092   -2.7909   -2.7848   -2.7227   -2.4194   -2.3378   -2.1126   -2.0538   -1.8560   -1.6912   -1.5392   -1.3895   -1.3118   -1.0494   -0.7230   -0.5316    2.2291    2.3550    2.8941    2.9635    2.9703    3.4390    3.5495    3.6330    3.6707    3.9398    4.0967    4.2484    4.3686    4.3970    4.5994    4.6498    4.7526    4.8469    4.9394    5.0194    5.4482    5.4697    5.5657    5.6471    5.6766    5.8125    5.9756    6.2543    6.3208    6.5622    6.5676    6.9823
  0.6408  -44.1638  -44.1617  -44.1598  -44.1597  -26.2366  -26.2360  -26.2018  -26.2005  -26.1923  -26.1914  -26.1877  -26.1847  -26.1744  -26.1736  -26.1451  -26.1439  -23.7693  -23.7513  -23.7511  -23.7444  -23.7304  -23.7282  -23.7253  -23.7196  -23.7149  -23.6992  -23.6860  -23.6806  -17.5245  -17.5244  -17.4969  -17.4854  -17.4824  -17.4780  -17.4631  -17.4571  -17.4556  -17.4525  -17.4480  -17.4422  -17.4350  -17.4334  -17.4174  -17.4148  -17.4111  -17.4091  -17.3761  -17.3748  -12.5116  -11.9422  -11.1503  -10.5585  -10.4895  -10.4870  -10.3216  -10.2185   -7.1090   -6.2622   -5.6904   -5.2569   -4.2490   -3.8403   -3.7327   -3.6547   -3.4779   -2.8704   -2.8517   -2.5934   -2.4028   -2.2352   -2.1291   -2.0995   -1.7554   -1.6652   -1.5524   -1.4432   -1.2145   -1.0085   -0.5959   -0.4210    2.1952    2.3308    2.5740    2.9602    2.9640    3.4425    3.4544    3.6896    3.7157    3.9430    4.1137    4.2208    4.2848    4.3138    4.5026    4.5541    4.7685    4.8495    4.9272    4.9543    5.4556    5.4718    5.5614    5.7308    5.7598    5.8042    5.9168    6.2365    6.3386    6.4872    6.5162    6.9253
  0.7008  -44.1639  -44.1614  -44.1599  -44.1597  -26.2366  -26.2359  -26.2020  -26.2003  -26.1923  -26.1909  -26.1884  -26.1845  -26.1745  -26.1735  -26.1452  -26.1437  -23.7709  -23.7518  -23.7486  -23.7437  -23.7324  -23.7292  -23.7245  -23.7225  -23.7155  -23.6976  -23.6854  -23.6780  -17.5245  -17.5244  -17.4981  -17.4860  -17.4797  -17.4761  -17.4652  -17.4598  -17.4553  -17.4528  -17.4470  -17.4413  -17.4351  -17.4333  -17.4177  -17.4142  -17.4116  -17.4089  -17.3762  -17.3747  -12.5574  -11.8217  -11.2649  -10.4998  -10.4895  -10.4888  -10.3381  -10.2075   -7.1925   -6.1297   -5.7423   -5.2447   -4.2134   -3.8237   -3.8082   -3.6416   -3.6304   -2.9554   -2.8952   -2.4626   -2.4032   -2.1680   -2.1452   -2.1240   -1.6567   -1.6438   -1.6099   -1.4915   -1.2285   -0.7657   -0.5047   -0.3294    2.1647    2.2521    2.3062    2.9499    2.9748    3.3773    3.4741    3.7129    3.8133    3.8690    3.9317    4.1509    4.1649    4.3933    4.5225    4.5615    4.6305    4.8865    4.9505    4.9960    5.4255    5.4403    5.5665    5.6570    5.7834    5.8703    5.9173    6.1916    6.2902    6.4313    6.5710    7.0124
  0.7608  -44.1641  -44.1612  -44.1600  -44.1597  -26.2367  -26.2358  -26.2021  -26.2002  -26.1923  -26.1904  -26.1890  -26.1844  -26.1745  -26.1735  -26.1453  -26.1437  -23.7720  -23.7523  -23.7467  -23.7434  -23.7336  -23.7301  -23.7241  -23.7237  -23.7164  -23.6965  -23.6850  -23.6763  -17.5245  -17.5244  -17.4988  -17.4864  -17.4778  -17.4736  -17.4677  -17.4618  -17.4552  -17.4529  -17.4462  -17.4408  -17.4352  -17.4332  -17.4178  -17.4138  -17.4120  -17.4088  -17.3763  -17.3747  -12.5853  -11.7096  -11.3724  -10.4916  -10.4872  -10.4622  -10.3500  -10.2008   -7.2448   -6.0332   -5.7747   -5.2551   -4.1471   -3.8569   -3.8459   -3.7838   -3.5726   -3.0179   -2.9211   -2.4089   -2.3703   -2.1799   -2.1225   -2.1024   -1.7582   -1.5834   -1.5614   -1.5128   -1.2264   -0.5687   -0.4513   -0.2678    2.1244    2.1426    2.1576    2.9422    2.9897    3.3336    3.5263    3.7326    3.7650    3.7819    3.9292    4.1120    4.1216    4.2671    4.4987    4.5720    4.8148    4.8202    4.9922    5.0861    5.3411    5.3580    5.4817    5.6739    5.8320    5.9316    5.9330    6.2044    6.2897    6.5563    6.6048    6.9397
  0.8208  -44.1641  -44.1611  -44.1601  -44.1597  -26.2367  -26.2358  -26.2021  -26.2002  -26.1923  -26.1900  -26.1895  -26.1843  -26.1745  -26.1734  -26.1453  -26.1436  -23.7723  -23.7524  -23.7460  -23.7434  -23.7340  -23.7305  -23.7246  -23.7233  -23.7169  -23.6961  -23.6849  -23.6756  -17.5245  -17.5244  -17.4990  -17.4865  -17.4772  -17.4712  -17.4700  -17.4625  -17.4551  -17.4529  -17.4460  -17.4407  -17.4352  -17.4331  -17.4178  -17.4135  -17.4122  -17.4088  -17.3764  -17.3746  -12.5946  -11.6489  -11.4315  -10.4923  -10.4864  -10.4493  -10.3545  -10.1986   -7.2626   -5.9966   -5.7857   -5.2636   -4.1009   -3.8722   -3.8567   -3.8558   -3.5465   -3.0421   -2.9297   -2.4118   -2.3410   -2.1927   -2.1089   -2.0692   -1.8254   -1.5561   -1.5429   -1.5155   -1.2230   -0.4932   -0.4338   -0.2461    2.0636    2.1101    2.1344    2.9393    2.9968    3.3202    3.5655    3.7031    3.7345    3.7411    4.0011    4.0850    4.1011    4.2185    4.4567    4.5869    4.7827    4.9576    5.0055    5.2006    5.2083    5.3284    5.3778    5.7518    5.8256    5.9289    5.9616    6.1385    6.3295    6.4666    6.6335    7.0681
  0.8208  -44.1641  -44.1611  -44.1601  -44.1597  -26.2367  -26.2358  -26.2021  -26.2002  -26.1923  -26.1900  -26.1895  -26.1843  -26.1745  -26.1734  -26.1453  -26.1436  -23.7723  -23.7524  -23.7460  -23.7434  -23.7340  -23.7305  -23.7246  -23.7233  -23.7169  -23.6961  -23.6849  -23.6756  -17.5245  -17.5244  -17.4990  -17.4865  -17.4772  -17.4712  -17.4700  -17.4625  -17.4551  -17.4529  -17.4460  -17.4407  -17.4352  -17.4331  -17.4178  -17.4135  -17.4122  -17.4088  -17.3764  -17.3746  -12.5946  -11.6489  -11.4315  -10.4923  -10.4864  -10.4493  -10.3545  -10.1986   -7.2626   -5.9966   -5.7857   -5.2636   -4.1009   -3.8722   -3.8567   -3.8558   -3.5465   -3.0421   -2.9297   -2.4118   -2.3410   -2.1927   -2.1089   -2.0692   -1.8254   -1.5561   -1.5429   -1.5155   -1.2230   -0.4932   -0.4338   -0.2461    2.0636    2.1101    2.1344    2.9394    2.9968    3.3202    3.5655    3.7058    3.7345    3.7411    4.0011    4.0852    4.1011    4.2185    4.4567    4.5869    4.7829    4.9601    5.0075    5.2034    5.2101    5.3280    5.3773    5.7468    5.8281    5.9313    5.9624    6.1742    6.3582    6.4486    6.5728    6.8119
  0.8829  -44.1641  -44.1611  -44.1601  -44.1598  -26.2367  -26.2358  -26.2021  -26.2002  -26.1923  -26.1901  -26.1894  -26.1844  -26.1745  -26.1734  -26.1453  -26.1437  -23.7716  -23.7524  -23.7467  -23.7437  -23.7345  -23.7310  -23.7260  -23.7220  -23.7149  -23.6959  -23.6855  -23.6758  -17.5245  -17.5244  -17.4990  -17.4868  -17.4770  -17.4712  -17.4700  -17.4627  -17.4551  -17.4529  -17.4459  -17.4407  -17.4352  -17.4332  -17.4178  -17.4136  -17.4122  -17.4088  -17.3763  -17.3746  -12.5840  -11.6598  -11.4223  -10.5353  -10.4668  -10.4525  -10.3524  -10.2005   -7.2325   -5.9768   -5.7822   -5.2840   -4.1024   -4.0542   -3.8790   -3.6521   -3.5057   -3.1041   -2.8474   -2.5191   -2.3306   -2.1182   -2.0884   -2.0643   -1.8337   -1.5533   -1.5485   -1.5056   -1.2446   -0.5330   -0.5138   -0.2616    2.0739    2.1483    2.1926    2.9394    2.9846    3.2474    3.5885    3.7035    3.7597    3.7645    3.8644    3.9634    4.1596    4.3200    4.5438    4.7043    4.7420    4.8533    5.0813    5.0859    5.3245    5.3590    5.4791    5.7388    5.7647    5.9230    5.9781    6.1335    6.4128    6.5199    6.6126    6.8172
  0.9451  -44.1639  -44.1610  -44.1601  -44.1599  -26.2367  -26.2359  -26.2020  -26.2003  -26.1922  -26.1902  -26.1892  -26.1845  -26.1745  -26.1735  -26.1452  -26.1437  -23.7695  -23.7527  -23.7482  -23.7448  -23.7352  -23.7327  -23.7276  -23.7193  -23.7112  -23.6958  -23.6868  -23.6763  -17.5245  -17.5244  -17.4988  -17.4876  -17.4765  -17.4710  -17.4699  -17.4632  -17.4549  -17.4530  -17.4457  -17.4409  -17.4351  -17.4333  -17.4176  -17.4138  -17.4120  -17.4089  -17.3763  -17.3747  -12.5525  -11.6931  -11.3950  -10.5985  -10.4687  -10.4619  -10.3465  -10.2061   -7.1451   -5.9228   -5.7737   -5.3430   -4.2116   -4.0999   -3.9284   -3.4304   -3.4090   -3.1753   -2.7191   -2.6577   -2.3561   -2.1429   -2.0502   -1.9328   -1.8235   -1.5819   -1.5283   -1.4914   -1.2942   -0.7808   -0.5729   -0.3076    2.1016    2.1965    2.3477    2.8965    2.9607    3.0791    3.6051    3.6974    3.7448    3.8278    3.8762    4.0004    4.0554    4.3834    4.6366    4.7438    4.8146    4.8786    4.9940    5.1382    5.4503    5.5122    5.5868    5.6136    5.7270    5.9193    5.9879    6.0979    6.3904    6.4341    6.4881    6.8203
  1.0072  -44.1636  -44.1610  -44.1602  -44.1601  -26.2366  -26.2359  -26.2018  -26.2004  -26.1922  -26.1904  -26.1888  -26.1848  -26.1744  -26.1735  -26.1451  -26.1438  -23.7664  -23.7540  -23.7489  -23.7465  -23.7357  -23.7343  -23.7286  -23.7166  -23.7076  -23.6966  -23.6878  -23.6770  -17.5245  -17.5244  -17.4984  -17.4889  -17.4757  -17.4708  -17.4697  -17.4640  -17.4546  -17.4530  -17.4453  -17.4411  -17.4350  -17.4334  -17.4174  -17.4141  -17.4118  -17.4091  -17.3761  -17.3747  -12.5010  -11.7491  -11.3503  -10.6727  -10.4887  -10.4764  -10.3370  -10.2153   -7.0087   -5.8488   -5.7682   -5.4328   -4.3306   -4.0932   -3.9666   -3.2889   -3.2367   -3.1970   -2.7776   -2.6041   -2.3681   -2.2147   -2.0778   -1.7913   -1.7293   -1.6471   -1.5050   -1.4915   -1.3417   -1.0569   -0.6633   -0.3836    2.1307    2.1595    2.5113    2.7402    2.9756    2.9837    3.5257    3.6908    3.8862    3.9165    3.9548    4.0256    4.1833    4.2639    4.6006    4.7821    4.8850    4.9146    5.1476    5.1857    5.4893    5.5717    5.6401    5.7051    5.7264    5.9672    5.9725    6.1002    6.2693    6.3779    6.6587    6.8846
  1.0693  -44.1633  -44.1611  -44.1604  -44.1602  -26.2366  -26.2360  -26.2016  -26.2005  -26.1921  -26.1907  -26.1884  -26.1852  -26.1743  -26.1736  -26.1449  -26.1439  -23.7630  -23.7561  -23.7486  -23.7484  -23.7360  -23.7354  -23.7289  -23.7151  -23.7048  -23.6987  -23.6874  -23.6780  -17.5245  -17.5244  -17.4979  -17.4904  -17.4747  -17.4708  -17.4695  -17.4649  -17.4542  -17.4530  -17.4448  -17.4414  -17.4349  -17.4336  -17.4171  -17.4144  -17.4114  -17.4093  -17.3759  -17.3748  -12.4311  -11.8268  -11.2895  -10.7545  -10.5154  -10.4945  -10.3245  -10.2276   -6.8350   -5.7868   -5.7731   -5.5317   -4.4074   -4.1378   -3.9123   -3.2390   -3.1635   -3.0178   -2.8720   -2.5808   -2.3574   -2.2418   -2.1462   -1.7886   -1.6825   -1.6104   -1.6040   -1.4109   -1.3772   -1.1855   -0.7743   -0.4871    2.0002    2.1062    2.6031    2.6679    2.9781    3.0180    3.4597    3.5653    4.0198    4.0533    4.0708    4.1438    4.2750    4.3036    4.5891    4.7714    4.9318    4.9902    5.1078    5.3952    5.5285    5.5820    5.6353    5.7572    5.7606    5.9790    6.0052    6.1005    6.2280    6.3053    6.5610    6.7944
  1.1315  -44.1629  -44.1613  -44.1605  -44.1603  -26.2365  -26.2361  -26.2014  -26.2006  -26.1920  -26.1910  -26.1879  -26.1857  -26.1742  -26.1737  -26.1448  -26.1440  -23.7604  -23.7579  -23.7492  -23.7480  -23.7362  -23.7359  -23.7285  -23.7158  -23.7028  -23.7007  -23.6858  -23.6791  -17.5245  -17.5245  -17.4971  -17.4919  -17.4736  -17.4708  -17.4691  -17.4660  -17.4539  -17.4531  -17.4442  -17.4418  -17.4347  -17.4338  -17.4167  -17.4148  -17.4111  -17.4096  -17.3757  -17.3750  -12.3450  -11.9219  -11.2147  -10.8435  -10.5369  -10.5138  -10.3096  -10.2422   -6.6371   -5.8719   -5.7103   -5.5966   -4.4402   -4.2218   -3.7610   -3.2304   -3.0533   -2.9295   -2.8815   -2.6876   -2.3314   -2.2231   -2.2167   -2.0110   -1.6776   -1.5937   -1.5427   -1.3907   -1.2701   -1.1829   -0.8907   -0.6131    1.8287    1.9739    2.6035    2.8113    2.9965    3.0550    3.3805    3.3882    3.9977    4.1457    4.2271    4.2898    4.3865    4.4897    4.7595    4.8168    4.8731    4.9597    5.1892    5.4316    5.5371    5.5875    5.7072    5.7851    5.7944    5.9962    6.0414    6.0620    6.1038    6.4645    6.5331    6.6332
  1.1936  -44.1625  -44.1616  -44.1605  -44.1604  -26.2364  -26.2362  -26.2012  -26.2008  -26.1918  -26.1913  -26.1874  -26.1862  -26.1741  -26.1738  -26.1446  -26.1442  -23.7595  -23.7590  -23.7485  -23.7475  -23.7363  -23.7361  -23.7267  -23.7190  -23.7018  -23.7014  -23.6840  -23.6805  -17.5245  -17.5245  -17.4961  -17.4935  -17.4725  -17.4711  -17.4686  -17.4670  -17.4536  -17.4532  -17.4435  -17.4423  -17.4345  -17.4341  -17.4162  -17.4153  -17.4107  -17.4099  -17.3755  -17.3751  -12.2460  -12.0283  -11.1286  -10.9382  -10.5464  -10.5314  -10.2931  -10.2586   -6.4281   -6.0281   -5.6666   -5.6220   -4.4303   -4.3095   -3.5463   -3.2201   -3.0421   -2.9482   -2.8725   -2.7314   -2.3310   -2.3110   -2.2396   -2.1298   -1.6525   -1.5513   -1.4953   -1.4080   -1.1501   -1.1213   -0.9804   -0.7563    1.7257    1.8173    2.6984    2.8846    3.0345    3.0931    3.2357    3.2723    3.9760    4.0771    4.3829    4.4654    4.5910    4.6602    4.7477    4.8446    4.9452    5.0597    5.2470    5.3179    5.4644    5.5771    5.7616    5.8047    5.8389    5.8952    5.9480    6.0626    6.1374    6.2605    6.4395    6.7645
  1.2557  -44.1620  -44.1620  -44.1605  -44.1604  -26.2363  -26.2363  -26.2010  -26.2009  -26.1916  -26.1915  -26.1868  -26.1867  -26.1740  -26.1739  -26.1444  -26.1443  -23.7594  -23.7594  -23.7476  -23.7476  -23.7363  -23.7363  -23.7233  -23.7232  -23.7014  -23.7014  -23.6822  -23.6821  -17.5245  -17.5245  -17.4949  -17.4949  -17.4717  -17.4717  -17.4679  -17.4679  -17.4534  -17.4534  -17.4429  -17.4429  -17.4343  -17.4343  -17.4158  -17.4158  -17.4103  -17.4103  -17.3753  -17.3753  -12.1386  -12.1386  -11.0349  -11.0349  -10.5436  -10.5436  -10.2759  -10.2758   -6.2205   -6.2205   -5.6397   -5.6397   -4.3834   -4.3834   -3.3166   -3.3165   -3.0595   -3.0595   -2.7694   -2.7694   -2.3620   -2.3619   -2.1919   -2.1919   -1.5843   -1.5843   -1.4438   -1.4438   -1.1073   -1.1073   -0.9067   -0.9067    1.7226    1.7226    2.8160    2.8160    3.1398    3.1398    3.1504    3.1505    4.0068    4.0068    4.5118    4.5127    4.6373    4.6375    4.8563    4.8569    5.0336    5.0339    5.2815    5.2815    5.4997    5.5015    5.7280    5.7334    5.8439    5.8514    6.0180    6.0193    6.1468    6.1526    6.5042    6.6192
  1.2557  -44.1617  -44.1616  -44.1608  -44.1608  -26.2364  -26.2363  -26.2012  -26.2011  -26.1917  -26.1916  -26.1867  -26.1866  -26.1738  -26.1737  -26.1444  -26.1443  -23.7546  -23.7546  -23.7464  -23.7464  -23.7316  -23.7316  -23.7291  -23.7290  -23.7035  -23.7034  -23.6852  -23.6852  -17.5242  -17.5242  -17.4892  -17.4891  -17.4851  -17.4851  -17.4578  -17.4578  -17.4503  -17.4503  -17.4485  -17.4485  -17.4342  -17.4341  -17.4158  -17.4158  -17.4103  -17.4103  -17.3755  -17.3755  -11.9447  -11.9446  -11.1471  -11.1470  -10.6066  -10.6066  -10.4524  -10.4523   -6.2092   -6.2092   -5.5986   -5.5986   -3.7100   -3.7099   -3.6443   -3.6443   -3.0959   -3.0959   -2.5434   -2.5434   -2.4339   -2.4338   -1.8170   -1.8170   -1.7530   -1.7530   -1.4380   -1.4380   -1.1979   -1.1979   -1.1480   -1.1480    1.8602    1.8603    2.8072    2.8073    3.2251    3.2251    3.3419    3.3420    3.5753    3.5753    3.8819    3.8819    4.4200    4.4210    4.4406    4.4411    4.7896    4.7897    4.8174    4.8174    5.2516    5.2518    5.4991    5.5053    5.8294    5.8295    5.9184    5.9215    6.4134    6.4679    6.5977    6.8677
  1.3114  -44.1618  -44.1617  -44.1608  -44.1607  -26.2364  -26.2363  -26.2012  -26.2011  -26.1917  -26.1916  -26.1867  -26.1866  -26.1738  -26.1737  -26.1444  -26.1443  -23.7549  -23.7547  -23.7464  -23.7463  -23.7321  -23.7316  -23.7291  -23.7279  -23.7037  -23.7035  -23.6852  -23.6850  -17.5242  -17.5242  -17.4896  -17.4891  -17.4850  -17.4846  -17.4579  -17.4578  -17.4507  -17.4504  -17.4484  -17.4480  -17.4342  -17.4341  -17.4158  -17.4158  -17.4103  -17.4103  -17.3755  -17.3755  -11.9574  -11.9447  -11.1515  -11.1348  -10.6098  -10.5991  -10.4472  -10.4460   -6.2408   -6.2146   -5.5948   -5.5763   -3.7564   -3.7126   -3.6526   -3.5837   -3.1206   -3.0941   -2.6259   -2.5486   -2.4154   -2.3541   -1.8432   -1.8113   -1.7808   -1.7620   -1.4405   -1.4195   -1.1901   -1.1756   -1.1372   -1.1245    1.8566    1.8757    2.7940    2.8185    3.1057    3.1514    3.3311    3.4211    3.5900    3.6772    3.8881    3.9215    4.3026    4.3897    4.4563    4.5475    4.6943    4.7511    4.8243    4.8994    5.2465    5.2866    5.5173    5.5989    5.7754    5.8168    5.9370    5.9632    6.2194    6.4033    6.6167    6.9590
  1.3670  -44.1620  -44.1617  -44.1608  -44.1606  -26.2364  -26.2363  -26.2012  -26.2011  -26.1918  -26.1916  -26.1868  -26.1865  -26.1738  -26.1737  -26.1444  -26.1443  -23.7557  -23.7552  -23.7467  -23.7462  -23.7327  -23.7316  -23.7292  -23.7255  -23.7044  -23.7036  -23.6854  -23.6844  -17.5242  -17.5242  -17.4907  -17.4891  -17.4846  -17.4835  -17.4584  -17.4578  -17.4513  -17.4508  -17.4481  -17.4471  -17.4342  -17.4341  -17.4160  -17.4157  -17.4104  -17.4102  -17.3755  -17.3754  -11.9940  -11.9443  -11.1634  -11.1000  -10.6170  -10.5789  -10.4331  -10.4295   -6.3218   -6.2285   -5.5843   -5.5243   -3.8276   -3.7221   -3.6698   -3.4780   -3.1860   -3.0847   -2.7363   -2.5569   -2.3737   -2.2586   -1.9100   -1.8473   -1.8107   -1.7675   -1.4244   -1.3784   -1.1825   -1.1259   -1.1020   -1.0691    1.8467    1.9192    2.7352    2.8267    2.9591    3.0574    3.3231    3.5271    3.6351    3.8070    3.8845    4.0203    4.1892    4.3407    4.4591    4.5709    4.6771    4.7165    4.8578    4.9468    5.2405    5.3571    5.5448    5.6816    5.7300    5.8634    5.9422    6.0012    6.0908    6.3424    6.7111    7.0537
  1.4227  -44.1622  -44.1616  -44.1607  -44.1604  -26.2364  -26.2363  -26.2013  -26.2010  -26.1919  -26.1915  -26.1869  -26.1862  -26.1738  -26.1737  -26.1445  -26.1443  -23.7568  -23.7558  -23.7471  -23.7461  -23.7331  -23.7315  -23.7293  -23.7226  -23.7053  -23.7036  -23.6857  -23.6836  -17.5242  -17.5242  -17.4919  -17.4890  -17.4840  -17.4822  -17.4591  -17.4579  -17.4520  -17.4513  -17.4479  -17.4461  -17.4343  -17.4340  -17.4162  -17.4156  -17.4105  -17.4100  -17.3756  -17.3754  -12.0495  -11.9420  -11.1792  -11.0471  -10.6231  -10.5506  -10.4145  -10.4057   -6.4292   -6.2446   -5.5691   -5.4682   -3.9165   -3.7495   -3.6725   -3.3601   -3.2646   -3.0613   -2.8271   -2.5622   -2.3356   -2.2117   -1.9789   -1.8833   -1.8653   -1.7504   -1.3740   -1.3387   -1.1729   -1.0718   -1.0547   -1.0123    1.8326    1.9802    2.5882    2.8124    2.9411    3.0202    3.3237    3.6003    3.6898    3.8262    3.9189    4.0187    4.2169    4.3010    4.4651    4.5536    4.6429    4.7505    4.9464    4.9751    5.2396    5.3684    5.5485    5.6351    5.6782    5.9043    5.9731    6.0444    6.1274    6.3481    6.4923    7.2827
  1.4783  -44.1625  -44.1616  -44.1606  -44.1603  -26.2364  -26.2362  -26.2014  -26.2009  -26.1920  -26.1915  -26.1871  -26.1860  -26.1739  -26.1737  -26.1446  -26.1442  -23.7581  -23.7563  -23.7476  -23.7460  -23.7334  -23.7315  -23.7293  -23.7196  -23.7062  -23.7036  -23.6862  -23.6827  -17.5243  -17.5242  -17.4931  -17.4889  -17.4833  -17.4809  -17.4600  -17.4581  -17.4526  -17.4518  -17.4476  -17.4451  -17.4344  -17.4339  -17.4164  -17.4155  -17.4106  -17.4098  -17.3757  -17.3753  -12.1182  -11.9358  -11.1962  -10.9815  -10.6245  -10.5196  -10.3970  -10.3766   -6.5482   -6.2556   -5.5510   -5.4246   -4.0213   -3.7948   -3.6547   -3.3903   -3.2139   -3.0129   -2.8732   -2.5601   -2.3362   -2.2305   -2.0058   -1.9457   -1.8618   -1.7313   -1.3431   -1.2940   -1.1499   -1.0259   -1.0189   -0.9580    1.8214    2.0338    2.4593    2.8234    2.9354    3.0597    3.3441    3.5876    3.6907    3.8325    3.9129    3.9858    4.2653    4.3472    4.4838    4.5416    4.7175    4.7835    4.9856    5.0105    5.2010    5.3201    5.5463    5.5793    5.6481    5.9813    5.9948    6.0517    6.2496    6.2683    6.5861    6.6877
  1.5340  -44.1628  -44.1616  -44.1604  -44.1602  -26.2365  -26.2362  -26.2015  -26.2008  -26.1921  -26.1914  -26.1873  -26.1857  -26.1740  -26.1736  -26.1447  -26.1441  -23.7598  -23.7565  -23.7481  -23.7458  -23.7336  -23.7315  -23.7292  -23.7175  -23.7068  -23.7032  -23.6867  -23.6817  -17.5243  -17.5242  -17.4943  -17.4886  -17.4825  -17.4797  -17.4611  -17.4583  -17.4533  -17.4521  -17.4474  -17.4442  -17.4346  -17.4338  -17.4167  -17.4153  -17.4107  -17.4096  -17.3757  -17.3752  -12.1942  -11.9238  -11.2133  -10.9087  -10.6193  -10.4899  -10.3834  -10.3449   -6.6704   -6.2557   -5.5313   -5.4012   -4.1293   -3.8473   -3.6274   -3.4856   -3.1805   -2.9054   -2.8624   -2.5374   -2.3809   -2.2806   -2.0332   -1.9756   -1.8162   -1.7081   -1.3699   -1.2359   -1.1443   -1.0292   -0.9646   -0.8896    1.8295    2.0475    2.4212    2.8457    2.9540    3.1300    3.3331    3.5431    3.6491    3.7850    3.9197    4.0390    4.2715    4.3745    4.4285    4.6516    4.8241    4.9042    4.9650    5.0259    5.1119    5.3197    5.4840    5.5918    5.6646    5.9685    6.0058    6.0621    6.1765    6.4460    6.5384    6.6994
  1.5897  -44.1631  -44.1615  -44.1603  -44.1601  -26.2365  -26.2361  -26.2016  -26.2007  -26.1922  -26.1913  -26.1875  -26.1854  -26.1741  -26.1736  -26.1448  -26.1440  -23.7617  -23.7561  -23.7487  -23.7456  -23.7337  -23.7316  -23.7289  -23.7167  -23.7072  -23.7021  -23.6873  -23.6807  -17.5243  -17.5242  -17.4954  -17.4883  -17.4815  -17.4785  -17.4622  -17.4588  -17.4538  -17.4524  -17.4471  -17.4433  -17.4347  -17.4337  -17.4169  -17.4151  -17.4109  -17.4094  -17.3758  -17.3751  -12.2723  -11.9048  -11.2310  -10.8335  -10.6069  -10.4647  -10.3742  -10.3134   -6.7903   -6.2416   -5.5146   -5.3970   -4.2242   -3.8985   -3.6054   -3.5760   -3.1891   -2.8512   -2.7882   -2.5062   -2.3940   -2.3241   -2.1142   -1.9129   -1.7751   -1.6759   -1.4147   -1.2110   -1.1784   -1.0781   -0.8771   -0.8156    1.8740    2.0395    2.4490    2.8347    3.0156    3.2005    3.2597    3.5318    3.6413    3.7001    4.0009    4.0830    4.2535    4.3496    4.4541    4.6813    4.8647    4.9323    5.0256    5.0717    5.1415    5.3194    5.4448    5.6450    5.7079    5.9346    6.0125    6.0844    6.1238    6.4424    6.6585    6.9206
  1.6453  -44.1633  -44.1615  -44.1602  -44.1600  -26.2365  -26.2361  -26.2017  -26.2006  -26.1923  -26.1911  -26.1878  -26.1851  -26.1742  -26.1736  -26.1449  -26.1439  -23.7639  -23.7553  -23.7493  -23.7453  -23.7339  -23.7316  -23.7285  -23.7171  -23.7076  -23.7004  -23.6878  -23.6797  -17.5244  -17.5242  -17.4963  -17.4880  -17.4805  -17.4775  -17.4633  -17.4593  -17.4543  -17.4526  -17.4469  -17.4426  -17.4348  -17.4336  -17.4171  -17.4149  -17.4111  -17.4092  -17.3760  -17.3750  -12.3481  -11.8778  -11.2509  -10.7608  -10.5873  -10.4464  -10.3683  -10.2840   -6.9036   -6.2129   -5.5156   -5.3970   -4.2915   -3.9408   -3.6805   -3.5727   -3.1886   -2.8852   -2.7224   -2.5283   -2.3800   -2.3144   -2.1268   -1.8254   -1.7385   -1.6396   -1.4605   -1.2566   -1.2164   -1.1470   -0.7751   -0.7401    1.9532    2.0618    2.4685    2.7866    3.0926    3.1256    3.3408    3.4873    3.6383    3.7118    4.0817    4.1028    4.2413    4.3263    4.5213    4.6357    4.8412    4.9149    5.0228    5.1105    5.2432    5.3653    5.4725    5.6779    5.7093    5.9061    5.9160    6.0368    6.1316    6.4341    6.6390    6.8957
  1.7010  -44.1635  -44.1614  -44.1601  -44.1600  -26.2366  -26.2360  -26.2018  -26.2005  -26.1923  -26.1910  -26.1881  -26.1849  -26.1743  -26.1736  -26.1450  -26.1439  -23.7660  -23.7541  -23.7496  -23.7450  -23.7340  -23.7315  -23.7281  -23.7182  -23.7086  -23.6986  -23.6878  -23.6788  -17.5244  -17.5243  -17.4971  -17.4876  -17.4796  -17.4765  -17.4644  -17.4601  -17.4546  -17.4527  -17.4467  -17.4419  -17.4349  -17.4335  -17.4174  -17.4146  -17.4113  -17.4091  -17.3761  -17.3749  -12.4178  -11.8430  -11.2750  -10.6945  -10.5615  -10.4363  -10.3640  -10.2581   -7.0065   -6.1721   -5.5520   -5.3800   -4.3212   -3.9696   -3.7687   -3.5559   -3.1853   -2.9604   -2.7187   -2.5164   -2.4103   -2.3371   -2.0559   -1.7729   -1.6337   -1.6097   -1.4894   -1.3261   -1.2766   -1.2013   -0.6747   -0.6595    2.0277    2.1530    2.4364    2.7098    3.0633    3.1629    3.4492    3.4659    3.6167    3.7828    4.0574    4.1482    4.1999    4.3890    4.5738    4.5979    4.7964    4.9036    5.0164    5.1021    5.2744    5.4071    5.4720    5.7071    5.7718    5.8013    5.8796    6.0120    6.3174    6.5171    6.6642    6.7545
  1.7566  -44.1637  -44.1613  -44.1600  -44.1599  -26.2366  -26.2359  -26.2019  -26.2004  -26.1923  -26.1908  -26.1884  -26.1847  -26.1744  -26.1735  -26.1451  -26.1438  -23.7681  -23.7530  -23.7495  -23.7445  -23.7341  -23.7313  -23.7275  -23.7195  -23.7102  -23.6973  -23.6873  -23.6779  -17.5244  -17.5243  -17.4978  -17.4872  -17.4787  -17.4755  -17.4655  -17.4608  -17.4549  -17.4528  -17.4464  -17.4415  -17.4350  -17.4334  -17.4175  -17.4143  -17.4115  -17.4090  -17.3762  -17.3748  -12.4786  -11.8012  -11.3050  -10.6375  -10.5314  -10.4342  -10.3604  -10.2366   -7.0953   -6.1241   -5.6128   -5.3497   -4.3097   -3.9850   -3.8429   -3.5440   -3.2285   -3.0309   -2.7326   -2.5289   -2.4383   -2.3113   -2.0284   -1.7931   -1.6050   -1.5446   -1.4948   -1.4191   -1.2459   -1.1833   -0.6009   -0.5598    2.0780    2.2787    2.3785    2.6053    3.0493    3.2172    3.4561    3.5774    3.6314    3.8301    4.0262    4.0955    4.1387    4.4746    4.5700    4.6283    4.7626    4.9185    5.0126    5.0389    5.2776    5.3354    5.5525    5.7207    5.7857    5.8439    5.8520    5.9901    6.2239    6.4441    6.6946    6.7502
  1.8123  -44.1639  -44.1612  -44.1600  -44.1598  -26.2366  -26.2359  -26.2020  -26.2003  -26.1923  -26.1906  -26.1887  -26.1845  -26.1744  -26.1735  -26.1452  -26.1437  -23.7698  -23.7524  -23.7486  -23.7441  -23.7342  -23.7310  -23.7267  -23.7209  -23.7121  -23.6966  -23.6865  -23.6770  -17.5245  -17.5243  -17.4983  -17.4869  -17.4780  -17.4745  -17.4667  -17.4615  -17.4550  -17.4529  -17.4463  -17.4411  -17.4351  -17.4333  -17.4177  -17.4141  -17.4118  -17.4089  -17.3762  -17.3747  -12.5281  -11.7545  -11.3410  -10.5900  -10.5007  -10.4389  -10.3575  -10.2198   -7.1671   -6.0758   -5.6785   -5.3171   -4.2590   -3.9962   -3.8876   -3.5467   -3.3393   -3.0731   -2.7272   -2.5912   -2.4184   -2.2488   -2.0437   -1.8541   -1.6284   -1.5668   -1.5341   -1.4614   -1.2556   -0.9357   -0.5403   -0.4638    2.1093    2.2310    2.4549    2.5098    3.0767    3.2526    3.4671    3.6513    3.7134    3.8492    3.9921    4.0113    4.0659    4.4418    4.5965    4.6940    4.7724    4.8672    4.9929    5.0323    5.1800    5.4121    5.5896    5.7101    5.8033    5.8402    5.9498    5.9782    6.2354    6.4246    6.6982    6.8544
  1.8679  -44.1640  -44.1611  -44.1600  -44.1598  -26.2367  -26.2359  -26.2020  -26.2003  -26.1923  -26.1904  -26.1890  -26.1844  -26.1745  -26.1735  -26.1453  -26.1437  -23.7712  -23.7524  -23.7474  -23.7437  -23.7342  -23.7307  -23.7259  -23.7221  -23.7143  -23.6963  -23.6857  -23.6763  -17.5245  -17.5243  -17.4987  -17.4867  -17.4775  -17.4734  -17.4679  -17.4621  -17.4551  -17.4529  -17.4461  -17.4409  -17.4351  -17.4332  -17.4178  -17.4138  -17.4120  -17.4088  -17.3763  -17.3747  -12.5647  -11.7068  -11.3804  -10.5505  -10.4746  -10.4493  -10.3556  -10.2080   -7.2198   -6.0343   -5.7350   -5.2891   -4.1797   -4.0100   -3.8898   -3.5959   -3.4569   -3.0902   -2.7837   -2.5561   -2.3979   -2.1783   -2.0764   -1.9538   -1.7195   -1.5728   -1.5417   -1.4820   -1.2467   -0.6866   -0.4919   -0.3752    2.1227    2.1441    2.3073    2.6711    3.1001    3.2811    3.4941    3.6825    3.7869    3.8175    3.9302    4.0222    4.0525    4.3200    4.6513    4.6958    4.7602    4.8360    4.9531    5.0634    5.1767    5.4263    5.5706    5.7415    5.7634    5.8960    5.9461    6.0186    6.3157    6.4279    6.5652    6.7429
  1.9236  -44.1641  -44.1611  -44.1601  -44.1597  -26.2367  -26.2358  -26.2021  -26.2002  -26.1923  -26.1901  -26.1893  -26.1843  -26.1745  -26.1734  -26.1453  -26.1436  -23.7720  -23.7524  -23.7464  -23.7435  -23.7341  -23.7305  -23.7250  -23.7230  -23.7161  -23.6961  -23.6851  -23.6758  -17.5245  -17.5244  -17.4990  -17.4865  -17.4773  -17.4721  -17.4691  -17.4624  -17.4551  -17.4529  -17.4460  -17.4407  -17.4352  -17.4331  -17.4178  -17.4136  -17.4121  -17.4088  -17.3764  -17.3746  -12.5871  -11.6663  -11.4158  -10.5173  -10.4678  -10.4547  -10.3547  -10.2009   -7.2519   -6.0064   -5.7726   -5.2703   -4.1131   -3.9804   -3.8686   -3.7193   -3.5236   -3.0705   -2.8757   -2.4591   -2.3767   -2.1396   -2.1001   -2.0624   -1.7945   -1.5567   -1.5517   -1.5017   -1.2305   -0.5318   -0.4540   -0.2901    2.0843    2.1242    2.1751    2.8298    3.0659    3.3092    3.5388    3.6999    3.7541    3.7667    3.9753    4.0256    4.1455    4.2052    4.5432    4.6109    4.7912    4.9251    4.9755    5.0964    5.2040    5.3948    5.4627    5.7299    5.8132    5.9183    5.9568    6.0791    6.3752    6.4844    6.5794    6.7070
  1.9792  -44.1641  -44.1611  -44.1601  -44.1597  -26.2367  -26.2358  -26.2021  -26.2002  -26.1923  -26.1900  -26.1895  -26.1843  -26.1745  -26.1734  -26.1453  -26.1436  -23.7723  -23.7524  -23.7460  -23.7434  -23.7340  -23.7305  -23.7246  -23.7233  -23.7169  -23.6961  -23.6849  -23.6756  -17.5245  -17.5244  -17.4990  -17.4865  -17.4772  -17.4712  -17.4700  -17.4625  -17.4551  -17.4529  -17.4460  -17.4407  -17.4352  -17.4331  -17.4178  -17.4135  -17.4122  -17.4088  -17.3764  -17.3746  -12.5946  -11.6489  -11.4315  -10.4923  -10.4864  -10.4493  -10.3545  -10.1986   -7.2626   -5.9966   -5.7857   -5.2636   -4.1009   -3.8722   -3.8567   -3.8558   -3.5465   -3.0421   -2.9297   -2.4118   -2.3410   -2.1927   -2.1089   -2.0692   -1.8254   -1.5561   -1.5429   -1.5155   -1.2230   -0.4932   -0.4338   -0.2461    2.0636    2.1101    2.1344    2.9394    2.9968    3.3202    3.5655    3.7030    3.7345    3.7411    4.0012    4.0850    4.1011    4.2185    4.4567    4.5869    4.7829    4.9581    5.0042    5.2004    5.2090    5.3268    5.3778    5.7466    5.8253    5.9473    5.9649    6.1718    6.3874    6.4792    6.6127    6.7948
  1.9792  -44.1641  -44.1611  -44.1601  -44.1597  -26.2367  -26.2358  -26.2021  -26.2002  -26.1923  -26.1900  -26.1895  -26.1843  -26.1745  -26.1734  -26.1453  -26.1436  -23.7723  -23.7524  -23.7460  -23.7434  -23.7340  -23.7305  -23.7246  -23.7233  -23.7169  -23.6961  -23.6849  -23.6756  -17.5245  -17.5244  -17.4990  -17.4865  -17.4772  -17.4712  -17.4700  -17.4625  -17.4551  -17.4529  -17.4460  -17.4407  -17.4352  -17.4331  -17.4178  -17.4135  -17.4122  -17.4088  -17.3764  -17.3746  -12.5946  -11.6489  -11.4315  -10.4923  -10.4864  -10.4493  -10.3545  -10.1986   -7.2626   -5.9966   -5.7857   -5.2636   -4.1009   -3.8722   -3.8567   -3.8558   -3.5465   -3.0421   -2.9297   -2.4118   -2.3410   -2.1927   -2.1089   -2.0692   -1.8254   -1.5561   -1.5429   -1.5155   -1.2230   -0.4932   -0.4338   -0.2461    2.0636    2.1101    2.1344    2.9394    2.9968    3.3202    3.5656    3.7037    3.7345    3.7411    4.0011    4.0850    4.1011    4.2185    4.4567    4.5869    4.7828    4.9592    5.0055    5.2013    5.2077    5.3254    5.3773    5.7465    5.8247    5.9297    5.9607    6.1569    6.3319    6.4462    6.5771    6.7230
  2.0357  -44.1641  -44.1611  -44.1601  -44.1597  -26.2367  -26.2358  -26.2021  -26.2002  -26.1923  -26.1902  -26.1892  -26.1844  -26.1745  -26.1734  -26.1453  -26.1437  -23.7718  -23.7524  -23.7466  -23.7435  -23.7341  -23.7306  -23.7253  -23.7228  -23.7156  -23.6961  -23.6852  -23.6759  -17.5245  -17.5244  -17.4989  -17.4866  -17.4774  -17.4725  -17.4688  -17.4623  -17.4551  -17.4529  -17.4460  -17.4408  -17.4352  -17.4332  -17.4178  -17.4137  -17.4121  -17.4088  -17.3763  -17.3746  -12.5861  -11.6780  -11.4039  -10.5197  -10.4727  -10.4533  -10.3519  -10.2003   -7.2414   -6.0005   -5.7799   -5.2699   -4.1285   -3.9733   -3.8607   -3.7086   -3.5342   -3.0696   -2.8805   -2.4768   -2.3321   -2.1544   -2.1013   -2.0803   -1.8035   -1.5635   -1.5534   -1.5099   -1.2344   -0.5479   -0.4724   -0.2610    2.0912    2.1393    2.1732    2.9402    2.9891    3.2878    3.5573    3.7266    3.7451    3.7735    3.9082    3.9912    4.1889    4.2640    4.5263    4.6395    4.7701    4.8642    4.9869    5.1938    5.2330    5.3933    5.4618    5.7091    5.8093    5.9189    5.9580    6.1146    6.4053    6.4902    6.6652    6.9073
  2.0922  -44.1639  -44.1612  -44.1600  -44.1598  -26.2367  -26.2359  -26.2020  -26.2003  -26.1923  -26.1905  -26.1889  -26.1845  -26.1745  -26.1735  -26.1452  -26.1437  -23.7705  -23.7523  -23.7481  -23.7439  -23.7342  -23.7309  -23.7264  -23.7214  -23.7130  -23.6965  -23.6861  -23.6767  -17.5245  -17.5244  -17.4986  -17.4869  -17.4778  -17.4740  -17.4671  -17.4618  -17.4550  -17.4529  -17.4462  -17.4410  -17.4351  -17.4332  -17.4177  -17.4139  -17.4119  -17.4089  -17.3763  -17.3747  -12.5606  -11.7395  -11.3477  -10.5630  -10.4850  -10.4479  -10.3448  -10.2056   -7.1790   -6.0129   -5.7621   -5.2870   -4.2104   -3.9993   -3.8701   -3.5890   -3.4656   -3.0875   -2.8125   -2.5553   -2.3501   -2.1723   -2.0836   -2.0145   -1.7612   -1.5954   -1.5699   -1.4970   -1.2544   -0.7511   -0.5231   -0.3010    2.1606    2.1869    2.2954    2.9365    2.9635    3.2054    3.5441    3.7105    3.7675    3.8426    3.9000    3.9771    4.1401    4.3768    4.5820    4.7283    4.7921    4.8025    4.9062    5.2331    5.2805    5.4920    5.5868    5.6823    5.7737    5.8776    5.9667    6.0773    6.3643    6.4685    6.6989    7.0456
  2.1486  -44.1638  -44.1613  -44.1600  -44.1599  -26.2366  -26.2359  -26.2019  -26.2004  -26.1922  -26.1908  -26.1885  -26.1847  -26.1744  -26.1735  -26.1451  -26.1438  -23.7683  -23.7528  -23.7494  -23.7445  -23.7342  -23.7313  -23.7274  -23.7197  -23.7103  -23.6972  -23.6873  -23.6778  -17.5245  -17.5244  -17.4980  -17.4873  -17.4786  -17.4754  -17.4656  -17.4609  -17.4549  -17.4528  -17.4464  -17.4414  -17.4351  -17.4334  -17.4175  -17.4142  -17.4116  -17.4090  -17.3761  -17.3748  -12.5191  -11.8079  -11.2906  -10.6237  -10.5071  -10.4406  -10.3341  -10.2143   -7.0793   -6.0348   -5.7322   -5.3114   -4.2913   -3.9933   -3.8742   -3.5687   -3.3113   -3.0628   -2.8274   -2.5432   -2.3852   -2.2222   -2.0695   -1.9253   -1.7287   -1.6509   -1.5776   -1.4770   -1.2548   -1.0371   -0.5916   -0.3600    2.1840    2.3099    2.4241    2.8693    2.9751    3.1534    3.5276    3.6655    3.6939    3.9601    4.0106    4.0567    4.1506    4.4187    4.5212    4.7025    4.8132    4.9289    4.9872    5.2220    5.3492    5.4886    5.6407    5.6985    5.7909    5.8341    5.9625    6.0038    6.3475    6.4149    6.6777    6.9946
  2.2051  -44.1635  -44.1614  -44.1601  -44.1600  -26.2366  -26.2360  -26.2017  -26.2005  -26.1922  -26.1910  -26.1881  -26.1850  -26.1743  -26.1736  -26.1450  -26.1439  -23.7657  -23.7544  -23.7494  -23.7450  -23.7340  -23.7316  -23.7281  -23.7179  -23.7084  -23.6989  -23.6879  -23.6790  -17.5245  -17.5244  -17.4971  -17.4879  -17.4798  -17.4767  -17.4641  -17.4598  -17.4546  -17.4527  -17.4467  -17.4420  -17.4349  -17.4335  -17.4172  -17.4145  -17.4114  -17.4092  -17.3760  -17.3748  -12.4627  -11.8737  -11.2448  -10.7036  -10.5223  -10.4371  -10.3207  -10.2254   -6.9486   -6.0646   -5.6920   -5.3399   -4.3439   -3.9944   -3.8600   -3.5690   -3.1689   -3.0057   -2.9118   -2.4665   -2.4355   -2.2281   -2.0945   -1.8698   -1.7379   -1.6938   -1.5681   -1.4523   -1.3264   -1.2243   -0.6775   -0.4333    2.1475    2.4650    2.5147    2.8220    3.0110    3.1617    3.4695    3.6317    3.6455    4.0175    4.0703    4.1325    4.3488    4.4315    4.5288    4.6685    4.8266    5.0668    5.1303    5.1501    5.4140    5.4584    5.6048    5.6482    5.7741    5.9094    5.9619    6.0082    6.2834    6.4332    6.5899    6.9340
  2.2615  -44.1632  -44.1615  -44.1602  -44.1600  -26.2365  -26.2361  -26.2015  -26.2006  -26.1921  -26.1911  -26.1878  -26.1854  -26.1742  -26.1737  -26.1449  -26.1440  -23.7629  -23.7558  -23.7488  -23.7454  -23.7338  -23.7317  -23.7287  -23.7167  -23.7073  -23.7013  -23.6876  -23.6802  -17.5245  -17.5244  -17.4961  -17.4884  -17.4811  -17.4781  -17.4626  -17.4589  -17.4541  -17.4525  -17.4470  -17.4429  -17.4348  -17.4337  -17.4169  -17.4148  -17.4111  -17.4095  -17.3758  -17.3749  -12.3936  -11.9328  -11.2153  -10.7999  -10.5243  -10.4365  -10.3065  -10.2378   -6.7954   -6.0983   -5.6452   -5.3708   -4.3635   -4.0213   -3.8164   -3.5601   -3.0935   -3.0380   -2.8800   -2.5303   -2.3708   -2.1899   -2.1502   -1.8914   -1.7971   -1.7028   -1.6446   -1.4729   -1.3751   -1.1768   -0.7692   -0.5180    2.0739    2.5602    2.6042    2.8575    3.0566    3.1988    3.3895    3.5564    3.6850    4.0384    4.1092    4.2331    4.3656    4.5558    4.6725    4.7389    4.8088    5.0110    5.2249    5.2527    5.3865    5.4160    5.5724    5.6157    5.7873    5.8832    5.9911    6.1351    6.3517    6.4421    6.5129    6.8594
  2.3180  -44.1628  -44.1616  -44.1604  -44.1601  -26.2364  -26.2361  -26.2014  -26.2007  -26.1920  -26.1912  -26.1875  -26.1858  -26.1741  -26.1737  -26.1447  -26.1441  -23.7603  -23.7566  -23.7480  -23.7457  -23.7336  -23.7316  -23.7291  -23.7172  -23.7069  -23.7030  -23.6868  -23.6815  -17.5245  -17.5245  -17.4947  -17.4888  -17.4824  -17.4796  -17.4611  -17.4582  -17.4533  -17.4522  -17.4473  -17.4439  -17.4346  -17.4338  -17.4165  -17.4150  -17.4110  -17.4098  -17.3756  -17.3750  -12.3153  -11.9831  -11.2022  -10.9067  -10.5124  -10.4373  -10.2939  -10.2504   -6.6307   -6.1307   -5.5968   -5.4027   -4.3529   -4.0682   -3.7498   -3.5325   -3.1851   -3.0240   -2.7774   -2.6184   -2.3358   -2.2679   -2.1094   -2.0267   -1.8505   -1.7629   -1.6215   -1.4393   -1.3220   -1.1320   -0.8522   -0.6125    2.0283    2.5570    2.6895    2.9662    3.0779    3.2310    3.3489    3.5250    3.7592    4.0791    4.1011    4.2973    4.4363    4.5995    4.7016    4.7506    4.8476    5.0482    5.2288    5.3034    5.3892    5.4237    5.5820    5.6237    5.8167    5.9347    6.0576    6.1477    6.3078    6.4371    6.5903    7.0039
  2.3744  -44.1625  -44.1616  -44.1606  -44.1603  -26.2364  -26.2362  -26.2012  -26.2008  -26.1918  -26.1913  -26.1873  -26.1862  -26.1740  -26.1738  -26.1446  -26.1442  -23.7581  -23.7564  -23.7473  -23.7459  -23.7333  -23.7316  -23.7292  -23.7200  -23.7062  -23.7036  -23.6861  -23.6827  -17.5245  -17.5245  -17.4932  -17.4891  -17.4835  -17.4812  -17.4597  -17.4578  -17.4525  -17.4518  -17.4476  -17.4451  -17.4344  -17.4340  -17.4161  -17.4152  -17.4108  -17.4101  -17.3755  -17.3751  -12.2331  -12.0232  -11.2011  -11.0154  -10.4909  -10.4386  -10.2850  -10.2619   -6.4687   -6.1577   -5.5522   -5.4338   -4.3190   -4.1212   -3.6761   -3.4803   -3.2995   -3.0393   -2.6980   -2.6740   -2.4941   -2.2590   -2.2167   -2.0320   -1.8434   -1.7584   -1.5642   -1.4005   -1.2761   -1.1145   -0.9116   -0.7140    2.0564    2.5226    2.7429    3.0147    3.0788    3.2090    3.4395    3.5729    3.8585    4.0293    4.1735    4.3188    4.4658    4.5308    4.6615    4.8034    4.8468    5.1041    5.2300    5.2917    5.3471    5.5632    5.5887    5.6643    5.9093    5.9232    6.0271    6.0838    6.2152    6.4612    6.5182    6.8252
  2.4309  -44.1621  -44.1616  -44.1607  -44.1605  -26.2364  -26.2362  -26.2011  -26.2009  -26.1916  -26.1913  -26.1871  -26.1866  -26.1739  -26.1738  -26.1445  -26.1443  -23.7565  -23.7556  -23.7468  -23.7461  -23.7329  -23.7316  -23.7292  -23.7238  -23.7049  -23.7036  -23.6855  -23.6839  -17.5245  -17.5245  -17.4916  -17.4892  -17.4845  -17.4830  -17.4585  -17.4576  -17.4516  -17.4511  -17.4480  -17.4465  -17.4343  -17.4341  -17.4158  -17.4154  -17.4107  -17.4104  -17.3753  -17.3752  -12.1561  -12.0523  -11.2058  -11.1139  -10.4667  -10.4396  -10.2804  -10.2712   -6.3273   -6.1771   -5.5170   -5.4610   -4.2729   -4.1686   -3.6112   -3.4457   -3.3511   -3.0997   -2.7724   -2.6858   -2.5640   -2.3126   -2.2444   -2.0846   -1.7705   -1.7142   -1.4901   -1.3684   -1.2497   -1.1425   -0.9374   -0.8163    2.1682    2.4824    2.7723    2.9455    3.1206    3.1791    3.5320    3.7061    3.9194    3.9802    4.2063    4.3035    4.3706    4.5969    4.6615    4.8225    4.8938    5.0922    5.1562    5.2411    5.3345    5.5760    5.6944    5.7639    5.9049    5.9735    6.0672    6.1089    6.2615    6.4362    6.5163    6.8306
  2.4873  -44.1618  -44.1617  -44.1608  -44.1607  -26.2364  -26.2363  -26.2011  -26.2010  -26.1915  -26.1913  -26.1870  -26.1868  -26.1739  -26.1738  -26.1445  -26.1444  -23.7552  -23.7549  -23.7464  -23.7462  -23.7322  -23.7315  -23.7292  -23.7273  -23.7038  -23.7035  -23.6853  -23.6848  -17.5245  -17.5245  -17.4901  -17.4892  -17.4852  -17.4846  -17.4577  -17.4575  -17.4508  -17.4504  -17.4484  -17.4478  -17.4342  -17.4342  -17.4156  -17.4155  -17.4107  -17.4106  -17.3753  -17.3752  -12.0981  -12.0700  -11.2109  -11.1859  -10.4476  -10.4401  -10.2794  -10.2773   -6.2282   -6.1884   -5.4950   -5.4805   -4.2307   -4.2013   -3.5611   -3.5091   -3.2600   -3.1681   -2.8518   -2.8253   -2.4517   -2.3615   -2.2469   -2.1784   -1.6884   -1.6668   -1.4079   -1.3555   -1.2387   -1.1973   -0.9422   -0.9037    2.3340    2.4518    2.7823    2.8523    3.1493    3.1657    3.5662    3.6567    4.0040    4.0927    4.2046    4.2636    4.3932    4.5090    4.7621    4.8459    4.9396    5.0333    5.0664    5.1230    5.4512    5.5508    5.7753    5.8088    5.9345    5.9608    6.0666    6.1493    6.2204    6.2869    6.4732    6.6418
  2.5438  -44.1617  -44.1616  -44.1608  -44.1608  -26.2364  -26.2363  -26.2011  -26.2010  -26.1914  -26.1913  -26.1870  -26.1869  -26.1739  -26.1738  -26.1445  -26.1444  -23.7547  -23.7546  -23.7464  -23.7463  -23.7316  -23.7315  -23.7291  -23.7291  -23.7034  -23.7034  -23.6852  -23.6852  -17.5246  -17.5245  -17.4892  -17.4892  -17.4855  -17.4855  -17.4575  -17.4574  -17.4501  -17.4501  -17.4486  -17.4486  -17.4342  -17.4342  -17.4155  -17.4155  -17.4107  -17.4107  -17.3752  -17.3752  -12.0760  -12.0759  -11.2129  -11.2129  -10.4403  -10.4403  -10.2795  -10.2795   -6.1921   -6.1921   -5.4877   -5.4877   -4.2129   -4.2129   -3.5390   -3.5390   -3.1999   -3.1998   -2.8889   -2.8889   -2.3749   -2.3748   -2.2504   -2.2504   -1.6482   -1.6482   -1.3600   -1.3600   -1.2328   -1.2328   -0.9422   -0.9422    2.4404    2.4404    2.7836    2.7837    3.1625    3.1625    3.5749    3.5750    4.1605    4.1605    4.2045    4.2051    4.4069    4.4116    4.8537    4.8537    4.9972    4.9977    5.0120    5.0162    5.5038    5.5354    5.7240    5.7632    5.9307    5.9460    6.1052    6.1260    6.1823    6.2779    6.4562    6.6044
  2.5438  -44.1620  -44.1620  -44.1605  -44.1604  -26.2364  -26.2363  -26.2012  -26.2011  -26.1918  -26.1917  -26.1865  -26.1865  -26.1738  -26.1738  -26.1444  -26.1443  -23.7592  -23.7592  -23.7477  -23.7477  -23.7363  -23.7363  -23.7233  -23.7232  -23.7015  -23.7015  -23.6822  -23.6822  -17.5242  -17.5241  -17.4944  -17.4944  -17.4716  -17.4715  -17.4683  -17.4683  -17.4533  -17.4533  -17.4431  -17.4431  -17.4343  -17.4343  -17.4162  -17.4162  -17.4100  -17.4100  -17.3754  -17.3754  -11.9605  -11.9604  -11.2020  -11.2020  -10.5542  -10.5542  -10.3786  -10.3786   -6.3738   -6.3738   -5.7188   -5.7187   -3.9115   -3.9115   -3.2152   -3.2152   -3.1218   -3.1218   -2.5554   -2.5554   -2.2427   -2.2427   -1.8281   -1.8280   -1.5135   -1.5134   -1.4561   -1.4561   -1.2741   -1.2741   -0.9549   -0.9549    1.7444    1.7445    2.3033    2.3034    2.6228    2.6229    2.9473    2.9473    3.3959    3.3960    4.0150    4.0150    4.5763    4.5763    4.7482    4.7482    4.8386    4.8388    5.0441    5.0442    5.1259    5.1260    5.5297    5.5298    5.8071    5.8139    6.0204    6.0434    6.5030    6.6383    6.9062    6.9963
  2.6009  -44.1623  -44.1618  -44.1605  -44.1604  -26.2364  -26.2363  -26.2013  -26.2010  -26.1919  -26.1916  -26.1869  -26.1861  -26.1739  -26.1737  -26.1445  -26.1442  -23.7593  -23.7590  -23.7481  -23.7476  -23.7363  -23.7362  -23.7256  -23.7205  -23.7016  -23.7014  -23.6833  -23.6811  -17.5242  -17.5241  -17.4952  -17.4935  -17.4720  -17.4712  -17.4688  -17.4677  -17.4534  -17.4532  -17.4434  -17.4427  -17.4345  -17.4342  -17.4165  -17.4159  -17.4103  -17.4098  -17.3756  -17.3753  -12.0257  -11.9051  -11.2607  -11.1307  -10.5689  -10.5352  -10.3852  -10.3683   -6.4936   -6.2486   -5.7944   -5.6464   -3.9330   -3.9212   -3.3448   -3.1588   -3.1257   -3.0423   -2.5703   -2.5465   -2.2909   -2.2269   -1.8222   -1.7988   -1.5838   -1.5034   -1.4396   -1.4240   -1.2839   -1.2553   -0.9569   -0.9473    1.6577    1.8037    2.3132    2.3322    2.6512    2.6801    2.9378    2.9838    3.3577    3.4103    3.8444    4.1479    4.5351    4.5980    4.6695    4.7180    4.8875    4.9267    5.0379    5.0383    5.1229    5.2437    5.5184    5.5489    5.7962    5.8129    6.0169    6.0194    6.4182    6.5007    6.8912    6.9140
  2.6579  -44.1626  -44.1615  -44.1605  -44.1604  -26.2365  -26.2362  -26.2014  -26.2008  -26.1920  -26.1914  -26.1872  -26.1858  -26.1740  -26.1737  -26.1446  -26.1441  -23.7594  -23.7586  -23.7487  -23.7478  -23.7363  -23.7361  -23.7274  -23.7179  -23.7020  -23.7013  -23.6845  -23.6802  -17.5242  -17.5241  -17.4959  -17.4926  -17.4726  -17.4710  -17.4692  -17.4670  -17.4536  -17.4531  -17.4438  -17.4423  -17.4346  -17.4340  -17.4167  -17.4156  -17.4106  -17.4096  -17.3757  -17.3752  -12.0998  -11.8586  -11.3059  -11.0502  -10.5775  -10.5139  -10.3886  -10.3542   -6.6090   -6.1183   -5.8670   -5.5822   -3.9964   -3.9500   -3.4363   -3.2238   -3.1378   -2.8636   -2.5836   -2.5560   -2.3306   -2.2445   -1.8050   -1.7778   -1.6384   -1.5469   -1.4089   -1.3650   -1.2732   -1.2366   -0.9528   -0.9368    1.5857    1.8231    2.3128    2.4358    2.7783    2.7804    2.9532    3.0416    3.3249    3.3797    3.6963    4.2292    4.5098    4.5693    4.5998    4.6572    4.8327    5.0384    5.1131    5.1296    5.2216    5.3503    5.5250    5.5927    5.7851    5.8110    6.0024    6.0053    6.2508    6.4489    6.8551    7.1274
  2.7150  -44.1629  -44.1613  -44.1605  -44.1603  -26.2365  -26.2362  -26.2016  -26.2007  -26.1921  -26.1912  -26.1876  -26.1855  -26.1740  -26.1736  -26.1447  -26.1440  -23.7601  -23.7579  -23.7490  -23.7482  -23.7362  -23.7359  -23.7285  -23.7160  -23.7027  -23.7008  -23.6857  -23.6793  -17.5243  -17.5241  -17.4966  -17.4916  -17.4733  -17.4708  -17.4695  -17.4663  -17.4538  -17.4530  -17.4442  -17.4420  -17.4347  -17.4339  -17.4170  -17.4152  -17.4108  -17.4094  -17.3758  -17.3751  -12.1796  -11.8189  -11.3392  -10.9655  -10.5784  -10.4924  -10.3892  -10.3361   -6.7209   -5.9849   -5.9298   -5.5303   -4.0966   -3.9894   -3.5003   -3.2923   -3.1614   -2.7404   -2.5924   -2.5611   -2.3010   -2.2790   -1.8565   -1.8051   -1.6137   -1.5934   -1.3987   -1.3039   -1.2578   -1.2032   -0.9343   -0.9323    1.5598    1.8347    2.3093    2.5794    2.9017    2.9055    3.0269    3.1075    3.3201    3.3207    3.6389    4.2671    4.4696    4.5112    4.5313    4.6340    4.7762    5.0772    5.2407    5.2514    5.2811    5.4372    5.5857    5.6095    5.7466    5.8020    5.9505    5.9717    6.1749    6.4839    6.8325    6.9455
  2.7720  -44.1631  -44.1611  -44.1604  -44.1603  -26.2366  -26.2361  -26.2017  -26.2006  -26.1922  -26.1910  -26.1880  -26.1852  -26.1741  -26.1736  -26.1448  -26.1439  -23.7615  -23.7569  -23.7488  -23.7486  -23.7361  -23.7356  -23.7290  -23.7150  -23.7038  -23.6997  -23.6868  -23.6785  -17.5243  -17.5241  -17.4972  -17.4907  -17.4741  -17.4708  -17.4697  -17.4655  -17.4540  -17.4530  -17.4446  -17.4417  -17.4348  -17.4337  -17.4172  -17.4149  -17.4111  -17.4092  -17.3759  -17.3750  -12.2611  -11.7840  -11.3636  -10.8818  -10.5711  -10.4727  -10.3874  -10.3144   -6.8294   -5.9771   -5.8520   -5.4959   -4.2087   -4.0298   -3.5714   -3.3226   -3.1969   -2.7549   -2.6524   -2.4806   -2.3199   -2.1469   -1.9795   -1.8238   -1.6551   -1.5763   -1.3822   -1.2690   -1.2521   -1.1573   -0.9422   -0.8884    1.5999    1.8626    2.3079    2.7202    2.9081    3.0175    3.1727    3.1786    3.3297    3.3612    3.6892    4.2615    4.4062    4.4245    4.4652    4.6547    4.7881    5.0552    5.2375    5.3117    5.3458    5.5057    5.5903    5.6077    5.7141    5.8101    5.8741    5.9224    6.0966    6.4355    6.8091    7.0197
  2.8291  -44.1634  -44.1611  -44.1603  -44.1602  -26.2366  -26.2360  -26.2018  -26.2005  -26.1923  -26.1908  -26.1883  -26.1850  -26.1742  -26.1735  -26.1450  -26.1439  -23.7635  -23.7557  -23.7489  -23.7480  -23.7359  -23.7352  -23.7290  -23.7152  -23.7053  -23.6982  -23.6876  -23.6778  -17.5244  -17.5242  -17.4977  -17.4897  -17.4748  -17.4708  -17.4698  -17.4648  -17.4542  -17.4530  -17.4449  -17.4414  -17.4349  -17.4336  -17.4173  -17.4146  -17.4114  -17.4091  -17.3760  -17.3749  -12.3398  -11.7525  -11.3820  -10.8030  -10.5559  -10.4563  -10.3837  -10.2900   -6.9326   -6.0068   -5.7266   -5.4843   -4.3006   -4.0615   -3.6656   -3.3043   -3.2423   -2.8286   -2.7236   -2.4036   -2.3595   -2.1318   -1.8917   -1.8519   -1.7330   -1.5551   -1.3600   -1.2755   -1.2530   -1.1306   -0.9475   -0.8112    1.7132    1.9115    2.2991    2.8180    2.8892    3.1015    3.2326    3.2330    3.4599    3.4919    3.8237    4.2073    4.3499    4.3536    4.4056    4.6860    4.8340    5.0012    5.1560    5.2141    5.3338    5.5500    5.6488    5.6563    5.7034    5.7650    5.8552    5.9321    6.0664    6.3498    6.7943    6.9628
  2.8862  -44.1636  -44.1610  -44.1602  -44.1602  -26.2366  -26.2360  -26.2019  -26.2004  -26.1923  -26.1906  -26.1886  -26.1848  -26.1743  -26.1735  -26.1451  -26.1438  -23.7657  -23.7544  -23.7490  -23.7469  -23.7357  -23.7345  -23.7287  -23.7163  -23.7071  -23.6969  -23.6879  -23.6771  -17.5244  -17.5242  -17.4981  -17.4889  -17.4754  -17.4709  -17.4699  -17.4642  -17.4545  -17.4530  -17.4452  -17.4412  -17.4350  -17.4334  -17.4175  -17.4143  -17.4116  -17.4090  -17.3761  -17.3748  -12.4122  -11.7241  -11.3967  -10.7314  -10.5346  -10.4445  -10.3786  -10.2650   -7.0272   -6.0201   -5.6280   -5.4873   -4.3461   -4.0777   -3.7647   -3.2905   -3.2730   -2.9282   -2.7819   -2.3907   -2.3567   -2.2430   -1.8847   -1.8161   -1.6738   -1.5216   -1.3382   -1.3218   -1.2270   -1.2029   -0.8809   -0.7130    1.8893    1.9748    2.2713    2.8100    2.9069    3.1953    3.2845    3.2867    3.5792    3.6491    3.9574    4.1478    4.2767    4.3662    4.3688    4.7213    4.8751    4.9081    4.9928    5.1963    5.2557    5.4932    5.6760    5.6795    5.7556    5.7912    5.8194    5.9725    6.0576    6.2813    6.6653    6.7973
  2.9432  -44.1638  -44.1610  -44.1601  -44.1600  -26.2366  -26.2359  -26.2020  -26.2003  -26.1923  -26.1904  -26.1889  -26.1846  -26.1744  -26.1735  -26.1451  -26.1437  -23.7679  -23.7533  -23.7488  -23.7457  -23.7354  -23.7336  -23.7282  -23.7178  -23.7092  -23.6961  -23.6875  -23.6766  -17.5244  -17.5243  -17.4984  -17.4881  -17.4760  -17.4709  -17.4700  -17.4636  -17.4547  -17.4529  -17.4455  -17.4410  -17.4351  -17.4333  -17.4176  -17.4140  -17.4118  -17.4089  -17.3762  -17.3747  -12.4750  -11.6990  -11.4086  -10.6679  -10.5102  -10.4384  -10.3726  -10.2419   -7.1093   -6.0209   -5.6163   -5.4462   -4.3339   -4.0771   -3.8514   -3.3413   -3.2762   -3.0348   -2.7886   -2.4589   -2.4086   -2.2134   -1.9292   -1.8859   -1.6015   -1.4514   -1.3977   -1.3417   -1.3196   -1.0797   -0.7733   -0.6090    2.0394    2.0946    2.2384    2.6978    2.9724    3.2387    3.3527    3.4142    3.6590    3.7504    3.9691    4.0931    4.1846    4.4141    4.4997    4.7288    4.7742    4.8728    4.9880    5.1210    5.2133    5.3555    5.6964    5.7068    5.8064    5.8488    5.8627    5.9657    6.1386    6.1483    6.6482    6.7097
  3.0003  -44.1639  -44.1611  -44.1601  -44.1599  -26.2367  -26.2359  -26.2020  -26.2003  -26.1923  -26.1902  -26.1891  -26.1845  -26.1744  -26.1735  -26.1452  -26.1437  -23.7697  -23.7527  -23.7481  -23.7447  -23.7351  -23.7324  -23.7275  -23.7196  -23.7116  -23.6958  -23.6867  -23.6762  -17.5245  -17.5243  -17.4987  -17.4874  -17.4765  -17.4711  -17.4700  -17.4632  -17.4549  -17.4529  -17.4457  -17.4409  -17.4351  -17.4332  -17.4177  -17.4138  -17.4120  -17.4088  -17.3763  -17.3747  -12.5262  -11.6781  -11.4183  -10.6122  -10.4862  -10.4390  -10.3663  -10.2228   -7.1756   -6.0146   -5.6698   -5.3731   -4.2682   -4.0689   -3.9083   -3.4170   -3.3352   -3.1118   -2.7237   -2.6014   -2.4115   -2.1532   -1.9939   -1.9308   -1.5866   -1.5468   -1.4441   -1.4388   -1.2911   -0.8284   -0.6648   -0.5101    2.0897    2.1431    2.3737    2.5256    3.0578    3.2473    3.4208    3.5701    3.7190    3.8046    3.9102    4.0148    4.1042    4.4828    4.5647    4.7406    4.8147    4.8432    4.9493    5.0137    5.2483    5.2608    5.7030    5.7354    5.8034    5.8697    5.9287    5.9448    6.1300    6.2593    6.5688    6.6434
  3.0573  -44.1640  -44.1611  -44.1601  -44.1598  -26.2367  -26.2359  -26.2021  -26.2003  -26.1923  -26.1901  -26.1893  -26.1844  -26.1745  -26.1734  -26.1453  -26.1437  -23.7711  -23.7525  -23.7471  -23.7439  -23.7346  -23.7314  -23.7265  -23.7214  -23.7139  -23.6959  -23.6858  -23.6759  -17.5245  -17.5243  -17.4989  -17.4869  -17.4769  -17.4712  -17.4700  -17.4628  -17.4550  -17.4529  -17.4459  -17.4408  -17.4351  -17.4332  -17.4178  -17.4137  -17.4121  -17.4088  -17.3763  -17.3747  -12.5638  -11.6622  -11.4255  -10.5639  -10.4665  -10.4474  -10.3604  -10.2092   -7.2238   -6.0060   -5.7287   -5.3132   -4.1603   -4.0752   -3.9129   -3.5419   -3.4244   -3.1246   -2.7392   -2.6095   -2.4010   -2.1067   -2.0559   -1.9855   -1.7072   -1.5741   -1.5005   -1.4674   -1.2582   -0.5931   -0.5743   -0.4146    2.1032    2.1165    2.3353    2.5985    3.1090    3.2692    3.4826    3.6524    3.7894    3.7975    3.9051    3.9889    4.0487    4.3472    4.6941    4.7205    4.7979    4.8399    4.9088    5.0044    5.2409    5.3194    5.6448    5.7565    5.7635    5.8766    5.9678    5.9782    6.2959    6.4689    6.5645    6.7732
  3.1144  -44.1641  -44.1611  -44.1601  -44.1597  -26.2367  -26.2358  -26.2021  -26.2002  -26.1923  -26.1900  -26.1894  -26.1843  -26.1745  -26.1734  -26.1453  -26.1436  -23.7720  -23.7524  -23.7463  -23.7435  -23.7342  -23.7307  -23.7253  -23.7227  -23.7160  -23.6960  -23.6851  -23.6757  -17.5245  -17.5244  -17.4990  -17.4866  -17.4771  -17.4712  -17.4700  -17.4626  -17.4551  -17.4529  -17.4460  -17.4407  -17.4352  -17.4331  -17.4178  -17.4136  -17.4122  -17.4088  -17.3764  -17.3746  -12.5869  -11.6523  -11.4299  -10.5230  -10.4640  -10.4537  -10.3561  -10.2012   -7.2529   -5.9991   -5.7707   -5.2761   -4.0928   -4.0222   -3.8785   -3.6991   -3.5085   -3.0850   -2.8607   -2.4777   -2.3805   -2.1120   -2.0786   -2.0783   -1.8012   -1.5572   -1.5415   -1.4965   -1.2327   -0.5143   -0.4648   -0.3038    2.0739    2.1228    2.1821    2.8014    3.0793    3.3030    3.5399    3.6863    3.7524    3.7676    3.9842    4.0134    4.1168    4.2168    4.5579    4.6259    4.7889    4.9655    4.9829    5.0317    5.2301    5.3627    5.4863    5.7505    5.8362    5.9403    5.9993    6.1543    6.4162    6.5640    6.6874    7.0624
  3.1714  -44.1641  -44.1611  -44.1601  -44.1597  -26.2367  -26.2358  -26.2021  -26.2002  -26.1923  -26.1900  -26.1895  -26.1843  -26.1745  -26.1734  -26.1453  -26.1436  -23.7723  -23.7524  -23.7460  -23.7434  -23.7340  -23.7305  -23.7246  -23.7233  -23.7169  -23.6961  -23.6849  -23.6756  -17.5245  -17.5244  -17.4990  -17.4865  -17.4772  -17.4712  -17.4700  -17.4625  -17.4551  -17.4529  -17.4460  -17.4407  -17.4352  -17.4331  -17.4178  -17.4135  -17.4122  -17.4088  -17.3764  -17.3746  -12.5946  -11.6489  -11.4315  -10.4923  -10.4864  -10.4493  -10.3545  -10.1986   -7.2626   -5.9966   -5.7857   -5.2636   -4.1009   -3.8722   -3.8567   -3.8558   -3.5465   -3.0421   -2.9297   -2.4118   -2.3410   -2.1927   -2.1089   -2.0692   -1.8254   -1.5561   -1.5429   -1.5155   -1.2230   -0.4932   -0.4338   -0.2461    2.0636    2.1101    2.1344    2.9394    2.9968    3.3202    3.5655    3.7032    3.7345    3.7411    4.0011    4.0850    4.1011    4.2185    4.4567    4.5869    4.7828    4.9577    5.0041    5.2059    5.2099    5.3272    5.3784    5.7463    5.8263    5.9284    5.9607    6.1517    6.3877    6.5144    6.5938    6.9623
  3.1714  -44.1641  -44.1611  -44.1601  -44.1597  -26.2367  -26.2358  -26.2021  -26.2002  -26.1923  -26.1900  -26.1895  -26.1843  -26.1745  -26.1734  -26.1453  -26.1436  -23.7723  -23.7524  -23.7460  -23.7434  -23.7340  -23.7305  -23.7246  -23.7233  -23.7169  -23.6961  -23.6849  -23.6756  -17.5245  -17.5244  -17.4990  -17.4865  -17.4772  -17.4712  -17.4700  -17.4625  -17.4551  -17.4529  -17.4460  -17.4407  -17.4352  -17.4331  -17.4178  -17.4135  -17.4122  -17.4088  -17.3764  -17.3746  -12.5946  -11.6489  -11.4315  -10.4923  -10.4864  -10.4493  -10.3545  -10.1986   -7.2626   -5.9966   -5.7857   -5.2636   -4.1009   -3.8722   -3.8567   -3.8558   -3.5465   -3.0421   -2.9297   -2.4118   -2.3410   -2.1927   -2.1089   -2.0692   -1.8254   -1.5561   -1.5429   -1.5155   -1.2230   -0.4932   -0.4338   -0.2461    2.0636    2.1101    2.1344    2.9394    2.9968    3.3202    3.5656    3.7054    3.7345    3.7411    4.0011    4.0850    4.1011    4.2185    4.4567    4.5869    4.7827    4.9584    5.0047    5.2019    5.2078    5.3254    5.3776    5.7461    5.8265    5.9334    5.9719    6.1436    6.3320    6.4560    6.5829    6.7845
  3.2299  -44.1641  -44.1611  -44.1601  -44.1597  -26.2367  -26.2358  -26.2021  -26.2002  -26.1923  -26.1902  -26.1892  -26.1843  -26.1745  -26.1734  -26.1453  -26.1436  -23.7722  -23.7524  -23.7463  -23.7434  -23.7339  -23.7303  -23.7245  -23.7234  -23.7167  -23.6962  -23.6850  -23.6759  -17.5245  -17.5244  -17.4989  -17.4864  -17.4774  -17.4725  -17.4688  -17.4623  -17.4552  -17.4529  -17.4461  -17.4407  -17.4352  -17.4331  -17.4178  -17.4136  -17.4121  -17.4088  -17.3764  -17.3746  -12.5862  -11.6723  -11.4103  -10.4975  -10.4813  -10.4594  -10.3547  -10.2026   -7.2564   -6.0189   -5.7661   -5.2628   -4.1129   -3.8873   -3.8503   -3.8070   -3.5514   -3.0383   -2.9074   -2.4072   -2.3860   -2.1869   -2.1061   -2.0600   -1.7732   -1.5575   -1.5542   -1.5087   -1.2264   -0.5341   -0.4515   -0.3041    2.0899    2.1322    2.1811    2.8119    3.0963    3.3275    3.5304    3.7074    3.7499    3.7690    3.9600    4.0827    4.1150    4.2052    4.5273    4.5842    4.7814    4.8539    5.0641    5.1064    5.2276    5.3605    5.4478    5.7193    5.8214    5.9341    5.9488    6.0725    6.3020    6.4338    6.5782    6.7935
  3.2884  -44.1640  -44.1612  -44.1600  -44.1597  -26.2367  -26.2358  -26.2021  -26.2003  -26.1923  -26.1905  -26.1889  -26.1844  -26.1745  -26.1735  -26.1453  -26.1437  -23.7718  -23.7523  -23.7470  -23.7435  -23.7335  -23.7299  -23.7239  -23.7238  -23.7162  -23.6966  -23.6851  -23.6765  -17.5245  -17.5243  -17.4986  -17.4863  -17.4781  -17.4742  -17.4672  -17.4615  -17.4553  -17.4528  -17.4464  -17.4409  -17.4352  -17.4332  -17.4178  -17.4139  -17.4119  -17.4088  -17.3764  -17.3746  -12.5615  -11.7245  -11.3650  -10.5069  -10.4885  -10.4699  -10.3579  -10.2141   -7.2380   -6.0827   -5.7095   -5.2576   -4.1339   -3.8838   -3.8344   -3.7311   -3.5511   -3.0310   -2.8522   -2.4772   -2.3833   -2.2217   -2.1089   -1.9764   -1.6717   -1.5785   -1.5561   -1.4965   -1.2350   -0.6874   -0.5079   -0.4064    2.1299    2.1708    2.3470    2.6459    3.1823    3.3392    3.4762    3.6941    3.7756    3.8330    3.8934    4.0167    4.1541    4.2747    4.5535    4.6387    4.7010    4.8302    5.0363    5.1239    5.2025    5.3803    5.5195    5.6876    5.7908    5.8808    5.9586    5.9908    6.3101    6.4732    6.5866    6.7608
  3.3469  -44.1640  -44.1614  -44.1599  -44.1597  -26.2367  -26.2358  -26.2020  -26.2003  -26.1923  -26.1908  -26.1885  -26.1844  -26.1744  -26.1735  -26.1452  -26.1437  -23.7712  -23.7520  -23.7481  -23.7437  -23.7327  -23.7293  -23.7243  -23.7229  -23.7156  -23.6973  -23.6853  -23.6776  -17.5244  -17.5243  -17.4982  -17.4860  -17.4792  -17.4757  -17.4658  -17.4603  -17.4554  -17.4527  -17.4468  -17.4411  -17.4352  -17.4332  -17.4178  -17.4142  -17.4116  -17.4088  -17.3764  -17.3747  -12.5214  -11.7849  -11.3165  -10.5389  -10.5028  -10.4635  -10.3666  -10.2309   -7.2079   -6.1789   -5.6229   -5.2411   -4.1431   -3.8733   -3.8135   -3.6566   -3.5172   -3.0320   -2.7863   -2.5516   -2.4112   -2.2032   -2.1110   -1.8809   -1.6113   -1.5915   -1.5345   -1.4715   -1.2473   -0.9368   -0.5997   -0.4901    2.1305    2.2853    2.4851    2.5429    3.2077    3.3407    3.4587    3.6742    3.7216    3.8774    3.9030    3.9734    4.2298    4.3706    4.5123    4.5809    4.7148    4.8977    5.0365    5.1503    5.1881    5.3334    5.5048    5.6073    5.7642    5.8681    5.9416    5.9704    6.3410    6.5407    6.7006    6.8207
  3.4053  -44.1639  -44.1615  -44.1599  -44.1597  -26.2367  -26.2359  -26.2020  -26.2004  -26.1924  -26.1911  -26.1880  -26.1845  -26.1744  -26.1736  -26.1451  -26.1438  -23.7703  -23.7518  -23.7496  -23.7440  -23.7317  -23.7287  -23.7248  -23.7215  -23.7152  -23.6982  -23.6856  -23.6789  -17.5243  -17.5243  -17.4975  -17.4857  -17.4806  -17.4770  -17.4644  -17.4588  -17.4556  -17.4525  -17.4474  -17.4416  -17.4351  -17.4333  -17.4177  -17.4145  -17.4113  -17.4088  -17.3764  -17.3747  -12.4679  -11.8447  -11.2736  -10.5904  -10.5093  -10.4581  -10.3781  -10.2502   -7.1677   -6.2946   -5.5185   -5.2057   -4.1310   -3.8686   -3.7841   -3.5867   -3.4484   -3.0467   -2.7503   -2.6212   -2.4238   -2.1868   -2.0735   -1.8117   -1.6539   -1.5691   -1.5073   -1.4212   -1.2824   -1.1417   -0.7154   -0.5777    2.1231    2.3543    2.4199    2.7167    3.1534    3.3410    3.4870    3.6191    3.6899    3.8822    3.9450    4.0161    4.2619    4.3999    4.4856    4.5819    4.7694    4.9277    5.0123    5.1686    5.1907    5.3197    5.4328    5.5742    5.7961    5.8802    5.9334    5.9685    6.2913    6.6219    6.6866    6.8588
  3.4638  -44.1637  -44.1617  -44.1598  -44.1597  -26.2367  -26.2359  -26.2019  -26.2005  -26.1924  -26.1914  -26.1876  -26.1846  -26.1743  -26.1736  -26.1450  -26.1438  -23.7692  -23.7514  -23.7513  -23.7445  -23.7304  -23.7281  -23.7252  -23.7195  -23.7149  -23.6992  -23.6860  -23.6806  -17.5243  -17.5242  -17.4967  -17.4853  -17.4823  -17.4781  -17.4632  -17.4571  -17.4558  -17.4523  -17.4481  -17.4422  -17.4350  -17.4334  -17.4176  -17.4148  -17.4111  -17.4089  -17.3763  -17.3748  -12.4039  -11.8999  -11.2393  -10.6544  -10.5154  -10.4553  -10.3864  -10.2694   -7.1201   -6.4168   -5.4102   -5.1470   -4.0957   -3.8697   -3.7360   -3.5223   -3.3648   -3.0678   -2.8047   -2.6579   -2.3830   -2.2302   -1.9970   -1.7845   -1.7350   -1.5897   -1.5304   -1.3596   -1.3121   -1.1762   -0.8445   -0.6795    2.1023    2.2823    2.5258    2.8489    3.0930    3.3374    3.4912    3.5700    3.7535    3.9079    3.9751    4.0703    4.2403    4.2961    4.5830    4.6081    4.7857    4.9166    4.9836    5.1412    5.1473    5.3850    5.5325    5.5594    5.7989    5.8749    5.9140    5.9366    6.1470    6.5941    6.6912    6.9267
  3.5223  -44.1636  -44.1619  -44.1598  -44.1597  -26.2366  -26.2359  -26.2018  -26.2006  -26.1925  -26.1916  -26.1872  -26.1847  -26.1742  -26.1737  -26.1449  -26.1439  -23.7678  -23.7531  -23.7509  -23.7451  -23.7291  -23.7274  -23.7256  -23.7172  -23.7151  -23.7003  -23.6864  -23.6823  -17.5242  -17.5241  -17.4958  -17.4848  -17.4841  -17.4790  -17.4620  -17.4561  -17.4554  -17.4520  -17.4489  -17.4431  -17.4349  -17.4335  -17.4175  -17.4152  -17.4108  -17.4090  -17.3763  -17.3748  -12.3335  -11.9486  -11.2124  -10.7308  -10.5198  -10.4560  -10.3873  -10.2871   -7.0685   -6.5348   -5.3060   -5.0711   -4.0406   -3.8676   -3.6661   -3.4743   -3.2802   -3.0861   -2.9086   -2.6672   -2.4308   -2.2502   -1.9486   -1.8255   -1.7858   -1.6285   -1.4819   -1.3331   -1.2649   -1.1749   -0.9725   -0.7946    2.0773    2.2541    2.5720    2.9273    3.1177    3.3178    3.4810    3.5734    3.8202    3.9419    4.0316    4.1263    4.2308    4.2523    4.5380    4.5741    4.7938    4.9319    4.9855    5.0934    5.1639    5.3592    5.5002    5.7199    5.7394    5.8154    5.9227    5.9647    6.1462    6.5869    6.6390    6.8227
  3.5808  -44.1634  -44.1622  -44.1597  -44.1597  -26.2366  -26.2360  -26.2017  -26.2008  -26.1925  -26.1918  -26.1868  -26.1849  -26.1741  -26.1737  -26.1448  -26.1440  -23.7663  -23.7550  -23.7503  -23.7458  -23.7282  -23.7261  -23.7259  -23.7158  -23.7146  -23.7015  -23.6867  -23.6839  -17.5241  -17.5241  -17.4947  -17.4859  -17.4842  -17.4799  -17.4609  -17.4564  -17.4538  -17.4517  -17.4496  -17.4441  -17.4347  -17.4336  -17.4173  -17.4155  -17.4105  -17.4091  -17.3761  -17.3750  -12.2618  -11.9904  -11.1881  -10.8170  -10.5196  -10.4606  -10.3811  -10.3030   -7.0165   -6.6410   -5.2049   -4.9968   -3.9741   -3.8582   -3.5792   -3.4386   -3.2289   -3.1121   -2.9635   -2.7243   -2.5562   -2.2787   -1.9318   -1.8157   -1.7776   -1.6247   -1.4403   -1.3300   -1.2271   -1.1748   -1.0704   -0.9166    2.0567    2.2226    2.6109    2.9436    3.2310    3.3077    3.4959    3.6054    3.8469    3.9558    4.0781    4.1889    4.2352    4.3243    4.4122    4.4964    4.7996    4.9165    4.9584    5.0589    5.1948    5.3121    5.4420    5.6520    5.7547    5.8789    5.9852    6.1174    6.3427    6.5597    6.8295    6.9025
  3.6392  -44.1632  -44.1624  -44.1597  -44.1597  -26.2365  -26.2361  -26.2016  -26.2009  -26.1924  -26.1920  -26.1864  -26.1851  -26.1740  -26.1738  -26.1447  -26.1442  -23.7647  -23.7570  -23.7496  -23.7465  -23.7276  -23.7263  -23.7244  -23.7170  -23.7119  -23.7029  -23.6870  -23.6853  -17.5241  -17.5240  -17.4935  -17.4876  -17.4836  -17.4808  -17.4598  -17.4568  -17.4525  -17.4510  -17.4503  -17.4453  -17.4345  -17.4338  -17.4171  -17.4159  -17.4102  -17.4093  -17.3760  -17.3752  -12.1951  -12.0262  -11.1596  -10.9065  -10.5139  -10.4686  -10.3705  -10.3175   -6.9660   -6.7311   -5.1064   -4.9451   -3.9087   -3.8445   -3.4944   -3.3936   -3.2671   -3.1167   -2.9462   -2.8750   -2.6006   -2.3503   -1.9045   -1.7891   -1.7411   -1.6114   -1.4246   -1.3453   -1.2517   -1.1582   -1.1005   -1.0239    2.0399    2.1540    2.7149    2.9284    3.3009    3.4102    3.5275    3.6301    3.8825    3.9536    4.0926    4.1569    4.2239    4.2934    4.4121    4.5436    4.7203    4.8728    4.9459    5.0002    5.1862    5.2759    5.4030    5.6046    5.7758    5.9426    6.0075    6.1772    6.2962    6.4697    6.5880    6.7799
  3.6977  -44.1630  -44.1626  -44.1597  -44.1596  -26.2364  -26.2362  -26.2014  -26.2011  -26.1924  -26.1922  -26.1860  -26.1854  -26.1740  -26.1738  -26.1446  -26.1443  -23.7629  -23.7590  -23.7489  -23.7473  -23.7272  -23.7266  -23.7224  -23.7186  -23.7093  -23.7047  -23.6871  -23.6863  -17.5240  -17.5240  -17.4922  -17.4892  -17.4830  -17.4816  -17.4589  -17.4573  -17.4519  -17.4509  -17.4497  -17.4467  -17.4343  -17.4339  -17.4168  -17.4162  -17.4099  -17.4095  -17.3758  -17.3754  -12.1387  -12.0591  -11.1197  -10.9912  -10.5039  -10.4795  -10.3579  -10.3313   -6.9166   -6.8047   -5.0184   -4.9295   -3.8596   -3.8345   -3.4352   -3.3394   -3.3179   -3.1237   -2.9966   -2.9342   -2.5816   -2.4362   -1.8630   -1.8020   -1.6930   -1.6102   -1.4289   -1.3651   -1.2639   -1.1933   -1.0888   -1.0675    2.0307    2.0822    2.8351    2.9104    3.3760    3.5116    3.5620    3.6429    3.9232    3.9598    4.0650    4.1079    4.1537    4.2813    4.3623    4.5117    4.7572    4.8303    4.9801    5.0476    5.0922    5.2704    5.3446    5.4944    5.8660    6.0217    6.1782    6.2320    6.2981    6.4572    6.5342    6.8355
  3.7562  -44.1628  -44.1628  -44.1597  -44.1596  -26.2364  -26.2363  -26.2013  -26.2012  -26.1923  -26.1923  -26.1857  -26.1857  -26.1739  -26.1738  -26.1445  -26.1444  -23.7610  -23.7610  -23.7482  -23.7481  -23.7269  -23.7269  -23.7204  -23.7204  -23.7068  -23.7068  -23.6869  -23.6869  -17.5240  -17.5240  -17.4908  -17.4908  -17.4823  -17.4823  -17.4580  -17.4580  -17.4514  -17.4514  -17.4481  -17.4481  -17.4341  -17.4341  -17.4165  -17.4165  -17.4097  -17.4097  -17.3756  -17.3756  -12.0945  -12.0944  -11.0637  -11.0637  -10.4918  -10.4918  -10.3447  -10.3447   -6.8647   -6.8647   -4.9553   -4.9553   -3.8363   -3.8363   -3.3907   -3.3907   -3.2228   -3.2227   -2.9715   -2.9715   -2.5189   -2.5189   -1.8272   -1.8272   -1.6475   -1.6475   -1.4006   -1.4006   -1.2422   -1.2422   -1.0756   -1.0755    2.0403    2.0403    2.8954    2.8956    3.4655    3.4655    3.6340    3.6341    3.9397    3.9398    4.0821    4.0825    4.1784    4.1788    4.4036    4.4039    4.8078    4.8078    5.0384    5.0427    5.1837    5.1839    5.3669    5.3699    5.9931    5.9957    6.1992    6.2796    6.3283    6.4015    6.5824    6.7709
