#K-Path     Band-1    Band-2    Band-3    Band-4      ...     Band-n
  0.0000  -44.1641  -44.1611  -44.1601  -44.1597  -26.2367  -26.2358  -26.2021  -26.2002  -26.1923  -26.1900  -26.1895  -26.1843  -26.1745  -26.1734  -26.1453  -26.1436  -23.7723  -23.7524  -23.7460  -23.7434  -23.7340  -23.7305  -23.7246  -23.7233  -23.7169  -23.6961  -23.6849  -23.6756  -17.5245  -17.5244  -17.4990  -17.4865  -17.4772  -17.4712  -17.4700  -17.4625  -17.4551  -17.4529  -17.4460  -17.4407  -17.4352  -17.4331  -17.4178  -17.4135  -17.4122  -17.4088  -17.3764  -17.3746  -12.5946  -11.6489  -11.4315  -10.4923  -10.4864  -10.4493  -10.3545  -10.1986   -7.2626   -5.9966   -5.7857   -5.2636   -4.1009   -3.8722   -3.8567   -3.8558   -3.5465   -3.0421   -2.9297   -2.4117   -2.3410   -2.1927   -2.1089   -2.0692   -1.8254   -1.5561   -1.5429   -1.5155   -1.2230   -0.4932   -0.4338   -0.2461    2.0636    2.1101    2.1344    2.9394    2.9968    3.3202    3.5655    3.7031    3.7345    3.7411    4.0011    4.0850    4.1011    4.2185    4.4567    4.5869    4.7827    4.9587    5.0057    5.2011    5.2089    5.3254    5.3781    5.7468    5.8245    5.9322    5.9665    6.1354    6.3572    6.4972    6.5945    6.8070
  0.0576  -44.1641  -44.1611  -44.1601  -44.1597  -26.2367  -26.2358  -26.2021  -26.2002  -26.1923  -26.1900  -26.1894  -26.1843  -26.1745  -26.1734  -26.1453  -26.1436  -23.7723  -23.7524  -23.7460  -23.7434  -23.7340  -23.7305  -23.7246  -23.7233  -23.7169  -23.6961  -23.6849  -23.6756  -17.5245  -17.5243  -17.4990  -17.4865  -17.4772  -17.4713  -17.4700  -17.4625  -17.4552  -17.4529  -17.4460  -17.4407  -17.4352  -17.4331  -17.4179  -17.4136  -17.4122  -17.4088  -17.3764  -17.3746  -12.5868  -11.6459  -11.4371  -10.4992  -10.4789  -10.4585  -10.3570  -10.2037   -7.2629   -6.0102   -5.7617   -5.2680   -4.0883   -3.9082   -3.8569   -3.8164   -3.5404   -3.0480   -2.8998   -2.4145   -2.3919   -2.1729   -2.0880   -2.0603   -1.7800   -1.5536   -1.5409   -1.5047   -1.2259   -0.5076   -0.4543   -0.3290    2.0700    2.1285    2.1916    2.7679    3.1275    3.3254    3.5287    3.6938    3.7327    3.7736    3.9963    4.0473    4.1399    4.1444    4.5432    4.5945    4.7670    4.8737    5.0782    5.1167    5.2308    5.3117    5.4402    5.7424    5.8165    5.9269    5.9576    6.0599    6.3522    6.3591    6.5779    6.8287
  0.1152  -44.1641  -44.1611  -44.1601  -44.1597  -26.2367  -26.2358  -26.2021  -26.2002  -26.1923  -26.1900  -26.1894  -26.1843  -26.1745  -26.1734  -26.1453  -26.1436  -23.7723  -23.7525  -23.7460  -23.7434  -23.7340  -23.7304  -23.7246  -23.7233  -23.7169  -23.6961  -23.6849  -23.6756  -17.5244  -17.5243  -17.4990  -17.4864  -17.4772  -17.4713  -17.4701  -17.4625  -17.4552  -17.4528  -17.4460  -17.4407  -17.4352  -17.4331  -17.4179  -17.4136  -17.4122  -17.4087  -17.3765  -17.3746  -12.5637  -11.6372  -11.4544  -10.5074  -10.4825  -10.4691  -10.3656  -10.2182   -7.2629   -6.0499   -5.6969   -5.2754   -4.0552   -3.9421   -3.8575   -3.7695   -3.5183   -3.0557   -2.8222   -2.5313   -2.3557   -2.1915   -2.0361   -2.0071   -1.6703   -1.5731   -1.4980   -1.4878   -1.2321   -0.6064   -0.5489   -0.4479    2.0888    2.1185    2.3833    2.5376    3.2349    3.3369    3.4389    3.6900    3.7199    3.8275    3.9402    4.0185    4.0981    4.1659    4.6076    4.6881    4.7408    4.8240    4.9163    5.2057    5.2131    5.2915    5.4839    5.7257    5.7392    5.8286    5.9492    6.0038    6.2874    6.4733    6.6825    6.8229
  0.1728  -44.1641  -44.1611  -44.1601  -44.1597  -26.2368  -26.2358  -26.2022  -26.2002  -26.1924  -26.1901  -26.1894  -26.1842  -26.1745  -26.1735  -26.1453  -26.1436  -23.7723  -23.7526  -23.7460  -23.7434  -23.7340  -23.7304  -23.7246  -23.7232  -23.7169  -23.6961  -23.6849  -23.6756  -17.5244  -17.5243  -17.4989  -17.4863  -17.4772  -17.4713  -17.4702  -17.4626  -17.4553  -17.4527  -17.4460  -17.4407  -17.4352  -17.4331  -17.4180  -17.4136  -17.4121  -17.4087  -17.3766  -17.3745  -12.5267  -11.6239  -11.4846  -10.5144  -10.5123  -10.4599  -10.3817  -10.2400   -7.2604   -6.1114   -5.6162   -5.2663   -4.0153   -3.9618   -3.8548   -3.7231   -3.4683   -3.0646   -2.7053   -2.6512   -2.3325   -2.2010   -2.0036   -1.9001   -1.6031   -1.5406   -1.4750   -1.4331   -1.2359   -0.9037   -0.6123   -0.5107    2.0970    2.1167    2.2999    2.5984    3.1777    3.3441    3.4466    3.6932    3.7032    3.7803    3.9609    3.9722    4.1403    4.1913    4.6067    4.6634    4.7898    4.8580    4.8759    5.0915    5.1861    5.3422    5.4021    5.6509    5.7387    5.8050    5.9450    6.0184    6.2999    6.6351    6.6998    6.9639
  0.2304  -44.1641  -44.1611  -44.1601  -44.1597  -26.2368  -26.2357  -26.2022  -26.2002  -26.1924  -26.1901  -26.1893  -26.1842  -26.1744  -26.1735  -26.1453  -26.1436  -23.7722  -23.7527  -23.7459  -23.7434  -23.7340  -23.7304  -23.7246  -23.7232  -23.7169  -23.6961  -23.6849  -23.6756  -17.5243  -17.5242  -17.4988  -17.4863  -17.4771  -17.4713  -17.4703  -17.4626  -17.4554  -17.4526  -17.4461  -17.4407  -17.4352  -17.4331  -17.4181  -17.4137  -17.4121  -17.4086  -17.3767  -17.3745  -12.4784  -11.6077  -11.5281  -10.5390  -10.5199  -10.4523  -10.4047  -10.2659   -7.2534   -6.1871   -5.5609   -5.2112   -3.9829   -3.9569   -3.8509   -3.6743   -3.3769   -3.0833   -2.7546   -2.5558   -2.3872   -2.1286   -1.9719   -1.7955   -1.6799   -1.4705   -1.4183   -1.3550   -1.2465   -1.1744   -0.6905   -0.5820    2.0592    2.0604    2.1818    2.7503    3.0187    3.3403    3.4844    3.6844    3.7051    3.7377    3.8744    4.0435    4.1830    4.2336    4.5752    4.6037    4.7991    4.9378    4.9611    5.0225    5.1340    5.2678    5.3981    5.7144    5.7398    5.8041    5.9521    6.0190    6.3198    6.6071    6.7540    6.8713
  0.2880  -44.1641  -44.1611  -44.1601  -44.1597  -26.2369  -26.2357  -26.2023  -26.2002  -26.1925  -26.1901  -26.1892  -26.1842  -26.1743  -26.1735  -26.1453  -26.1436  -23.7722  -23.7528  -23.7459  -23.7434  -23.7340  -23.7303  -23.7245  -23.7232  -23.7169  -23.6961  -23.6849  -23.6756  -17.5242  -17.5241  -17.4987  -17.4862  -17.4771  -17.4714  -17.4705  -17.4626  -17.4555  -17.4524  -17.4461  -17.4406  -17.4352  -17.4331  -17.4182  -17.4137  -17.4120  -17.4085  -17.3769  -17.3744  -12.4230  -11.5908  -11.5819  -10.5558  -10.5239  -10.4472  -10.4327  -10.2916   -7.2413   -6.2663   -5.5470   -5.1142   -3.9642   -3.9125   -3.8471   -3.6210   -3.2485   -3.1156   -2.8336   -2.4687   -2.3906   -2.0261   -1.9494   -1.8817   -1.7132   -1.4691   -1.3759   -1.3176   -1.2794   -1.1892   -0.7731   -0.6655    1.9022    2.0087    2.2291    2.8048    2.8756    3.3318    3.3938    3.6245    3.6753    3.7688    3.8351    4.1023    4.1041    4.3744    4.5794    4.6882    4.7856    4.9832    5.0341    5.0563    5.1660    5.1789    5.4414    5.7219    5.7458    5.7880    5.9525    6.0072    6.3873    6.6467    6.7961    6.9575
  0.3456  -44.1641  -44.1611  -44.1601  -44.1597  -26.2369  -26.2357  -26.2023  -26.2002  -26.1926  -26.1902  -26.1892  -26.1841  -26.1743  -26.1735  -26.1453  -26.1436  -23.7721  -23.7529  -23.7459  -23.7435  -23.7340  -23.7303  -23.7245  -23.7232  -23.7169  -23.6961  -23.6849  -23.6756  -17.5241  -17.5241  -17.4986  -17.4861  -17.4770  -17.4714  -17.4706  -17.4627  -17.4556  -17.4523  -17.4462  -17.4406  -17.4352  -17.4331  -17.4182  -17.4137  -17.4120  -17.4085  -17.3770  -17.3744  -12.3680  -11.6382  -11.5759  -10.5600  -10.5263  -10.4629  -10.4450  -10.3127   -7.2266   -6.3368   -5.5526   -5.0203   -3.9579   -3.8418   -3.8192   -3.5656   -3.1577   -3.1091   -2.8847   -2.5483   -2.2392   -2.1822   -1.9257   -1.9089   -1.6621   -1.4618   -1.4584   -1.2598   -1.2129   -1.1416   -0.8454   -0.7584    1.8114    1.9515    2.2999    2.7738    2.8007    3.1390    3.3288    3.5627    3.6631    3.7655    3.8180    4.0970    4.1583    4.5133    4.6025    4.7747    4.8574    5.0264    5.0383    5.0942    5.2027    5.2967    5.4631    5.7141    5.7418    5.8367    5.9626    6.0460    6.3910    6.4878    6.7108    6.8025
  0.4032  -44.1641  -44.1611  -44.1601  -44.1597  -26.2370  -26.2356  -26.2024  -26.2002  -26.1926  -26.1902  -26.1892  -26.1841  -26.1743  -26.1735  -26.1453  -26.1436  -23.7721  -23.7530  -23.7459  -23.7434  -23.7340  -23.7303  -23.7245  -23.7232  -23.7169  -23.6961  -23.6849  -23.6756  -17.5240  -17.5240  -17.4985  -17.4861  -17.4770  -17.4714  -17.4706  -17.4627  -17.4557  -17.4522  -17.4462  -17.4406  -17.4352  -17.4331  -17.4183  -17.4138  -17.4120  -17.4084  -17.3771  -17.3743  -12.3250  -11.6834  -11.5657  -10.5533  -10.5275  -10.4909  -10.4451  -10.3259   -7.2139   -6.3860   -5.5605   -4.9600   -3.9580   -3.8361   -3.7005   -3.5182   -3.1984   -2.9987   -2.9069   -2.6107   -2.4381   -2.1405   -1.8547   -1.8487   -1.6393   -1.5287   -1.4528   -1.2490   -1.1623   -1.0730   -0.8922   -0.8543    1.7831    1.9061    2.4059    2.7167    2.7847    2.8440    3.3327    3.5463    3.6610    3.7268    3.7628    4.1507    4.2263    4.4896    4.7136    4.8075    4.9903    5.0399    5.0604    5.1269    5.2175    5.4018    5.5165    5.7055    5.7749    5.8152    5.9430    5.9949    6.2991    6.3549    6.7053    6.8210
  0.4608  -44.1641  -44.1611  -44.1601  -44.1597  -26.2370  -26.2356  -26.2024  -26.2002  -26.1926  -26.1902  -26.1892  -26.1841  -26.1743  -26.1735  -26.1453  -26.1436  -23.7721  -23.7530  -23.7459  -23.7435  -23.7340  -23.7303  -23.7245  -23.7232  -23.7169  -23.6961  -23.6849  -23.6756  -17.5240  -17.5240  -17.4985  -17.4860  -17.4770  -17.4714  -17.4707  -17.4627  -17.4557  -17.4522  -17.4462  -17.4406  -17.4352  -17.4331  -17.4183  -17.4138  -17.4120  -17.4084  -17.3771  -17.3743  -12.3082  -11.7012  -11.5620  -10.5457  -10.5279  -10.5056  -10.4455  -10.3304   -7.2088   -6.4038   -5.5637   -4.9402   -3.9588   -3.8337   -3.6382   -3.4981   -3.2169   -2.9620   -2.9044   -2.6367   -2.5469   -2.1112   -1.8188   -1.8135   -1.6341   -1.5690   -1.4492   -1.2525   -1.1438   -1.0187   -0.9178   -0.9076    1.7812    1.8890    2.5358    2.6376    2.6988    2.7777    3.3362    3.5452    3.6659    3.7007    3.7366    4.1768    4.2697    4.4454    4.7710    4.8656    4.9227    5.0628    5.1478    5.1684    5.2678    5.2697    5.6508    5.7317    5.8061    5.8629    5.9266    6.0069    6.1739    6.2696    6.5617    6.6629
  0.4608  -44.1629  -44.1628  -44.1597  -44.1596  -26.2363  -26.2362  -26.2011  -26.2011  -26.1922  -26.1921  -26.1859  -26.1859  -26.1741  -26.1740  -26.1445  -26.1444  -23.7612  -23.7611  -23.7478  -23.7478  -23.7271  -23.7270  -23.7204  -23.7204  -23.7069  -23.7069  -23.6870  -23.6869  -17.5245  -17.5244  -17.4909  -17.4909  -17.4825  -17.4825  -17.4579  -17.4579  -17.4513  -17.4513  -17.4480  -17.4480  -17.4342  -17.4341  -17.4163  -17.4163  -17.4099  -17.4099  -17.3754  -17.3754  -12.2783  -12.2783  -10.8211  -10.8211  -10.4850  -10.4849  -10.2666  -10.2666   -6.7228   -6.7227   -5.4555   -5.4555   -4.1244   -4.1244   -3.5407   -3.5407   -3.0098   -3.0098   -2.6432   -2.6432   -2.5030   -2.5030   -2.0417   -2.0417   -1.8389   -1.8389   -1.6080   -1.6080   -1.0401   -1.0401   -0.7896   -0.7896    2.3035    2.3035    2.9761    2.9761    3.4016    3.4017    3.5958    3.5958    3.7876    3.7877    4.0221    4.0223    4.4386    4.4386    4.6631    4.6635    5.0828    5.0834    5.1584    5.1584    5.3042    5.3048    5.4423    5.4428    5.8671    5.8831    5.9960    5.9991    6.4121    6.4611    6.8238    6.8908
  0.5208  -44.1632  -44.1625  -44.1597  -44.1596  -26.2364  -26.2362  -26.2014  -26.2009  -26.1923  -26.1920  -26.1865  -26.1854  -26.1742  -26.1739  -26.1447  -26.1442  -23.7643  -23.7578  -23.7490  -23.7465  -23.7276  -23.7265  -23.7237  -23.7175  -23.7111  -23.7035  -23.6871  -23.6858  -17.5245  -17.5244  -17.4933  -17.4882  -17.4837  -17.4811  -17.4594  -17.4568  -17.4523  -17.4505  -17.4503  -17.4457  -17.4345  -17.4339  -17.4168  -17.4158  -17.4103  -17.4096  -17.3756  -17.3752  -12.3705  -12.1743  -10.9263  -10.7228  -10.4869  -10.4841  -10.2848  -10.2491   -6.8683   -6.5685   -5.5417   -5.3717   -4.1992   -4.0287   -3.5728   -3.5601   -3.1504   -2.8783   -2.7149   -2.6730   -2.4596   -2.4489   -2.0830   -2.0139   -1.9209   -1.6670   -1.6591   -1.5311   -1.1996   -0.9279   -0.8760   -0.6554    2.2654    2.3382    2.9700    2.9763    3.2055    3.4493    3.5856    3.6070    3.7010    3.8786    3.9638    4.2222    4.4242    4.4523    4.5551    4.7557    4.8742    4.9537    5.0737    5.1266    5.3706    5.4030    5.5114    5.5586    5.6615    5.9063    5.9830    6.1959    6.3163    6.5212    6.7307    6.9949
  0.5808  -44.1635  -44.1621  -44.1597  -44.1597  -26.2365  -26.2361  -26.2016  -26.2006  -26.1923  -26.1917  -26.1871  -26.1850  -26.1743  -26.1737  -26.1449  -26.1440  -23.7670  -23.7545  -23.7501  -23.7454  -23.7285  -23.7267  -23.7259  -23.7156  -23.7155  -23.7011  -23.6866  -23.6834  -17.5245  -17.5244  -17.4953  -17.4853  -17.4847  -17.4797  -17.4611  -17.4561  -17.4543  -17.4520  -17.4492  -17.4437  -17.4348  -17.4336  -17.4171  -17.4153  -17.4107  -17.4093  -17.3759  -17.3750  -12.4489  -12.0612  -11.0366  -10.6342  -10.4887  -10.4849  -10.3033  -10.2327   -6.9991   -6.4123   -5.6221   -5.3014   -4.2434   -3.9253   -3.6459   -3.6119   -3.3092   -2.7909   -2.7848   -2.7227   -2.4194   -2.3378   -2.1126   -2.0538   -1.8560   -1.6912   -1.5392   -1.3895   -1.3118   -1.0494   -0.7230   -0.5316    2.2291    2.3550    2.8941    2.9635    2.9702    3.4390    3.5495    3.6330    3.6707    3.9398    4.0964    4.2484    4.3686    4.3970    4.5994    4.6496    4.7526    4.8465    4.9394    5.0194    5.4483    5.4696    5.5663    5.6471    5.6795    5.8086    5.9696    6.2629    6.3243    6.5639    6.5962    6.8639
  0.6408  -44.1638  -44.1617  -44.1598  -44.1597  -26.2366  -26.2360  -26.2018  -26.2005  -26.1923  -26.1914  -26.1877  -26.1847  -26.1744  -26.1736  -26.1451  -26.1439  -23.7693  -23.7513  -23.7511  -23.7444  -23.7305  -23.7282  -23.7253  -23.7196  -23.7149  -23.6992  -23.6860  -23.6806  -17.5245  -17.5244  -17.4969  -17.4854  -17.4824  -17.4780  -17.4631  -17.4571  -17.4556  -17.4525  -17.4480  -17.4422  -17.4350  -17.4334  -17.4174  -17.4148  -17.4111  -17.4091  -17.3761  -17.3748  -12.5116  -11.9422  -11.1503  -10.5585  -10.4895  -10.4870  -10.3216  -10.2185   -7.1090   -6.2622   -5.6904   -5.2569   -4.2490   -3.8403   -3.7327   -3.6547   -3.4779   -2.8704   -2.8517   -2.5934   -2.4028   -2.2352   -2.1291   -2.0995   -1.7554   -1.6652   -1.5524   -1.4432   -1.2145   -1.0085   -0.5959   -0.4210    2.1952    2.3308    2.5740    2.9603    2.9640    3.4427    3.4546    3.6896    3.7157    3.9425    4.1134    4.2208    4.2848    4.3141    4.5026    4.5539    4.7685    4.8490    4.9272    4.9543    5.4546    5.4719    5.5482    5.7263    5.7670    5.8025    5.9167    6.2485    6.2695    6.4744    6.5198    6.8816
  0.7008  -44.1639  -44.1614  -44.1599  -44.1597  -26.2366  -26.2359  -26.2020  -26.2003  -26.1923  -26.1909  -26.1884  -26.1845  -26.1745  -26.1735  -26.1452  -26.1437  -23.7709  -23.7518  -23.7486  -23.7437  -23.7324  -23.7292  -23.7245  -23.7225  -23.7155  -23.6976  -23.6854  -23.6780  -17.5245  -17.5244  -17.4981  -17.4860  -17.4797  -17.4761  -17.4652  -17.4598  -17.4553  -17.4528  -17.4470  -17.4413  -17.4351  -17.4333  -17.4177  -17.4142  -17.4116  -17.4089  -17.3762  -17.3747  -12.5574  -11.8217  -11.2649  -10.4998  -10.4895  -10.4888  -10.3381  -10.2076   -7.1925   -6.1297   -5.7423   -5.2447   -4.2134   -3.8237   -3.8082   -3.6416   -3.6304   -2.9554   -2.8952   -2.4626   -2.4032   -2.1680   -2.1452   -2.1240   -1.6567   -1.6438   -1.6099   -1.4915   -1.2285   -0.7657   -0.5047   -0.3294    2.1647    2.2521    2.3062    2.9500    2.9747    3.3775    3.4740    3.7129    3.8133    3.8690    3.9317    4.1509    4.1649    4.3932    4.5225    4.5615    4.6307    4.8867    4.9519    4.9950    5.4266    5.4416    5.5671    5.6611    5.7835    5.8701    5.9210    6.2004    6.2690    6.4744    6.5674    6.9611
  0.7608  -44.1641  -44.1612  -44.1600  -44.1597  -26.2367  -26.2358  -26.2021  -26.2002  -26.1923  -26.1904  -26.1890  -26.1844  -26.1745  -26.1735  -26.1453  -26.1437  -23.7720  -23.7523  -23.7467  -23.7434  -23.7336  -23.7301  -23.7241  -23.7237  -23.7164  -23.6965  -23.6850  -23.6763  -17.5245  -17.5244  -17.4988  -17.4864  -17.4778  -17.4736  -17.4677  -17.4618  -17.4552  -17.4529  -17.4462  -17.4408  -17.4352  -17.4332  -17.4178  -17.4138  -17.4120  -17.4088  -17.3763  -17.3747  -12.5853  -11.7096  -11.3724  -10.4916  -10.4872  -10.4622  -10.3500  -10.2008   -7.2448   -6.0332   -5.7747   -5.2551   -4.1471   -3.8569   -3.8459   -3.7838   -3.5726   -3.0179   -2.9211   -2.4089   -2.3703   -2.1799   -2.1225   -2.1024   -1.7582   -1.5834   -1.5614   -1.5128   -1.2264   -0.5687   -0.4513   -0.2678    2.1244    2.1426    2.1576    2.9427    2.9897    3.3336    3.5263    3.7326    3.7650    3.7825    3.9292    4.1120    4.1217    4.2671    4.4987    4.5720    4.8148    4.8241    4.9910    5.0841    5.3412    5.3580    5.4816    5.6713    5.8315    5.9323    5.9362    6.1539    6.3105    6.4338    6.5577    6.7133
  0.8208  -44.1641  -44.1611  -44.1601  -44.1597  -26.2367  -26.2358  -26.2021  -26.2002  -26.1923  -26.1900  -26.1895  -26.1843  -26.1745  -26.1734  -26.1453  -26.1436  -23.7723  -23.7524  -23.7460  -23.7434  -23.7340  -23.7305  -23.7246  -23.7233  -23.7169  -23.6961  -23.6849  -23.6756  -17.5245  -17.5244  -17.4990  -17.4865  -17.4772  -17.4712  -17.4700  -17.4625  -17.4551  -17.4529  -17.4460  -17.4407  -17.4352  -17.4331  -17.4178  -17.4135  -17.4122  -17.4088  -17.3764  -17.3746  -12.5946  -11.6489  -11.4315  -10.4923  -10.4864  -10.4493  -10.3545  -10.1986   -7.2626   -5.9966   -5.7857   -5.2636   -4.1009   -3.8722   -3.8567   -3.8558   -3.5465   -3.0421   -2.9297   -2.4117   -2.3410   -2.1927   -2.1089   -2.0692   -1.8254   -1.5561   -1.5429   -1.5155   -1.2230   -0.4932   -0.4338   -0.2461    2.0636    2.1101    2.1344    2.9393    2.9968    3.3202    3.5655    3.7057    3.7345    3.7411    4.0011    4.0850    4.1011    4.2185    4.4567    4.5869    4.7828    4.9582    5.0040    5.2032    5.2097    5.3278    5.3772    5.7462    5.8210    5.9276    5.9614    6.1291    6.3080    6.4505    6.5574    6.7962
  0.8208  -44.1641  -44.1611  -44.1601  -44.1597  -26.2367  -26.2358  -26.2021  -26.2002  -26.1923  -26.1900  -26.1895  -26.1843  -26.1745  -26.1734  -26.1453  -26.1436  -23.7723  -23.7524  -23.7460  -23.7434  -23.7340  -23.7305  -23.7246  -23.7233  -23.7169  -23.6961  -23.6849  -23.6756  -17.5245  -17.5244  -17.4990  -17.4865  -17.4772  -17.4712  -17.4700  -17.4625  -17.4551  -17.4529  -17.4460  -17.4407  -17.4352  -17.4331  -17.4178  -17.4135  -17.4122  -17.4088  -17.3764  -17.3746  -12.5946  -11.6489  -11.4315  -10.4923  -10.4864  -10.4493  -10.3545  -10.1986   -7.2626   -5.9966   -5.7857   -5.2636   -4.1009   -3.8722   -3.8567   -3.8558   -3.5465   -3.0421   -2.9297   -2.4117   -2.3410   -2.1927   -2.1089   -2.0692   -1.8254   -1.5561   -1.5429   -1.5155   -1.2230   -0.4932   -0.4338   -0.2461    2.0636    2.1101    2.1344    2.9394    2.9968    3.3202    3.5655    3.7029    3.7345    3.7411    4.0011    4.0850    4.1011    4.2185    4.4567    4.5869    4.7828    4.9597    5.0062    5.2044    5.2132    5.3254    5.3772    5.7522    5.8388    5.9262    5.9614    6.1804    6.3599    6.5303    6.5766    6.7553
  0.8829  -44.1641  -44.1611  -44.1601  -44.1598  -26.2367  -26.2358  -26.2021  -26.2002  -26.1923  -26.1901  -26.1894  -26.1844  -26.1745  -26.1734  -26.1453  -26.1437  -23.7716  -23.7524  -23.7467  -23.7437  -23.7345  -23.7310  -23.7260  -23.7220  -23.7149  -23.6959  -23.6855  -23.6758  -17.5245  -17.5244  -17.4990  -17.4868  -17.4770  -17.4712  -17.4700  -17.4627  -17.4551  -17.4529  -17.4459  -17.4407  -17.4352  -17.4332  -17.4178  -17.4136  -17.4122  -17.4088  -17.3763  -17.3746  -12.5840  -11.6598  -11.4223  -10.5353  -10.4668  -10.4525  -10.3524  -10.2005   -7.2325   -5.9768   -5.7822   -5.2840   -4.1024   -4.0542   -3.8790   -3.6521   -3.5057   -3.1041   -2.8474   -2.5191   -2.3306   -2.1182   -2.0884   -2.0643   -1.8337   -1.5533   -1.5485   -1.5056   -1.2446   -0.5330   -0.5138   -0.2616    2.0739    2.1482    2.1926    2.9390    2.9846    3.2474    3.5886    3.7027    3.7595    3.7645    3.8645    3.9628    4.1596    4.3200    4.5438    4.7043    4.7420    4.8578    5.0755    5.0865    5.3252    5.3615    5.4779    5.7391    5.7475    5.9264    5.9819    6.1096    6.4047    6.5269    6.6237    6.8575
  0.9451  -44.1639  -44.1610  -44.1601  -44.1599  -26.2367  -26.2359  -26.2020  -26.2003  -26.1922  -26.1902  -26.1892  -26.1845  -26.1745  -26.1735  -26.1452  -26.1437  -23.7695  -23.7527  -23.7482  -23.7448  -23.7352  -23.7327  -23.7276  -23.7193  -23.7112  -23.6958  -23.6868  -23.6763  -17.5245  -17.5244  -17.4988  -17.4876  -17.4765  -17.4710  -17.4699  -17.4632  -17.4549  -17.4530  -17.4457  -17.4409  -17.4351  -17.4333  -17.4176  -17.4138  -17.4120  -17.4089  -17.3763  -17.3747  -12.5525  -11.6931  -11.3950  -10.5985  -10.4687  -10.4619  -10.3465  -10.2061   -7.1451   -5.9228   -5.7737   -5.3430   -4.2116   -4.0999   -3.9284   -3.4304   -3.4090   -3.1753   -2.7191   -2.6576   -2.3561   -2.1429   -2.0502   -1.9328   -1.8235   -1.5819   -1.5283   -1.4914   -1.2942   -0.7808   -0.5729   -0.3076    2.1016    2.1965    2.3477    2.8965    2.9608    3.0791    3.6051    3.6967    3.7449    3.8271    3.8762    4.0004    4.0554    4.3834    4.6366    4.7441    4.8152    4.8787    4.9940    5.1392    5.4521    5.5094    5.5873    5.6175    5.7271    5.9490    5.9875    6.1021    6.3948    6.4097    6.6018    6.7887
  1.0072  -44.1636  -44.1610  -44.1602  -44.1601  -26.2366  -26.2359  -26.2018  -26.2003  -26.1922  -26.1904  -26.1888  -26.1848  -26.1744  -26.1735  -26.1451  -26.1438  -23.7664  -23.7540  -23.7489  -23.7465  -23.7357  -23.7343  -23.7286  -23.7166  -23.7076  -23.6966  -23.6878  -23.6770  -17.5245  -17.5244  -17.4984  -17.4889  -17.4757  -17.4708  -17.4697  -17.4640  -17.4546  -17.4530  -17.4453  -17.4411  -17.4350  -17.4334  -17.4174  -17.4141  -17.4118  -17.4091  -17.3761  -17.3747  -12.5010  -11.7491  -11.3503  -10.6726  -10.4887  -10.4764  -10.3370  -10.2153   -7.0087   -5.8488   -5.7682   -5.4328   -4.3306   -4.0932   -3.9666   -3.2889   -3.2367   -3.1970   -2.7776   -2.6041   -2.3681   -2.2147   -2.0778   -1.7913   -1.7293   -1.6471   -1.5050   -1.4915   -1.3417   -1.0569   -0.6633   -0.3836    2.1306    2.1595    2.5113    2.7402    2.9756    2.9838    3.5257    3.6908    3.8853    3.9165    3.9552    4.0256    4.1833    4.2639    4.6006    4.7814    4.8850    4.9153    5.1447    5.1839    5.5045    5.5722    5.6471    5.7078    5.7285    5.9625    5.9744    6.1844    6.2686    6.4022    6.5361    6.8437
  1.0693  -44.1633  -44.1611  -44.1604  -44.1602  -26.2366  -26.2360  -26.2016  -26.2005  -26.1921  -26.1907  -26.1884  -26.1852  -26.1743  -26.1736  -26.1449  -26.1439  -23.7630  -23.7561  -23.7486  -23.7484  -23.7360  -23.7354  -23.7289  -23.7151  -23.7048  -23.6987  -23.6874  -23.6780  -17.5245  -17.5244  -17.4979  -17.4904  -17.4747  -17.4708  -17.4695  -17.4649  -17.4542  -17.4530  -17.4448  -17.4414  -17.4349  -17.4336  -17.4171  -17.4144  -17.4114  -17.4093  -17.3759  -17.3748  -12.4311  -11.8268  -11.2895  -10.7545  -10.5154  -10.4945  -10.3245  -10.2276   -6.8350   -5.7868   -5.7731   -5.5317   -4.4074   -4.1378   -3.9123   -3.2390   -3.1635   -3.0178   -2.8720   -2.5808   -2.3574   -2.2418   -2.1462   -1.7885   -1.6825   -1.6104   -1.6040   -1.4109   -1.3772   -1.1854   -0.7743   -0.4871    2.0002    2.1062    2.6031    2.6679    2.9781    3.0184    3.4598    3.5653    4.0200    4.0533    4.0708    4.1445    4.2751    4.3036    4.5891    4.7709    4.9324    4.9911    5.1071    5.3892    5.5477    5.5812    5.6363    5.7572    5.7604    5.9751    6.0047    6.0673    6.1654    6.3574    6.5381    6.7916
  1.1315  -44.1629  -44.1613  -44.1605  -44.1603  -26.2365  -26.2361  -26.2014  -26.2006  -26.1920  -26.1910  -26.1879  -26.1857  -26.1742  -26.1737  -26.1448  -26.1440  -23.7604  -23.7579  -23.7492  -23.7480  -23.7362  -23.7359  -23.7285  -23.7158  -23.7028  -23.7007  -23.6858  -23.6791  -17.5245  -17.5245  -17.4971  -17.4919  -17.4736  -17.4708  -17.4691  -17.4660  -17.4539  -17.4531  -17.4442  -17.4418  -17.4347  -17.4338  -17.4167  -17.4148  -17.4111  -17.4096  -17.3757  -17.3750  -12.3450  -11.9219  -11.2147  -10.8435  -10.5369  -10.5138  -10.3096  -10.2422   -6.6371   -5.8719   -5.7103   -5.5966   -4.4402   -4.2218   -3.7610   -3.2304   -3.0533   -2.9294   -2.8815   -2.6876   -2.3314   -2.2231   -2.2167   -2.0110   -1.6776   -1.5937   -1.5427   -1.3907   -1.2700   -1.1829   -0.8907   -0.6131    1.8287    1.9739    2.6035    2.8113    2.9965    3.0549    3.3806    3.3882    3.9977    4.1457    4.2271    4.2899    4.3873    4.4897    4.7589    4.8168    4.8731    4.9582    5.1862    5.4317    5.5322    5.5774    5.7039    5.7846    5.7944    5.9909    6.0079    6.0546    6.1017    6.4276    6.5287    6.6573
  1.1936  -44.1625  -44.1616  -44.1605  -44.1604  -26.2364  -26.2362  -26.2012  -26.2008  -26.1918  -26.1913  -26.1874  -26.1862  -26.1741  -26.1738  -26.1446  -26.1442  -23.7595  -23.7590  -23.7485  -23.7475  -23.7363  -23.7361  -23.7267  -23.7190  -23.7018  -23.7014  -23.6840  -23.6805  -17.5245  -17.5245  -17.4961  -17.4935  -17.4725  -17.4711  -17.4686  -17.4670  -17.4536  -17.4532  -17.4435  -17.4423  -17.4345  -17.4341  -17.4162  -17.4153  -17.4107  -17.4099  -17.3755  -17.3751  -12.2460  -12.0283  -11.1286  -10.9382  -10.5464  -10.5314  -10.2931  -10.2586   -6.4281   -6.0281   -5.6666   -5.6220   -4.4303   -4.3095   -3.5463   -3.2200   -3.0421   -2.9482   -2.8725   -2.7314   -2.3310   -2.3110   -2.2396   -2.1298   -1.6525   -1.5513   -1.4953   -1.4080   -1.1501   -1.1213   -0.9804   -0.7563    1.7257    1.8173    2.6984    2.8846    3.0345    3.0931    3.2357    3.2722    3.9761    4.0771    4.3830    4.4654    4.5910    4.6591    4.7476    4.8444    4.9451    5.0596    5.2456    5.3179    5.4649    5.5804    5.7603    5.8034    5.8365    5.8920    5.9461    6.0540    6.1695    6.2587    6.4395    6.7120
  1.2557  -44.1620  -44.1620  -44.1605  -44.1604  -26.2363  -26.2363  -26.2010  -26.2009  -26.1916  -26.1915  -26.1868  -26.1867  -26.1740  -26.1739  -26.1444  -26.1443  -23.7594  -23.7594  -23.7476  -23.7476  -23.7363  -23.7363  -23.7233  -23.7232  -23.7014  -23.7014  -23.6822  -23.6821  -17.5245  -17.5245  -17.4949  -17.4949  -17.4717  -17.4717  -17.4679  -17.4679  -17.4534  -17.4534  -17.4429  -17.4429  -17.4343  -17.4343  -17.4158  -17.4158  -17.4103  -17.4103  -17.3753  -17.3753  -12.1386  -12.1386  -11.0349  -11.0349  -10.5436  -10.5436  -10.2759  -10.2758   -6.2205   -6.2205   -5.6397   -5.6397   -4.3834   -4.3834   -3.3166   -3.3165   -3.0595   -3.0594   -2.7694   -2.7694   -2.3620   -2.3619   -2.1919   -2.1919   -1.5843   -1.5843   -1.4438   -1.4438   -1.1073   -1.1073   -0.9067   -0.9067    1.7226    1.7226    2.8160    2.8160    3.1398    3.1400    3.1504    3.1505    4.0068    4.0071    4.5123    4.5129    4.6373    4.6378    4.8559    4.8583    5.0335    5.0338    5.2815    5.2815    5.4998    5.5003    5.7333    5.7464    5.8458    5.8567    6.0197    6.0378    6.1434    6.1583    6.4806    6.5676
  1.2557  -44.1617  -44.1616  -44.1608  -44.1608  -26.2364  -26.2363  -26.2012  -26.2011  -26.1917  -26.1916  -26.1867  -26.1866  -26.1738  -26.1737  -26.1444  -26.1443  -23.7546  -23.7546  -23.7464  -23.7464  -23.7316  -23.7316  -23.7291  -23.7290  -23.7035  -23.7034  -23.6852  -23.6852  -17.5242  -17.5242  -17.4892  -17.4891  -17.4851  -17.4851  -17.4578  -17.4578  -17.4503  -17.4503  -17.4485  -17.4485  -17.4342  -17.4341  -17.4158  -17.4158  -17.4103  -17.4103  -17.3755  -17.3755  -11.9447  -11.9446  -11.1471  -11.1470  -10.6066  -10.6066  -10.4524  -10.4523   -6.2092   -6.2092   -5.5986   -5.5986   -3.7100   -3.7099   -3.6443   -3.6443   -3.0959   -3.0959   -2.5434   -2.5434   -2.4339   -2.4338   -1.8170   -1.8170   -1.7530   -1.7530   -1.4380   -1.4380   -1.1979   -1.1979   -1.1480   -1.1480    1.8602    1.8603    2.8072    2.8073    3.2251    3.2251    3.3419    3.3420    3.5753    3.5753    3.8819    3.8819    4.4200    4.4207    4.4406    4.4410    4.7896    4.7897    4.8174    4.8174    5.2516    5.2516    5.4991    5.4991    5.8290    5.8290    5.9182    5.9184    6.4055    6.4332    6.5467    6.6746
  1.3114  -44.1618  -44.1616  -44.1608  -44.1607  -26.2364  -26.2363  -26.2012  -26.2011  -26.1917  -26.1916  -26.1867  -26.1866  -26.1738  -26.1737  -26.1444  -26.1443  -23.7549  -23.7547  -23.7464  -23.7463  -23.7321  -23.7316  -23.7291  -23.7279  -23.7037  -23.7035  -23.6852  -23.6850  -17.5242  -17.5242  -17.4896  -17.4891  -17.4850  -17.4846  -17.4579  -17.4578  -17.4507  -17.4504  -17.4484  -17.4480  -17.4342  -17.4341  -17.4158  -17.4158  -17.4103  -17.4103  -17.3755  -17.3755  -11.9574  -11.9447  -11.1515  -11.1348  -10.6098  -10.5991  -10.4472  -10.4460   -6.2408   -6.2146   -5.5948   -5.5763   -3.7564   -3.7126   -3.6526   -3.5837   -3.1206   -3.0941   -2.6259   -2.5486   -2.4154   -2.3541   -1.8432   -1.8113   -1.7808   -1.7620   -1.4405   -1.4195   -1.1901   -1.1755   -1.1372   -1.1245    1.8567    1.8757    2.7940    2.8184    3.1057    3.1514    3.3311    3.4211    3.5900    3.6772    3.8881    3.9215    4.3025    4.3895    4.4565    4.5477    4.6943    4.7510    4.8243    4.8994    5.2465    5.2846    5.5216    5.6054    5.7770    5.8138    5.9343    5.9646    6.2208    6.4034    6.6937    6.9435
  1.3670  -44.1620  -44.1617  -44.1608  -44.1606  -26.2364  -26.2363  -26.2012  -26.2011  -26.1918  -26.1916  -26.1868  -26.1865  -26.1738  -26.1737  -26.1444  -26.1443  -23.7557  -23.7552  -23.7467  -23.7462  -23.7327  -23.7316  -23.7292  -23.7255  -23.7044  -23.7036  -23.6854  -23.6844  -17.5242  -17.5242  -17.4907  -17.4891  -17.4846  -17.4835  -17.4584  -17.4578  -17.4513  -17.4508  -17.4481  -17.4471  -17.4342  -17.4341  -17.4160  -17.4157  -17.4104  -17.4102  -17.3755  -17.3754  -11.9940  -11.9443  -11.1634  -11.1000  -10.6170  -10.5789  -10.4331  -10.4295   -6.3218   -6.2285   -5.5843   -5.5243   -3.8276   -3.7221   -3.6698   -3.4780   -3.1860   -3.0847   -2.7363   -2.5569   -2.3737   -2.2586   -1.9100   -1.8473   -1.8107   -1.7675   -1.4244   -1.3784   -1.1825   -1.1259   -1.1020   -1.0691    1.8467    1.9193    2.7352    2.8267    2.9591    3.0574    3.3231    3.5271    3.6351    3.8070    3.8845    4.0203    4.1889    4.3410    4.4593    4.5707    4.6771    4.7158    4.8578    4.9468    5.2405    5.3586    5.5433    5.6816    5.7254    5.8524    5.9466    5.9941    6.1008    6.3437    6.4962    6.7967
  1.4227  -44.1622  -44.1616  -44.1607  -44.1604  -26.2364  -26.2363  -26.2013  -26.2010  -26.1919  -26.1915  -26.1869  -26.1862  -26.1738  -26.1737  -26.1445  -26.1443  -23.7568  -23.7558  -23.7471  -23.7461  -23.7331  -23.7315  -23.7293  -23.7226  -23.7053  -23.7036  -23.6857  -23.6836  -17.5242  -17.5242  -17.4919  -17.4890  -17.4840  -17.4822  -17.4591  -17.4579  -17.4520  -17.4513  -17.4479  -17.4461  -17.4343  -17.4340  -17.4162  -17.4156  -17.4105  -17.4100  -17.3756  -17.3754  -12.0495  -11.9420  -11.1792  -11.0471  -10.6231  -10.5506  -10.4145  -10.4057   -6.4292   -6.2446   -5.5691   -5.4682   -3.9165   -3.7495   -3.6725   -3.3601   -3.2646   -3.0613   -2.8271   -2.5622   -2.3356   -2.2117   -1.9789   -1.8833   -1.8653   -1.7504   -1.3740   -1.3387   -1.1729   -1.0718   -1.0547   -1.0123    1.8326    1.9802    2.5882    2.8124    2.9411    3.0202    3.3238    3.6003    3.6898    3.8262    3.9189    4.0187    4.2170    4.3013    4.4651    4.5535    4.6429    4.7506    4.9464    4.9751    5.2401    5.3685    5.5486    5.6330    5.6703    5.9176    5.9733    6.0388    6.1195    6.3389    6.4712    6.6853
  1.4783  -44.1625  -44.1616  -44.1606  -44.1603  -26.2364  -26.2362  -26.2014  -26.2009  -26.1920  -26.1915  -26.1871  -26.1860  -26.1739  -26.1737  -26.1446  -26.1442  -23.7581  -23.7563  -23.7476  -23.7460  -23.7334  -23.7315  -23.7293  -23.7197  -23.7062  -23.7036  -23.6862  -23.6827  -17.5243  -17.5242  -17.4931  -17.4889  -17.4833  -17.4809  -17.4600  -17.4581  -17.4526  -17.4518  -17.4476  -17.4451  -17.4344  -17.4339  -17.4164  -17.4155  -17.4106  -17.4098  -17.3757  -17.3753  -12.1182  -11.9358  -11.1962  -10.9815  -10.6245  -10.5196  -10.3970  -10.3766   -6.5482   -6.2556   -5.5510   -5.4246   -4.0213   -3.7948   -3.6547   -3.3903   -3.2139   -3.0129   -2.8732   -2.5601   -2.3362   -2.2305   -2.0058   -1.9457   -1.8618   -1.7313   -1.3431   -1.2940   -1.1499   -1.0259   -1.0189   -0.9580    1.8214    2.0338    2.4592    2.8234    2.9354    3.0597    3.3441    3.5876    3.6907    3.8325    3.9128    3.9858    4.2653    4.3474    4.4841    4.5416    4.7178    4.7839    4.9856    5.0105    5.2021    5.3202    5.5475    5.5808    5.6451    5.9647    5.9937    6.0438    6.2423    6.4305    6.5351    6.8732
  1.5340  -44.1628  -44.1616  -44.1604  -44.1602  -26.2365  -26.2362  -26.2015  -26.2008  -26.1921  -26.1914  -26.1873  -26.1857  -26.1740  -26.1736  -26.1447  -26.1441  -23.7598  -23.7565  -23.7481  -23.7458  -23.7336  -23.7315  -23.7292  -23.7175  -23.7068  -23.7032  -23.6867  -23.6817  -17.5243  -17.5242  -17.4943  -17.4886  -17.4825  -17.4797  -17.4611  -17.4583  -17.4533  -17.4521  -17.4474  -17.4442  -17.4346  -17.4338  -17.4167  -17.4153  -17.4107  -17.4096  -17.3757  -17.3752  -12.1942  -11.9238  -11.2133  -10.9087  -10.6193  -10.4899  -10.3834  -10.3449   -6.6704   -6.2557   -5.5313   -5.4012   -4.1293   -3.8473   -3.6274   -3.4856   -3.1805   -2.9054   -2.8624   -2.5374   -2.3809   -2.2806   -2.0332   -1.9756   -1.8162   -1.7081   -1.3699   -1.2359   -1.1443   -1.0292   -0.9646   -0.8896    1.8295    2.0475    2.4212    2.8457    2.9539    3.1300    3.3331    3.5431    3.6490    3.7850    3.9197    4.0390    4.2714    4.3745    4.4285    4.6514    4.8245    4.9038    4.9650    5.0259    5.1119    5.3199    5.4853    5.5918    5.6610    5.9675    6.0050    6.0750    6.2453    6.4318    6.5327    6.7030
  1.5897  -44.1631  -44.1615  -44.1603  -44.1601  -26.2365  -26.2361  -26.2016  -26.2007  -26.1922  -26.1913  -26.1875  -26.1854  -26.1741  -26.1736  -26.1448  -26.1440  -23.7617  -23.7561  -23.7487  -23.7456  -23.7337  -23.7316  -23.7289  -23.7167  -23.7072  -23.7021  -23.6873  -23.6807  -17.5243  -17.5242  -17.4954  -17.4883  -17.4815  -17.4785  -17.4622  -17.4588  -17.4538  -17.4524  -17.4471  -17.4433  -17.4347  -17.4337  -17.4169  -17.4151  -17.4109  -17.4094  -17.3758  -17.3751  -12.2723  -11.9048  -11.2310  -10.8335  -10.6069  -10.4647  -10.3742  -10.3134   -6.7903   -6.2416   -5.5146   -5.3970   -4.2242   -3.8985   -3.6054   -3.5760   -3.1891   -2.8512   -2.7882   -2.5062   -2.3940   -2.3241   -2.1142   -1.9129   -1.7751   -1.6759   -1.4147   -1.2110   -1.1784   -1.0781   -0.8771   -0.8156    1.8740    2.0395    2.4490    2.8347    3.0156    3.2005    3.2597    3.5318    3.6417    3.7001    4.0009    4.0830    4.2535    4.3497    4.4540    4.6811    4.8633    4.9323    5.0256    5.0713    5.1408    5.3193    5.4424    5.6419    5.7010    5.9324    6.0106    6.0543    6.0973    6.4668    6.5656    6.6757
  1.6453  -44.1633  -44.1615  -44.1602  -44.1600  -26.2365  -26.2361  -26.2017  -26.2006  -26.1923  -26.1911  -26.1878  -26.1851  -26.1742  -26.1736  -26.1449  -26.1439  -23.7639  -23.7553  -23.7492  -23.7453  -23.7339  -23.7316  -23.7285  -23.7171  -23.7076  -23.7004  -23.6878  -23.6797  -17.5244  -17.5242  -17.4963  -17.4880  -17.4805  -17.4775  -17.4633  -17.4593  -17.4543  -17.4526  -17.4469  -17.4426  -17.4348  -17.4336  -17.4171  -17.4149  -17.4111  -17.4092  -17.3760  -17.3750  -12.3481  -11.8778  -11.2509  -10.7608  -10.5873  -10.4464  -10.3683  -10.2840   -6.9036   -6.2129   -5.5156   -5.3970   -4.2915   -3.9408   -3.6805   -3.5727   -3.1886   -2.8852   -2.7224   -2.5283   -2.3800   -2.3144   -2.1268   -1.8254   -1.7385   -1.6396   -1.4604   -1.2566   -1.2164   -1.1470   -0.7751   -0.7401    1.9532    2.0618    2.4685    2.7866    3.0926    3.1256    3.3408    3.4872    3.6383    3.7118    4.0818    4.1028    4.2413    4.3263    4.5213    4.6360    4.8404    4.9149    5.0228    5.1106    5.2432    5.3650    5.4641    5.6791    5.7170    5.8924    5.9092    6.0522    6.1167    6.5126    6.6044    7.1292
  1.7010  -44.1635  -44.1614  -44.1601  -44.1600  -26.2366  -26.2360  -26.2018  -26.2005  -26.1923  -26.1910  -26.1881  -26.1849  -26.1743  -26.1736  -26.1450  -26.1439  -23.7660  -23.7541  -23.7496  -23.7450  -23.7340  -23.7315  -23.7281  -23.7182  -23.7086  -23.6986  -23.6878  -23.6788  -17.5244  -17.5243  -17.4971  -17.4876  -17.4796  -17.4765  -17.4644  -17.4601  -17.4546  -17.4527  -17.4467  -17.4419  -17.4349  -17.4335  -17.4174  -17.4146  -17.4113  -17.4091  -17.3761  -17.3749  -12.4178  -11.8430  -11.2750  -10.6945  -10.5615  -10.4363  -10.3640  -10.2581   -7.0065   -6.1721   -5.5520   -5.3800   -4.3212   -3.9696   -3.7687   -3.5559   -3.1853   -2.9604   -2.7187   -2.5164   -2.4103   -2.3371   -2.0559   -1.7729   -1.6337   -1.6097   -1.4894   -1.3261   -1.2766   -1.2013   -0.6747   -0.6595    2.0277    2.1530    2.4364    2.7098    3.0633    3.1629    3.4492    3.4658    3.6167    3.7828    4.0569    4.1481    4.1999    4.3890    4.5738    4.5980    4.7970    4.9036    5.0163    5.1018    5.2743    5.4018    5.4718    5.7032    5.7668    5.7926    5.8750    6.0162    6.1925    6.3776    6.6961    6.8631
  1.7566  -44.1637  -44.1613  -44.1600  -44.1599  -26.2366  -26.2359  -26.2019  -26.2004  -26.1923  -26.1908  -26.1884  -26.1847  -26.1744  -26.1735  -26.1451  -26.1438  -23.7681  -23.7530  -23.7495  -23.7445  -23.7341  -23.7313  -23.7275  -23.7195  -23.7102  -23.6973  -23.6873  -23.6779  -17.5244  -17.5243  -17.4978  -17.4872  -17.4787  -17.4755  -17.4655  -17.4608  -17.4549  -17.4528  -17.4464  -17.4415  -17.4350  -17.4334  -17.4175  -17.4143  -17.4115  -17.4090  -17.3762  -17.3748  -12.4786  -11.8012  -11.3050  -10.6375  -10.5314  -10.4342  -10.3604  -10.2366   -7.0953   -6.1241   -5.6128   -5.3497   -4.3097   -3.9850   -3.8429   -3.5440   -3.2285   -3.0309   -2.7326   -2.5289   -2.4383   -2.3113   -2.0284   -1.7931   -1.6050   -1.5446   -1.4948   -1.4191   -1.2459   -1.1833   -0.6009   -0.5598    2.0780    2.2788    2.3785    2.6053    3.0493    3.2172    3.4562    3.5777    3.6318    3.8298    4.0270    4.0959    4.1388    4.4749    4.5703    4.6283    4.7626    4.9187    5.0126    5.0389    5.2716    5.3355    5.5536    5.7254    5.7814    5.8443    5.8550    5.9906    6.1973    6.3643    6.6632    6.7721
  1.8123  -44.1639  -44.1612  -44.1600  -44.1598  -26.2366  -26.2359  -26.2020  -26.2003  -26.1923  -26.1906  -26.1887  -26.1845  -26.1744  -26.1735  -26.1452  -26.1437  -23.7698  -23.7524  -23.7486  -23.7441  -23.7342  -23.7310  -23.7267  -23.7209  -23.7121  -23.6966  -23.6865  -23.6770  -17.5245  -17.5243  -17.4983  -17.4869  -17.4780  -17.4745  -17.4667  -17.4615  -17.4550  -17.4529  -17.4463  -17.4411  -17.4351  -17.4333  -17.4177  -17.4141  -17.4118  -17.4089  -17.3762  -17.3747  -12.5281  -11.7545  -11.3410  -10.5900  -10.5007  -10.4389  -10.3575  -10.2198   -7.1671   -6.0758   -5.6785   -5.3171   -4.2590   -3.9962   -3.8876   -3.5467   -3.3393   -3.0731   -2.7272   -2.5912   -2.4184   -2.2488   -2.0437   -1.8541   -1.6284   -1.5668   -1.5341   -1.4614   -1.2556   -0.9357   -0.5403   -0.4638    2.1093    2.2310    2.4549    2.5098    3.0767    3.2527    3.4671    3.6512    3.7134    3.8495    3.9926    4.0112    4.0659    4.4418    4.5965    4.6940    4.7723    4.8680    4.9924    5.0322    5.1774    5.4121    5.5866    5.7038    5.8020    5.8400    5.9452    5.9819    6.1848    6.3869    6.6890    6.7612
  1.8679  -44.1640  -44.1611  -44.1600  -44.1598  -26.2367  -26.2359  -26.2020  -26.2003  -26.1923  -26.1904  -26.1890  -26.1844  -26.1745  -26.1735  -26.1453  -26.1437  -23.7712  -23.7524  -23.7474  -23.7437  -23.7342  -23.7307  -23.7259  -23.7221  -23.7143  -23.6963  -23.6857  -23.6763  -17.5245  -17.5243  -17.4987  -17.4867  -17.4775  -17.4734  -17.4679  -17.4621  -17.4551  -17.4529  -17.4461  -17.4409  -17.4351  -17.4332  -17.4178  -17.4138  -17.4120  -17.4088  -17.3763  -17.3747  -12.5647  -11.7068  -11.3804  -10.5505  -10.4746  -10.4493  -10.3556  -10.2080   -7.2198   -6.0343   -5.7350   -5.2891   -4.1797   -4.0100   -3.8898   -3.5959   -3.4569   -3.0902   -2.7837   -2.5561   -2.3979   -2.1783   -2.0764   -1.9538   -1.7195   -1.5728   -1.5417   -1.4820   -1.2467   -0.6866   -0.4919   -0.3752    2.1227    2.1441    2.3073    2.6709    3.1001    3.2809    3.4944    3.6825    3.7866    3.8173    3.9303    4.0222    4.0525    4.3200    4.6513    4.6958    4.7601    4.8360    4.9530    5.0628    5.1779    5.4263    5.5748    5.7415    5.7660    5.8951    5.9378    6.0187    6.3541    6.5198    6.5730    6.7561
  1.9236  -44.1641  -44.1611  -44.1601  -44.1597  -26.2367  -26.2358  -26.2021  -26.2002  -26.1923  -26.1901  -26.1893  -26.1843  -26.1745  -26.1734  -26.1453  -26.1436  -23.7720  -23.7524  -23.7464  -23.7435  -23.7341  -23.7305  -23.7250  -23.7230  -23.7161  -23.6961  -23.6851  -23.6758  -17.5245  -17.5244  -17.4990  -17.4865  -17.4773  -17.4721  -17.4691  -17.4624  -17.4551  -17.4529  -17.4460  -17.4407  -17.4352  -17.4332  -17.4178  -17.4136  -17.4121  -17.4088  -17.3764  -17.3746  -12.5871  -11.6663  -11.4157  -10.5173  -10.4678  -10.4547  -10.3547  -10.2009   -7.2519   -6.0064   -5.7726   -5.2703   -4.1131   -3.9804   -3.8686   -3.7193   -3.5236   -3.0705   -2.8757   -2.4591   -2.3767   -2.1396   -2.1001   -2.0624   -1.7945   -1.5567   -1.5517   -1.5017   -1.2305   -0.5318   -0.4540   -0.2901    2.0843    2.1242    2.1751    2.8299    3.0659    3.3092    3.5388    3.7000    3.7541    3.7664    3.9752    4.0257    4.1455    4.2052    4.5432    4.6109    4.7912    4.9253    4.9755    5.0969    5.2051    5.3964    5.4661    5.7302    5.8150    5.9202    5.9574    6.1079    6.3915    6.5028    6.6041    6.7061
  1.9792  -44.1641  -44.1611  -44.1601  -44.1597  -26.2367  -26.2358  -26.2021  -26.2002  -26.1923  -26.1900  -26.1895  -26.1843  -26.1745  -26.1734  -26.1453  -26.1436  -23.7723  -23.7524  -23.7460  -23.7434  -23.7340  -23.7305  -23.7246  -23.7233  -23.7169  -23.6961  -23.6849  -23.6756  -17.5245  -17.5244  -17.4990  -17.4865  -17.4772  -17.4712  -17.4700  -17.4625  -17.4551  -17.4529  -17.4460  -17.4407  -17.4352  -17.4331  -17.4178  -17.4135  -17.4122  -17.4088  -17.3764  -17.3746  -12.5946  -11.6489  -11.4315  -10.4923  -10.4864  -10.4493  -10.3545  -10.1986   -7.2626   -5.9966   -5.7857   -5.2636   -4.1009   -3.8722   -3.8567   -3.8558   -3.5465   -3.0421   -2.9297   -2.4117   -2.3410   -2.1927   -2.1089   -2.0692   -1.8254   -1.5561   -1.5429   -1.5155   -1.2230   -0.4932   -0.4338   -0.2461    2.0636    2.1101    2.1344    2.9396    2.9968    3.3202    3.5655    3.7058    3.7345    3.7411    4.0012    4.0851    4.1011    4.2185    4.4567    4.5869    4.7828    4.9585    5.0047    5.2012    5.2098    5.3266    5.3772    5.7466    5.8276    5.9327    5.9641    6.1492    6.3763    6.4826    6.6507    6.8805
  1.9792  -44.1641  -44.1611  -44.1601  -44.1597  -26.2367  -26.2358  -26.2021  -26.2002  -26.1923  -26.1900  -26.1895  -26.1843  -26.1745  -26.1734  -26.1453  -26.1436  -23.7723  -23.7524  -23.7460  -23.7434  -23.7340  -23.7305  -23.7246  -23.7233  -23.7169  -23.6961  -23.6849  -23.6756  -17.5245  -17.5244  -17.4990  -17.4865  -17.4772  -17.4712  -17.4700  -17.4625  -17.4551  -17.4529  -17.4460  -17.4407  -17.4352  -17.4331  -17.4178  -17.4135  -17.4122  -17.4088  -17.3764  -17.3746  -12.5946  -11.6489  -11.4315  -10.4923  -10.4864  -10.4493  -10.3545  -10.1986   -7.2626   -5.9966   -5.7857   -5.2636   -4.1009   -3.8722   -3.8567   -3.8558   -3.5465   -3.0421   -2.9297   -2.4117   -2.3410   -2.1927   -2.1089   -2.0692   -1.8254   -1.5561   -1.5429   -1.5155   -1.2230   -0.4932   -0.4338   -0.2461    2.0636    2.1101    2.1344    2.9394    2.9968    3.3202    3.5655    3.7038    3.7345    3.7411    4.0012    4.0850    4.1011    4.2185    4.4567    4.5869    4.7827    4.9600    5.0048    5.2011    5.2078    5.3255    5.3776    5.7643    5.8536    5.9418    5.9846    6.1640    6.3243    6.4894    6.5845    6.8227
  2.0357  -44.1641  -44.1611  -44.1601  -44.1597  -26.2367  -26.2358  -26.2021  -26.2002  -26.1923  -26.1902  -26.1892  -26.1844  -26.1745  -26.1734  -26.1453  -26.1437  -23.7718  -23.7524  -23.7466  -23.7435  -23.7341  -23.7306  -23.7253  -23.7228  -23.7156  -23.6961  -23.6852  -23.6759  -17.5245  -17.5244  -17.4989  -17.4866  -17.4774  -17.4725  -17.4688  -17.4623  -17.4551  -17.4529  -17.4460  -17.4408  -17.4352  -17.4332  -17.4178  -17.4137  -17.4121  -17.4088  -17.3763  -17.3746  -12.5861  -11.6780  -11.4039  -10.5197  -10.4727  -10.4533  -10.3519  -10.2003   -7.2414   -6.0005   -5.7799   -5.2699   -4.1285   -3.9733   -3.8607   -3.7086   -3.5342   -3.0696   -2.8805   -2.4768   -2.3321   -2.1544   -2.1012   -2.0803   -1.8035   -1.5635   -1.5534   -1.5099   -1.2344   -0.5479   -0.4724   -0.2610    2.0912    2.1393    2.1732    2.9402    2.9891    3.2878    3.5573    3.7266    3.7450    3.7735    3.9083    3.9912    4.1889    4.2640    4.5263    4.6395    4.7701    4.8678    4.9893    5.1927    5.2315    5.3980    5.4614    5.7104    5.8184    5.9277    5.9610    6.1392    6.3622    6.4935    6.6309    7.1464
  2.0922  -44.1639  -44.1612  -44.1600  -44.1598  -26.2367  -26.2359  -26.2020  -26.2003  -26.1923  -26.1905  -26.1889  -26.1845  -26.1745  -26.1735  -26.1452  -26.1437  -23.7705  -23.7523  -23.7481  -23.7439  -23.7342  -23.7309  -23.7264  -23.7214  -23.7130  -23.6965  -23.6861  -23.6767  -17.5245  -17.5244  -17.4986  -17.4869  -17.4778  -17.4740  -17.4671  -17.4618  -17.4550  -17.4529  -17.4462  -17.4410  -17.4351  -17.4332  -17.4177  -17.4139  -17.4119  -17.4089  -17.3763  -17.3747  -12.5606  -11.7395  -11.3477  -10.5630  -10.4850  -10.4479  -10.3448  -10.2056   -7.1790   -6.0129   -5.7621   -5.2870   -4.2104   -3.9993   -3.8701   -3.5890   -3.4656   -3.0875   -2.8125   -2.5553   -2.3501   -2.1723   -2.0836   -2.0145   -1.7612   -1.5954   -1.5699   -1.4970   -1.2544   -0.7511   -0.5231   -0.3010    2.1606    2.1869    2.2954    2.9365    2.9636    3.2054    3.5441    3.7105    3.7675    3.8425    3.9001    3.9772    4.1401    4.3768    4.5820    4.7280    4.7925    4.8027    4.9071    5.2324    5.2814    5.4898    5.5863    5.6553    5.7635    5.8814    5.9630    6.0693    6.3578    6.4898    6.6313    6.9477
  2.1486  -44.1638  -44.1613  -44.1600  -44.1599  -26.2366  -26.2359  -26.2019  -26.2004  -26.1922  -26.1908  -26.1885  -26.1847  -26.1744  -26.1735  -26.1451  -26.1438  -23.7683  -23.7528  -23.7494  -23.7445  -23.7342  -23.7313  -23.7274  -23.7197  -23.7103  -23.6972  -23.6873  -23.6778  -17.5245  -17.5244  -17.4980  -17.4873  -17.4786  -17.4754  -17.4656  -17.4609  -17.4549  -17.4528  -17.4464  -17.4414  -17.4351  -17.4334  -17.4175  -17.4142  -17.4116  -17.4090  -17.3761  -17.3748  -12.5191  -11.8079  -11.2906  -10.6237  -10.5071  -10.4406  -10.3341  -10.2143   -7.0793   -6.0348   -5.7322   -5.3114   -4.2913   -3.9933   -3.8742   -3.5687   -3.3113   -3.0628   -2.8274   -2.5432   -2.3852   -2.2222   -2.0695   -1.9253   -1.7287   -1.6509   -1.5776   -1.4770   -1.2548   -1.0371   -0.5916   -0.3600    2.1840    2.3099    2.4241    2.8693    2.9751    3.1534    3.5273    3.6655    3.6937    3.9601    4.0106    4.0567    4.1506    4.4187    4.5216    4.7009    4.8132    4.9296    4.9872    5.2214    5.3468    5.4896    5.6369    5.7025    5.7835    5.8323    5.9700    5.9945    6.3108    6.4072    6.6399    6.9870
  2.2051  -44.1635  -44.1614  -44.1601  -44.1600  -26.2366  -26.2360  -26.2017  -26.2005  -26.1922  -26.1910  -26.1881  -26.1850  -26.1743  -26.1736  -26.1450  -26.1439  -23.7657  -23.7544  -23.7494  -23.7450  -23.7340  -23.7316  -23.7282  -23.7179  -23.7084  -23.6989  -23.6879  -23.6790  -17.5245  -17.5244  -17.4971  -17.4879  -17.4798  -17.4767  -17.4641  -17.4598  -17.4546  -17.4527  -17.4467  -17.4420  -17.4349  -17.4335  -17.4172  -17.4145  -17.4114  -17.4092  -17.3760  -17.3748  -12.4627  -11.8737  -11.2448  -10.7036  -10.5223  -10.4371  -10.3207  -10.2254   -6.9486   -6.0646   -5.6920   -5.3399   -4.3439   -3.9944   -3.8600   -3.5690   -3.1689   -3.0057   -2.9118   -2.4665   -2.4355   -2.2281   -2.0945   -1.8698   -1.7379   -1.6938   -1.5681   -1.4523   -1.3264   -1.2243   -0.6775   -0.4333    2.1475    2.4650    2.5147    2.8220    3.0110    3.1617    3.4695    3.6317    3.6453    4.0174    4.0703    4.1325    4.3488    4.4315    4.5289    4.6685    4.8266    5.0679    5.1303    5.1517    5.4144    5.4607    5.6130    5.6507    5.7807    5.9064    5.9560    6.0097    6.3347    6.4818    6.6296    6.9497
  2.2615  -44.1632  -44.1615  -44.1602  -44.1600  -26.2365  -26.2361  -26.2015  -26.2006  -26.1921  -26.1911  -26.1878  -26.1854  -26.1742  -26.1737  -26.1449  -26.1440  -23.7629  -23.7558  -23.7488  -23.7454  -23.7338  -23.7317  -23.7287  -23.7167  -23.7073  -23.7013  -23.6876  -23.6802  -17.5245  -17.5244  -17.4961  -17.4884  -17.4811  -17.4781  -17.4626  -17.4589  -17.4541  -17.4525  -17.4470  -17.4429  -17.4348  -17.4337  -17.4169  -17.4148  -17.4111  -17.4095  -17.3758  -17.3749  -12.3936  -11.9328  -11.2153  -10.7999  -10.5243  -10.4365  -10.3065  -10.2378   -6.7954   -6.0983   -5.6452   -5.3708   -4.3635   -4.0213   -3.8164   -3.5601   -3.0935   -3.0380   -2.8800   -2.5303   -2.3708   -2.1899   -2.1502   -1.8914   -1.7971   -1.7028   -1.6446   -1.4729   -1.3751   -1.1768   -0.7692   -0.5180    2.0739    2.5602    2.6042    2.8575    3.0565    3.1988    3.3895    3.5564    3.6850    4.0384    4.1080    4.2330    4.3656    4.5556    4.6725    4.7389    4.8088    5.0106    5.2253    5.2528    5.3876    5.4140    5.5651    5.6169    5.7910    5.8862    5.9765    6.1416    6.3614    6.4940    6.6145    7.0192
  2.3180  -44.1628  -44.1616  -44.1604  -44.1601  -26.2364  -26.2361  -26.2014  -26.2007  -26.1920  -26.1912  -26.1875  -26.1858  -26.1741  -26.1737  -26.1447  -26.1441  -23.7603  -23.7566  -23.7480  -23.7457  -23.7336  -23.7316  -23.7291  -23.7172  -23.7069  -23.7030  -23.6868  -23.6815  -17.5245  -17.5245  -17.4947  -17.4888  -17.4824  -17.4796  -17.4611  -17.4582  -17.4533  -17.4522  -17.4473  -17.4439  -17.4346  -17.4338  -17.4165  -17.4150  -17.4110  -17.4098  -17.3756  -17.3750  -12.3153  -11.9831  -11.2022  -10.9067  -10.5124  -10.4373  -10.2939  -10.2504   -6.6307   -6.1307   -5.5968   -5.4027   -4.3529   -4.0682   -3.7498   -3.5324   -3.1851   -3.0240   -2.7774   -2.6184   -2.3358   -2.2679   -2.1094   -2.0267   -1.8505   -1.7629   -1.6215   -1.4393   -1.3220   -1.1320   -0.8522   -0.6125    2.0283    2.5570    2.6896    2.9662    3.0778    3.2310    3.3489    3.5250    3.7593    4.0791    4.1006    4.2973    4.4363    4.5995    4.7016    4.7507    4.8472    5.0492    5.2283    5.3012    5.3838    5.4232    5.5803    5.6229    5.8069    5.9286    6.0186    6.2003    6.2787    6.3927    6.5013    6.7388
  2.3744  -44.1625  -44.1616  -44.1606  -44.1603  -26.2364  -26.2362  -26.2012  -26.2008  -26.1918  -26.1913  -26.1873  -26.1862  -26.1740  -26.1738  -26.1446  -26.1442  -23.7581  -23.7564  -23.7473  -23.7459  -23.7333  -23.7316  -23.7292  -23.7200  -23.7062  -23.7036  -23.6861  -23.6828  -17.5245  -17.5245  -17.4932  -17.4891  -17.4835  -17.4812  -17.4597  -17.4578  -17.4525  -17.4518  -17.4476  -17.4451  -17.4344  -17.4340  -17.4161  -17.4152  -17.4108  -17.4101  -17.3755  -17.3751  -12.2331  -12.0232  -11.2011  -11.0154  -10.4909  -10.4386  -10.2850  -10.2619   -6.4687   -6.1577   -5.5522   -5.4338   -4.3190   -4.1212   -3.6761   -3.4803   -3.2995   -3.0393   -2.6980   -2.6740   -2.4941   -2.2590   -2.2167   -2.0320   -1.8434   -1.7584   -1.5642   -1.4005   -1.2761   -1.1145   -0.9116   -0.7140    2.0564    2.5226    2.7429    3.0147    3.0788    3.2090    3.4395    3.5729    3.8585    4.0292    4.1735    4.3188    4.4667    4.5308    4.6615    4.8028    4.8462    5.1035    5.2275    5.2958    5.3395    5.5624    5.5896    5.6694    5.9016    5.9164    6.0388    6.1185    6.2326    6.4190    6.5459    6.8861
  2.4309  -44.1621  -44.1616  -44.1607  -44.1605  -26.2364  -26.2362  -26.2011  -26.2009  -26.1916  -26.1913  -26.1871  -26.1866  -26.1739  -26.1738  -26.1445  -26.1443  -23.7565  -23.7556  -23.7468  -23.7461  -23.7329  -23.7316  -23.7292  -23.7238  -23.7049  -23.7036  -23.6855  -23.6839  -17.5245  -17.5245  -17.4916  -17.4892  -17.4845  -17.4830  -17.4585  -17.4576  -17.4516  -17.4511  -17.4480  -17.4465  -17.4343  -17.4341  -17.4158  -17.4154  -17.4107  -17.4104  -17.3753  -17.3752  -12.1561  -12.0523  -11.2058  -11.1139  -10.4667  -10.4396  -10.2805  -10.2712   -6.3273   -6.1771   -5.5170   -5.4610   -4.2729   -4.1686   -3.6112   -3.4457   -3.3511   -3.0997   -2.7724   -2.6858   -2.5640   -2.3126   -2.2444   -2.0846   -1.7705   -1.7142   -1.4901   -1.3684   -1.2497   -1.1425   -0.9374   -0.8163    2.1682    2.4824    2.7724    2.9455    3.1205    3.1791    3.5320    3.7061    3.9194    3.9802    4.2063    4.3032    4.3675    4.5976    4.6615    4.8223    4.8924    5.0931    5.1567    5.2413    5.3279    5.5634    5.6901    5.7588    5.9043    5.9481    6.0213    6.0947    6.1767    6.2944    6.5289    6.6154
  2.4873  -44.1618  -44.1616  -44.1608  -44.1607  -26.2364  -26.2363  -26.2011  -26.2010  -26.1915  -26.1913  -26.1870  -26.1868  -26.1739  -26.1738  -26.1445  -26.1444  -23.7552  -23.7549  -23.7464  -23.7462  -23.7322  -23.7315  -23.7292  -23.7273  -23.7038  -23.7035  -23.6853  -23.6848  -17.5245  -17.5245  -17.4901  -17.4892  -17.4852  -17.4846  -17.4577  -17.4575  -17.4508  -17.4504  -17.4484  -17.4478  -17.4342  -17.4342  -17.4156  -17.4155  -17.4107  -17.4106  -17.3753  -17.3752  -12.0981  -12.0700  -11.2109  -11.1859  -10.4476  -10.4401  -10.2794  -10.2773   -6.2282   -6.1884   -5.4950   -5.4805   -4.2307   -4.2013   -3.5611   -3.5091   -3.2600   -3.1681   -2.8518   -2.8253   -2.4517   -2.3615   -2.2469   -2.1784   -1.6884   -1.6668   -1.4079   -1.3555   -1.2387   -1.1973   -0.9422   -0.9037    2.3339    2.4518    2.7824    2.8522    3.1493    3.1657    3.5662    3.6567    4.0040    4.0923    4.2046    4.2635    4.3906    4.5090    4.7621    4.8473    4.9381    5.0333    5.0679    5.1218    5.4335    5.5235    5.7605    5.7774    5.9318    5.9509    6.0400    6.1012    6.2103    6.2945    6.4483    6.6970
  2.5438  -44.1617  -44.1616  -44.1609  -44.1608  -26.2364  -26.2363  -26.2011  -26.2010  -26.1914  -26.1913  -26.1870  -26.1869  -26.1739  -26.1738  -26.1445  -26.1444  -23.7547  -23.7546  -23.7464  -23.7463  -23.7316  -23.7315  -23.7291  -23.7291  -23.7034  -23.7034  -23.6852  -23.6852  -17.5246  -17.5245  -17.4892  -17.4892  -17.4855  -17.4855  -17.4575  -17.4574  -17.4501  -17.4501  -17.4486  -17.4486  -17.4342  -17.4342  -17.4155  -17.4155  -17.4107  -17.4107  -17.3752  -17.3752  -12.0760  -12.0759  -11.2129  -11.2129  -10.4403  -10.4403  -10.2795  -10.2795   -6.1921   -6.1921   -5.4877   -5.4877   -4.2129   -4.2129   -3.5390   -3.5390   -3.1999   -3.1998   -2.8889   -2.8889   -2.3749   -2.3748   -2.2504   -2.2504   -1.6482   -1.6482   -1.3600   -1.3600   -1.2328   -1.2328   -0.9422   -0.9422    2.4404    2.4404    2.7836    2.7838    3.1625    3.1625    3.5749    3.5750    4.1605    4.1605    4.2045    4.2045    4.4072    4.4109    4.8537    4.8567    4.9972    4.9982    5.0136    5.0156    5.5064    5.5079    5.7384    5.7508    5.9163    5.9590    6.0931    6.1086    6.2125    6.3608    6.4200    6.6995
  2.5438  -44.1620  -44.1620  -44.1605  -44.1604  -26.2364  -26.2363  -26.2012  -26.2011  -26.1918  -26.1917  -26.1865  -26.1865  -26.1738  -26.1738  -26.1444  -26.1443  -23.7592  -23.7592  -23.7477  -23.7477  -23.7363  -23.7363  -23.7233  -23.7232  -23.7015  -23.7015  -23.6822  -23.6822  -17.5242  -17.5241  -17.4944  -17.4944  -17.4716  -17.4715  -17.4683  -17.4683  -17.4533  -17.4533  -17.4431  -17.4431  -17.4343  -17.4343  -17.4162  -17.4162  -17.4100  -17.4100  -17.3754  -17.3754  -11.9605  -11.9604  -11.2020  -11.2020  -10.5542  -10.5542  -10.3786  -10.3786   -6.3738   -6.3738   -5.7188   -5.7187   -3.9115   -3.9115   -3.2152   -3.2152   -3.1218   -3.1218   -2.5554   -2.5554   -2.2427   -2.2427   -1.8281   -1.8280   -1.5135   -1.5134   -1.4561   -1.4561   -1.2741   -1.2741   -0.9549   -0.9549    1.7444    1.7445    2.3033    2.3034    2.6228    2.6229    2.9473    2.9473    3.3959    3.3960    4.0150    4.0150    4.5763    4.5764    4.7482    4.7482    4.8387    4.8388    5.0442    5.0446    5.1259    5.1259    5.5296    5.5297    5.8081    5.8143    6.0208    6.0283    6.4937    6.6148    6.9498    7.0506
  2.6009  -44.1623  -44.1618  -44.1605  -44.1604  -26.2364  -26.2363  -26.2013  -26.2010  -26.1919  -26.1916  -26.1869  -26.1861  -26.1739  -26.1737  -26.1445  -26.1442  -23.7593  -23.7590  -23.7481  -23.7476  -23.7363  -23.7362  -23.7256  -23.7205  -23.7016  -23.7014  -23.6833  -23.6811  -17.5242  -17.5241  -17.4952  -17.4935  -17.4720  -17.4712  -17.4688  -17.4677  -17.4534  -17.4532  -17.4434  -17.4427  -17.4345  -17.4342  -17.4165  -17.4159  -17.4103  -17.4098  -17.3756  -17.3753  -12.0257  -11.9051  -11.2607  -11.1307  -10.5689  -10.5352  -10.3852  -10.3683   -6.4936   -6.2486   -5.7944   -5.6464   -3.9330   -3.9212   -3.3448   -3.1588   -3.1257   -3.0423   -2.5703   -2.5465   -2.2909   -2.2269   -1.8222   -1.7988   -1.5838   -1.5034   -1.4396   -1.4240   -1.2839   -1.2553   -0.9569   -0.9473    1.6579    1.8037    2.3132    2.3322    2.6512    2.6801    2.9378    2.9838    3.3576    3.4103    3.8444    4.1479    4.5351    4.5980    4.6695    4.7180    4.8875    4.9267    5.0379    5.0383    5.1224    5.2437    5.5184    5.5488    5.7942    5.8106    6.0171    6.0200    6.3938    6.4655    6.9029    6.9234
  2.6579  -44.1626  -44.1615  -44.1605  -44.1604  -26.2365  -26.2362  -26.2014  -26.2008  -26.1920  -26.1914  -26.1872  -26.1858  -26.1740  -26.1737  -26.1446  -26.1441  -23.7594  -23.7586  -23.7487  -23.7478  -23.7363  -23.7361  -23.7274  -23.7179  -23.7020  -23.7013  -23.6845  -23.6802  -17.5242  -17.5241  -17.4959  -17.4926  -17.4726  -17.4710  -17.4692  -17.4670  -17.4536  -17.4531  -17.4438  -17.4423  -17.4346  -17.4340  -17.4167  -17.4156  -17.4106  -17.4096  -17.3757  -17.3752  -12.0998  -11.8586  -11.3058  -11.0502  -10.5775  -10.5139  -10.3886  -10.3542   -6.6090   -6.1183   -5.8670   -5.5822   -3.9964   -3.9500   -3.4363   -3.2238   -3.1378   -2.8636   -2.5836   -2.5560   -2.3306   -2.2445   -1.8050   -1.7778   -1.6384   -1.5469   -1.4089   -1.3650   -1.2732   -1.2366   -0.9528   -0.9367    1.5855    1.8231    2.3128    2.4358    2.7783    2.7805    2.9532    3.0416    3.3249    3.3797    3.6963    4.2292    4.5098    4.5693    4.5998    4.6571    4.8327    5.0383    5.1131    5.1298    5.2219    5.3503    5.5235    5.5802    5.7760    5.8048    6.0030    6.0044    6.2477    6.4326    6.8379    7.0176
  2.7150  -44.1629  -44.1613  -44.1605  -44.1603  -26.2365  -26.2362  -26.2016  -26.2007  -26.1921  -26.1912  -26.1876  -26.1855  -26.1740  -26.1736  -26.1447  -26.1440  -23.7601  -23.7579  -23.7490  -23.7482  -23.7362  -23.7359  -23.7285  -23.7160  -23.7027  -23.7008  -23.6857  -23.6793  -17.5243  -17.5241  -17.4966  -17.4916  -17.4733  -17.4708  -17.4695  -17.4663  -17.4538  -17.4530  -17.4442  -17.4420  -17.4347  -17.4339  -17.4170  -17.4152  -17.4108  -17.4094  -17.3758  -17.3751  -12.1796  -11.8189  -11.3392  -10.9655  -10.5784  -10.4924  -10.3892  -10.3362   -6.7209   -5.9849   -5.9298   -5.5303   -4.0966   -3.9894   -3.5003   -3.2923   -3.1614   -2.7404   -2.5924   -2.5611   -2.3010   -2.2790   -1.8565   -1.8051   -1.6137   -1.5934   -1.3987   -1.3039   -1.2578   -1.2032   -0.9343   -0.9323    1.5598    1.8347    2.3093    2.5794    2.9017    2.9055    3.0269    3.1075    3.3201    3.3207    3.6389    4.2671    4.4696    4.5112    4.5316    4.6349    4.7762    5.0774    5.2434    5.2526    5.2824    5.4369    5.5645    5.6155    5.7433    5.8063    5.9409    5.9795    6.1308    6.4144    6.8083    6.9369
  2.7720  -44.1631  -44.1611  -44.1604  -44.1603  -26.2366  -26.2361  -26.2017  -26.2006  -26.1922  -26.1910  -26.1880  -26.1852  -26.1741  -26.1736  -26.1448  -26.1439  -23.7615  -23.7569  -23.7488  -23.7486  -23.7361  -23.7356  -23.7290  -23.7150  -23.7038  -23.6997  -23.6868  -23.6785  -17.5243  -17.5241  -17.4972  -17.4907  -17.4741  -17.4708  -17.4697  -17.4655  -17.4540  -17.4530  -17.4446  -17.4417  -17.4348  -17.4337  -17.4172  -17.4149  -17.4111  -17.4092  -17.3759  -17.3750  -12.2611  -11.7840  -11.3636  -10.8818  -10.5711  -10.4727  -10.3874  -10.3144   -6.8294   -5.9771   -5.8520   -5.4959   -4.2087   -4.0298   -3.5714   -3.3226   -3.1969   -2.7549   -2.6524   -2.4806   -2.3199   -2.1469   -1.9795   -1.8237   -1.6551   -1.5763   -1.3822   -1.2690   -1.2521   -1.1573   -0.9422   -0.8884    1.5999    1.8626    2.3080    2.7202    2.9081    3.0175    3.1727    3.1784    3.3297    3.3612    3.6892    4.2615    4.4062    4.4245    4.4652    4.6542    4.7880    5.0552    5.2377    5.3126    5.3454    5.5047    5.5901    5.6056    5.7128    5.8015    5.8711    5.9233    6.1052    6.4059    6.8213    6.9567
  2.8291  -44.1634  -44.1611  -44.1603  -44.1602  -26.2366  -26.2360  -26.2018  -26.2005  -26.1923  -26.1908  -26.1883  -26.1850  -26.1742  -26.1735  -26.1450  -26.1439  -23.7635  -23.7557  -23.7489  -23.7480  -23.7359  -23.7352  -23.7290  -23.7152  -23.7053  -23.6982  -23.6876  -23.6778  -17.5244  -17.5242  -17.4977  -17.4897  -17.4748  -17.4708  -17.4698  -17.4648  -17.4542  -17.4530  -17.4449  -17.4414  -17.4349  -17.4336  -17.4173  -17.4146  -17.4114  -17.4091  -17.3760  -17.3749  -12.3398  -11.7526  -11.3820  -10.8030  -10.5559  -10.4563  -10.3837  -10.2900   -6.9326   -6.0068   -5.7266   -5.4843   -4.3006   -4.0615   -3.6656   -3.3043   -3.2423   -2.8286   -2.7236   -2.4036   -2.3595   -2.1318   -1.8917   -1.8519   -1.7330   -1.5551   -1.3600   -1.2755   -1.2530   -1.1306   -0.9475   -0.8112    1.7130    1.9115    2.2991    2.8181    2.8892    3.1015    3.2326    3.2331    3.4599    3.4919    3.8237    4.2073    4.3493    4.3536    4.4056    4.6858    4.8336    5.0012    5.1557    5.2141    5.3319    5.5516    5.6497    5.6586    5.7035    5.7587    5.8596    5.9495    6.0957    6.4314    6.7684    6.8991
  2.8862  -44.1636  -44.1610  -44.1602  -44.1601  -26.2366  -26.2360  -26.2019  -26.2004  -26.1923  -26.1906  -26.1886  -26.1848  -26.1743  -26.1735  -26.1451  -26.1438  -23.7657  -23.7544  -23.7490  -23.7469  -23.7357  -23.7345  -23.7287  -23.7163  -23.7071  -23.6969  -23.6879  -23.6771  -17.5244  -17.5242  -17.4981  -17.4889  -17.4754  -17.4709  -17.4699  -17.4642  -17.4545  -17.4530  -17.4452  -17.4412  -17.4350  -17.4334  -17.4175  -17.4143  -17.4116  -17.4090  -17.3761  -17.3748  -12.4122  -11.7241  -11.3967  -10.7314  -10.5346  -10.4445  -10.3786  -10.2650   -7.0272   -6.0201   -5.6280   -5.4873   -4.3461   -4.0777   -3.7647   -3.2905   -3.2730   -2.9282   -2.7819   -2.3907   -2.3567   -2.2430   -1.8847   -1.8161   -1.6738   -1.5216   -1.3382   -1.3218   -1.2270   -1.2029   -0.8809   -0.7130    1.8893    1.9748    2.2713    2.8100    2.9069    3.1953    3.2847    3.2868    3.5792    3.6493    3.9574    4.1477    4.2772    4.3662    4.3688    4.7221    4.8745    4.9080    4.9932    5.1963    5.2569    5.4954    5.6767    5.6775    5.7553    5.7910    5.8195    5.9735    6.0579    6.2647    6.6610    6.8278
  2.9432  -44.1638  -44.1610  -44.1601  -44.1600  -26.2366  -26.2359  -26.2020  -26.2003  -26.1923  -26.1904  -26.1889  -26.1846  -26.1744  -26.1735  -26.1451  -26.1437  -23.7679  -23.7533  -23.7488  -23.7457  -23.7354  -23.7336  -23.7282  -23.7178  -23.7092  -23.6961  -23.6875  -23.6766  -17.5244  -17.5243  -17.4984  -17.4881  -17.4760  -17.4709  -17.4700  -17.4636  -17.4547  -17.4529  -17.4455  -17.4410  -17.4351  -17.4333  -17.4176  -17.4140  -17.4118  -17.4089  -17.3762  -17.3747  -12.4750  -11.6990  -11.4086  -10.6679  -10.5102  -10.4384  -10.3726  -10.2419   -7.1093   -6.0209   -5.6163   -5.4462   -4.3339   -4.0771   -3.8514   -3.3413   -3.2762   -3.0348   -2.7886   -2.4589   -2.4086   -2.2134   -1.9292   -1.8859   -1.6015   -1.4514   -1.3977   -1.3417   -1.3196   -1.0797   -0.7733   -0.6090    2.0394    2.0946    2.2384    2.6979    2.9724    3.2387    3.3527    3.4142    3.6590    3.7504    3.9691    4.0933    4.1846    4.4141    4.4997    4.7288    4.7743    4.8734    4.9880    5.1210    5.2135    5.3555    5.6958    5.7144    5.8063    5.8583    5.8791    5.9558    6.1364    6.1637    6.6220    6.8710
  3.0003  -44.1639  -44.1611  -44.1601  -44.1599  -26.2367  -26.2359  -26.2020  -26.2003  -26.1923  -26.1902  -26.1891  -26.1845  -26.1744  -26.1735  -26.1452  -26.1437  -23.7697  -23.7527  -23.7481  -23.7447  -23.7351  -23.7324  -23.7275  -23.7196  -23.7116  -23.6958  -23.6867  -23.6762  -17.5245  -17.5243  -17.4987  -17.4874  -17.4765  -17.4711  -17.4700  -17.4632  -17.4549  -17.4529  -17.4457  -17.4409  -17.4351  -17.4332  -17.4177  -17.4138  -17.4120  -17.4088  -17.3763  -17.3747  -12.5262  -11.6781  -11.4183  -10.6122  -10.4862  -10.4390  -10.3663  -10.2228   -7.1756   -6.0146   -5.6698   -5.3731   -4.2682   -4.0689   -3.9083   -3.4170   -3.3352   -3.1118   -2.7237   -2.6014   -2.4115   -2.1532   -1.9939   -1.9308   -1.5866   -1.5467   -1.4441   -1.4388   -1.2911   -0.8284   -0.6648   -0.5101    2.0897    2.1431    2.3737    2.5256    3.0578    3.2473    3.4209    3.5698    3.7190    3.8043    3.9102    4.0143    4.1042    4.4826    4.5647    4.7406    4.8147    4.8432    4.9493    5.0135    5.2493    5.2610    5.7035    5.7381    5.8301    5.8681    5.9328    5.9913    6.1410    6.2941    6.5924    6.7868
  3.0573  -44.1640  -44.1611  -44.1601  -44.1598  -26.2367  -26.2359  -26.2021  -26.2003  -26.1923  -26.1901  -26.1893  -26.1844  -26.1745  -26.1734  -26.1453  -26.1437  -23.7711  -23.7525  -23.7471  -23.7440  -23.7346  -23.7314  -23.7265  -23.7214  -23.7139  -23.6959  -23.6858  -23.6759  -17.5245  -17.5243  -17.4989  -17.4869  -17.4769  -17.4712  -17.4700  -17.4628  -17.4550  -17.4529  -17.4459  -17.4408  -17.4351  -17.4332  -17.4178  -17.4137  -17.4121  -17.4088  -17.3763  -17.3747  -12.5638  -11.6622  -11.4255  -10.5639  -10.4665  -10.4474  -10.3604  -10.2092   -7.2238   -6.0060   -5.7287   -5.3132   -4.1603   -4.0752   -3.9129   -3.5419   -3.4244   -3.1246   -2.7392   -2.6095   -2.4010   -2.1067   -2.0559   -1.9855   -1.7071   -1.5741   -1.5005   -1.4674   -1.2582   -0.5931   -0.5743   -0.4145    2.1032    2.1165    2.3353    2.5982    3.1090    3.2692    3.4825    3.6519    3.7894    3.7975    3.9050    3.9889    4.0487    4.3472    4.6943    4.7205    4.7980    4.8399    4.9113    5.0054    5.2404    5.3189    5.6496    5.7553    5.7921    5.8761    5.9739    6.0111    6.3253    6.4566    6.5735    6.7867
  3.1144  -44.1641  -44.1611  -44.1601  -44.1597  -26.2367  -26.2358  -26.2021  -26.2002  -26.1923  -26.1900  -26.1894  -26.1843  -26.1745  -26.1734  -26.1453  -26.1436  -23.7720  -23.7524  -23.7463  -23.7435  -23.7342  -23.7307  -23.7253  -23.7227  -23.7160  -23.6960  -23.6851  -23.6757  -17.5245  -17.5244  -17.4990  -17.4866  -17.4771  -17.4712  -17.4700  -17.4626  -17.4551  -17.4529  -17.4460  -17.4407  -17.4352  -17.4331  -17.4178  -17.4136  -17.4122  -17.4088  -17.3764  -17.3746  -12.5869  -11.6523  -11.4299  -10.5230  -10.4640  -10.4537  -10.3561  -10.2012   -7.2529   -5.9991   -5.7707   -5.2761   -4.0928   -4.0222   -3.8785   -3.6991   -3.5085   -3.0850   -2.8607   -2.4777   -2.3805   -2.1120   -2.0785   -2.0783   -1.8012   -1.5572   -1.5415   -1.4965   -1.2327   -0.5143   -0.4648   -0.3038    2.0739    2.1228    2.1821    2.8011    3.0793    3.3030    3.5398    3.6872    3.7524    3.7673    3.9842    4.0134    4.1168    4.2168    4.5579    4.6259    4.7887    4.9661    4.9818    5.0322    5.2239    5.3623    5.4853    5.7470    5.8051    5.9136    5.9651    6.0775    6.3876    6.4488    6.5407    6.8155
  3.1714  -44.1641  -44.1611  -44.1601  -44.1597  -26.2367  -26.2358  -26.2021  -26.2002  -26.1923  -26.1900  -26.1895  -26.1843  -26.1745  -26.1734  -26.1453  -26.1436  -23.7723  -23.7524  -23.7460  -23.7434  -23.7340  -23.7305  -23.7246  -23.7233  -23.7169  -23.6961  -23.6849  -23.6756  -17.5245  -17.5244  -17.4990  -17.4865  -17.4772  -17.4712  -17.4700  -17.4625  -17.4551  -17.4529  -17.4460  -17.4407  -17.4352  -17.4331  -17.4178  -17.4135  -17.4122  -17.4088  -17.3764  -17.3746  -12.5946  -11.6489  -11.4315  -10.4923  -10.4864  -10.4493  -10.3545  -10.1986   -7.2626   -5.9966   -5.7857   -5.2636   -4.1009   -3.8722   -3.8567   -3.8558   -3.5465   -3.0421   -2.9297   -2.4117   -2.3410   -2.1927   -2.1089   -2.0692   -1.8254   -1.5561   -1.5429   -1.5155   -1.2230   -0.4932   -0.4338   -0.2461    2.0636    2.1101    2.1344    2.9397    2.9968    3.3202    3.5655    3.7029    3.7345    3.7411    4.0011    4.0851    4.1011    4.2185    4.4567    4.5869    4.7827    4.9598    5.0044    5.2010    5.2077    5.3254    5.3779    5.7461    5.8272    5.9285    5.9600    6.1412    6.3712    6.4461    6.5576    6.7107
  3.1714  -44.1641  -44.1611  -44.1601  -44.1597  -26.2367  -26.2358  -26.2021  -26.2002  -26.1923  -26.1900  -26.1895  -26.1843  -26.1745  -26.1734  -26.1453  -26.1436  -23.7723  -23.7524  -23.7460  -23.7434  -23.7340  -23.7305  -23.7246  -23.7233  -23.7169  -23.6961  -23.6849  -23.6756  -17.5245  -17.5244  -17.4990  -17.4865  -17.4772  -17.4712  -17.4700  -17.4625  -17.4551  -17.4529  -17.4460  -17.4407  -17.4352  -17.4331  -17.4178  -17.4135  -17.4122  -17.4088  -17.3764  -17.3746  -12.5946  -11.6489  -11.4315  -10.4923  -10.4864  -10.4493  -10.3545  -10.1986   -7.2626   -5.9966   -5.7857   -5.2636   -4.1009   -3.8722   -3.8567   -3.8558   -3.5465   -3.0421   -2.9297   -2.4117   -2.3410   -2.1927   -2.1089   -2.0692   -1.8254   -1.5561   -1.5429   -1.5155   -1.2230   -0.4932   -0.4338   -0.2461    2.0636    2.1101    2.1344    2.9397    2.9968    3.3202    3.5655    3.7029    3.7345    3.7411    4.0012    4.0850    4.1011    4.2185    4.4567    4.5869    4.7827    4.9594    5.0046    5.2018    5.2078    5.3256    5.3775    5.7463    5.8411    5.9324    5.9634    6.1473    6.3698    6.4538    6.5872    6.8358
  3.2299  -44.1641  -44.1611  -44.1601  -44.1597  -26.2367  -26.2358  -26.2021  -26.2002  -26.1923  -26.1902  -26.1892  -26.1843  -26.1745  -26.1734  -26.1453  -26.1436  -23.7722  -23.7524  -23.7463  -23.7434  -23.7339  -23.7303  -23.7245  -23.7234  -23.7167  -23.6962  -23.6850  -23.6759  -17.5245  -17.5244  -17.4989  -17.4864  -17.4774  -17.4725  -17.4688  -17.4623  -17.4552  -17.4529  -17.4461  -17.4407  -17.4352  -17.4331  -17.4178  -17.4136  -17.4121  -17.4088  -17.3764  -17.3746  -12.5862  -11.6723  -11.4103  -10.4975  -10.4813  -10.4594  -10.3547  -10.2026   -7.2564   -6.0189   -5.7661   -5.2628   -4.1129   -3.8873   -3.8503   -3.8070   -3.5514   -3.0383   -2.9074   -2.4072   -2.3860   -2.1869   -2.1061   -2.0600   -1.7731   -1.5575   -1.5542   -1.5087   -1.2264   -0.5341   -0.4515   -0.3041    2.0899    2.1322    2.1811    2.8117    3.0963    3.3275    3.5304    3.7076    3.7499    3.7696    3.9600    4.0826    4.1150    4.2052    4.5273    4.5842    4.7814    4.8545    5.0672    5.1087    5.2324    5.3637    5.4515    5.7225    5.8349    5.9472    5.9555    6.0973    6.3454    6.4869    6.6312    6.9854
  3.2884  -44.1640  -44.1612  -44.1600  -44.1597  -26.2367  -26.2358  -26.2021  -26.2003  -26.1923  -26.1905  -26.1889  -26.1844  -26.1745  -26.1735  -26.1453  -26.1437  -23.7718  -23.7523  -23.7470  -23.7435  -23.7335  -23.7299  -23.7239  -23.7238  -23.7162  -23.6966  -23.6851  -23.6765  -17.5245  -17.5243  -17.4986  -17.4863  -17.4781  -17.4742  -17.4672  -17.4615  -17.4553  -17.4528  -17.4464  -17.4409  -17.4352  -17.4332  -17.4178  -17.4139  -17.4119  -17.4088  -17.3764  -17.3746  -12.5615  -11.7245  -11.3650  -10.5069  -10.4885  -10.4699  -10.3579  -10.2141   -7.2380   -6.0827   -5.7095   -5.2576   -4.1339   -3.8838   -3.8344   -3.7311   -3.5511   -3.0310   -2.8522   -2.4772   -2.3833   -2.2217   -2.1089   -1.9764   -1.6717   -1.5785   -1.5561   -1.4965   -1.2350   -0.6874   -0.5079   -0.4064    2.1299    2.1708    2.3470    2.6455    3.1823    3.3392    3.4763    3.6940    3.7756    3.8326    3.8934    4.0167    4.1541    4.2747    4.5535    4.6387    4.7020    4.8302    5.0360    5.1239    5.2023    5.3817    5.5195    5.6850    5.7830    5.8931    5.9602    5.9939    6.3317    6.4963    6.5827    6.8476
  3.3469  -44.1640  -44.1614  -44.1599  -44.1597  -26.2367  -26.2358  -26.2020  -26.2003  -26.1924  -26.1908  -26.1885  -26.1844  -26.1744  -26.1735  -26.1452  -26.1437  -23.7712  -23.7520  -23.7481  -23.7437  -23.7327  -23.7293  -23.7243  -23.7229  -23.7156  -23.6973  -23.6853  -23.6776  -17.5244  -17.5243  -17.4982  -17.4860  -17.4792  -17.4757  -17.4658  -17.4603  -17.4554  -17.4527  -17.4468  -17.4411  -17.4352  -17.4332  -17.4178  -17.4142  -17.4116  -17.4088  -17.3764  -17.3747  -12.5214  -11.7849  -11.3165  -10.5389  -10.5028  -10.4635  -10.3666  -10.2309   -7.2079   -6.1789   -5.6229   -5.2411   -4.1431   -3.8733   -3.8135   -3.6566   -3.5172   -3.0320   -2.7863   -2.5516   -2.4112   -2.2032   -2.1110   -1.8809   -1.6113   -1.5915   -1.5345   -1.4715   -1.2473   -0.9367   -0.5997   -0.4901    2.1306    2.2853    2.4852    2.5429    3.2077    3.3407    3.4586    3.6740    3.7216    3.8774    3.9030    3.9734    4.2296    4.3705    4.5123    4.5807    4.7148    4.8977    5.0356    5.1503    5.1873    5.3345    5.5043    5.6038    5.7658    5.8690    5.9396    5.9680    6.3208    6.5268    6.7073    6.7497
  3.4053  -44.1639  -44.1615  -44.1599  -44.1597  -26.2367  -26.2359  -26.2020  -26.2004  -26.1924  -26.1911  -26.1880  -26.1845  -26.1744  -26.1736  -26.1451  -26.1438  -23.7703  -23.7518  -23.7496  -23.7440  -23.7317  -23.7287  -23.7248  -23.7215  -23.7152  -23.6982  -23.6856  -23.6789  -17.5243  -17.5243  -17.4975  -17.4857  -17.4806  -17.4770  -17.4644  -17.4588  -17.4556  -17.4525  -17.4474  -17.4416  -17.4351  -17.4333  -17.4177  -17.4145  -17.4113  -17.4088  -17.3764  -17.3747  -12.4679  -11.8447  -11.2736  -10.5904  -10.5093  -10.4581  -10.3781  -10.2502   -7.1677   -6.2946   -5.5185   -5.2057   -4.1310   -3.8686   -3.7841   -3.5867   -3.4484   -3.0467   -2.7503   -2.6212   -2.4238   -2.1868   -2.0735   -1.8117   -1.6539   -1.5691   -1.5073   -1.4212   -1.2824   -1.1417   -0.7154   -0.5777    2.1230    2.3542    2.4199    2.7168    3.1534    3.3410    3.4865    3.6191    3.6892    3.8822    3.9450    4.0161    4.2619    4.3997    4.4859    4.5819    4.7694    4.9277    5.0130    5.1686    5.1896    5.3195    5.4346    5.5755    5.7950    5.8813    5.9241    5.9732    6.2525    6.5441    6.7384    6.7966
  3.4638  -44.1637  -44.1617  -44.1598  -44.1597  -26.2367  -26.2359  -26.2019  -26.2005  -26.1924  -26.1914  -26.1876  -26.1846  -26.1743  -26.1736  -26.1450  -26.1438  -23.7692  -23.7514  -23.7513  -23.7445  -23.7304  -23.7281  -23.7252  -23.7195  -23.7149  -23.6992  -23.6860  -23.6806  -17.5243  -17.5242  -17.4967  -17.4853  -17.4823  -17.4781  -17.4632  -17.4571  -17.4558  -17.4523  -17.4481  -17.4422  -17.4350  -17.4334  -17.4176  -17.4148  -17.4111  -17.4089  -17.3763  -17.3748  -12.4039  -11.8999  -11.2393  -10.6544  -10.5154  -10.4553  -10.3864  -10.2694   -7.1201   -6.4168   -5.4102   -5.1470   -4.0957   -3.8697   -3.7360   -3.5223   -3.3648   -3.0678   -2.8047   -2.6579   -2.3830   -2.2302   -1.9970   -1.7845   -1.7350   -1.5897   -1.5304   -1.3596   -1.3121   -1.1762   -0.8444   -0.6795    2.1023    2.2822    2.5258    2.8489    3.0930    3.3374    3.4912    3.5700    3.7535    3.9079    3.9751    4.0702    4.2403    4.2960    4.5831    4.6086    4.7857    4.9164    4.9832    5.1411    5.1473    5.3825    5.5372    5.5604    5.8007    5.8753    5.9172    5.9604    6.1374    6.5746    6.6559    6.9475
  3.5223  -44.1636  -44.1619  -44.1598  -44.1597  -26.2366  -26.2359  -26.2018  -26.2006  -26.1925  -26.1916  -26.1872  -26.1847  -26.1742  -26.1737  -26.1449  -26.1439  -23.7679  -23.7531  -23.7509  -23.7451  -23.7291  -23.7274  -23.7256  -23.7172  -23.7151  -23.7003  -23.6864  -23.6823  -17.5242  -17.5241  -17.4958  -17.4848  -17.4841  -17.4790  -17.4620  -17.4561  -17.4554  -17.4520  -17.4489  -17.4431  -17.4349  -17.4335  -17.4175  -17.4152  -17.4108  -17.4090  -17.3763  -17.3748  -12.3335  -11.9486  -11.2124  -10.7308  -10.5198  -10.4560  -10.3873  -10.2871   -7.0685   -6.5348   -5.3060   -5.0711   -4.0406   -3.8676   -3.6661   -3.4743   -3.2802   -3.0861   -2.9086   -2.6672   -2.4308   -2.2502   -1.9486   -1.8255   -1.7858   -1.6285   -1.4819   -1.3331   -1.2649   -1.1749   -0.9724   -0.7946    2.0774    2.2541    2.5720    2.9273    3.1177    3.3178    3.4810    3.5735    3.8201    3.9419    4.0316    4.1264    4.2310    4.2523    4.5381    4.5737    4.7937    4.9321    4.9859    5.0940    5.1629    5.3593    5.5001    5.7199    5.7387    5.8113    5.9310    5.9631    6.1660    6.5884    6.6412    6.8295
  3.5808  -44.1634  -44.1622  -44.1597  -44.1597  -26.2366  -26.2360  -26.2017  -26.2007  -26.1925  -26.1918  -26.1868  -26.1849  -26.1741  -26.1737  -26.1448  -26.1440  -23.7663  -23.7550  -23.7503  -23.7458  -23.7282  -23.7261  -23.7259  -23.7158  -23.7146  -23.7015  -23.6867  -23.6839  -17.5241  -17.5241  -17.4947  -17.4859  -17.4842  -17.4799  -17.4609  -17.4564  -17.4538  -17.4517  -17.4496  -17.4441  -17.4347  -17.4336  -17.4173  -17.4155  -17.4105  -17.4091  -17.3761  -17.3750  -12.2618  -11.9904  -11.1881  -10.8170  -10.5196  -10.4606  -10.3811  -10.3030   -7.0165   -6.6410   -5.2049   -4.9968   -3.9741   -3.8582   -3.5792   -3.4386   -3.2289   -3.1121   -2.9635   -2.7243   -2.5562   -2.2787   -1.9318   -1.8157   -1.7776   -1.6247   -1.4403   -1.3300   -1.2271   -1.1748   -1.0704   -0.9166    2.0567    2.2226    2.6110    2.9436    3.2310    3.3077    3.4959    3.6054    3.8469    3.9558    4.0781    4.1888    4.2346    4.3241    4.4122    4.4964    4.7996    4.9157    4.9570    5.0579    5.1954    5.3104    5.4416    5.6474    5.7527    5.8729    5.9555    6.0892    6.2857    6.5146    6.6567    6.8117
  3.6392  -44.1632  -44.1624  -44.1597  -44.1597  -26.2365  -26.2361  -26.2016  -26.2009  -26.1925  -26.1920  -26.1864  -26.1851  -26.1740  -26.1738  -26.1447  -26.1442  -23.7647  -23.7570  -23.7496  -23.7465  -23.7276  -23.7263  -23.7244  -23.7170  -23.7119  -23.7029  -23.6870  -23.6853  -17.5241  -17.5240  -17.4935  -17.4876  -17.4836  -17.4808  -17.4598  -17.4568  -17.4525  -17.4510  -17.4503  -17.4453  -17.4345  -17.4338  -17.4171  -17.4159  -17.4102  -17.4093  -17.3760  -17.3752  -12.1951  -12.0262  -11.1596  -10.9065  -10.5139  -10.4686  -10.3705  -10.3175   -6.9660   -6.7311   -5.1064   -4.9451   -3.9087   -3.8445   -3.4944   -3.3936   -3.2670   -3.1167   -2.9462   -2.8750   -2.6006   -2.3503   -1.9045   -1.7891   -1.7411   -1.6114   -1.4246   -1.3453   -1.2517   -1.1582   -1.1005   -1.0239    2.0399    2.1540    2.7148    2.9284    3.3009    3.4102    3.5275    3.6303    3.8825    3.9536    4.0926    4.1570    4.2239    4.2934    4.4120    4.5442    4.7204    4.8736    4.9445    5.0003    5.1825    5.2698    5.4012    5.6001    5.7722    5.9417    6.0160    6.2030    6.2790    6.4392    6.6149    6.8923
  3.6977  -44.1630  -44.1626  -44.1597  -44.1596  -26.2364  -26.2362  -26.2014  -26.2011  -26.1924  -26.1922  -26.1860  -26.1854  -26.1740  -26.1738  -26.1446  -26.1443  -23.7629  -23.7590  -23.7489  -23.7473  -23.7272  -23.7266  -23.7224  -23.7186  -23.7093  -23.7047  -23.6871  -23.6864  -17.5240  -17.5240  -17.4922  -17.4892  -17.4830  -17.4816  -17.4589  -17.4573  -17.4519  -17.4509  -17.4497  -17.4467  -17.4343  -17.4339  -17.4168  -17.4162  -17.4099  -17.4095  -17.3758  -17.3754  -12.1387  -12.0591  -11.1197  -10.9912  -10.5039  -10.4794  -10.3579  -10.3313   -6.9166   -6.8047   -5.0184   -4.9295   -3.8596   -3.8345   -3.4352   -3.3394   -3.3179   -3.1237   -2.9966   -2.9342   -2.5816   -2.4362   -1.8630   -1.8020   -1.6930   -1.6102   -1.4289   -1.3651   -1.2639   -1.1933   -1.0888   -1.0675    2.0307    2.0822    2.8352    2.9104    3.3760    3.5116    3.5620    3.6429    3.9232    3.9603    4.0650    4.1079    4.1537    4.2811    4.3624    4.5119    4.7583    4.8303    4.9814    5.0490    5.0960    5.2703    5.3444    5.4902    5.8735    6.0194    6.1885    6.2403    6.3127    6.3793    6.4818    6.5776
  3.7562  -44.1629  -44.1628  -44.1597  -44.1596  -26.2364  -26.2363  -26.2013  -26.2012  -26.1923  -26.1923  -26.1857  -26.1857  -26.1739  -26.1738  -26.1445  -26.1444  -23.7610  -23.7610  -23.7482  -23.7481  -23.7269  -23.7269  -23.7204  -23.7204  -23.7068  -23.7068  -23.6869  -23.6869  -17.5240  -17.5240  -17.4908  -17.4908  -17.4823  -17.4823  -17.4580  -17.4580  -17.4514  -17.4514  -17.4481  -17.4481  -17.4341  -17.4341  -17.4165  -17.4165  -17.4097  -17.4097  -17.3756  -17.3756  -12.0945  -12.0944  -11.0637  -11.0637  -10.4918  -10.4917  -10.3447  -10.3447   -6.8647   -6.8647   -4.9553   -4.9553   -3.8363   -3.8363   -3.3907   -3.3907   -3.2228   -3.2227   -2.9715   -2.9715   -2.5189   -2.5189   -1.8272   -1.8272   -1.6475   -1.6475   -1.4006   -1.4006   -1.2422   -1.2422   -1.0756   -1.0755    2.0403    2.0403    2.8955    2.8955    3.4655    3.4655    3.6340    3.6343    3.9397    3.9398    4.0822    4.0827    4.1789    4.1791    4.4036    4.4039    4.8078    4.8078    5.0399    5.0405    5.1832    5.1834    5.3651    5.3677    5.9916    5.9984    6.2498    6.2599    6.2836    6.4033    6.5922    6.7119
