#      T [K]      F [kJ/mol]    S [J/K/mol]  C_v [J/K/mol]     E [kJ/mol]
       0.000      51.1673791      0.0000000      0.0000000     51.1673791
      10.000      51.1405213      7.6679768     14.1665993     51.2172010
      20.000      50.9742979     27.3843246     50.0910824     51.5219844
      30.000      50.5588665     57.2344334    102.5949108     52.2758995
      40.000      49.8044526     94.5978059    159.6044837     53.5883649
      50.000      48.6538506    135.9121546    211.2965505     55.4494584
      60.000      47.0824875    178.3821885    254.4381356     57.7854188
      70.000      45.0880569    220.3242187    289.3699239     60.5107522
      80.000      42.6807115    260.8694930    317.5364756     63.5502709
      90.000      39.8766224    299.6366441    340.4246301     66.8439203
     100.000      36.6943072    336.5095135    359.2511610     70.3452585
     110.000      33.1526889    371.5073763    374.9366622     74.0185003
     120.000      29.2701334    404.7139430    388.1607331     77.8358065
     130.000      25.0640128    436.2398771    399.4252232     81.7751969
     140.000      20.5505431    466.2035457    409.1053235     85.8190395
     150.000      15.7447604    494.7214676    417.4864639     89.9529805
     160.000      10.6605646    521.9038549    424.7898511     94.1651814
     170.000       5.3107938    547.8528035    431.1899469     98.4457704
     180.000      -0.2926927    572.6618375    436.8264981    102.7864381
     190.000      -6.1389280    596.4161240    441.8129406    107.1801355
     200.000     -12.2177579    619.1929996    446.2423894    111.6208420
     210.000     -18.5197646    641.0626182    450.1920001    116.1033853
     220.000     -25.0361989    662.0886244    453.7262141    120.6232985
     230.000     -31.7589182    682.3288028    456.8992213    125.1767064
     240.000     -38.6803311    701.8356816    459.7568605    129.7602325
     250.000     -45.7933474    720.6570814    462.3381101    134.3709230
     260.000     -53.0913336    738.8366095    464.6762705    139.0061849
     270.000     -60.5680732    756.4140997    466.7999140    143.6637338
     280.000     -68.2177306    773.4260041    468.7336529    148.3415505
     290.000     -76.0348196    789.9057404    470.4987671    153.0378451
     300.000     -84.0141741    805.8839990    472.1137195    157.7510256
     310.000     -92.1509224    821.3890165    473.5945818    162.4796727
     320.000    -100.4404639    836.4468162    474.9553880    167.2225172
     330.000    -108.8784483    851.0814233    476.2084301    171.9784214
     340.000    -117.4607560    865.3150552    477.3645049    176.7463628
     350.000    -126.1834816    879.1682905    478.4331224    181.5254201
     360.000    -135.0429176    892.6602206    479.4226813    186.3147618
     370.000    -144.0355409    905.8085837    480.3406183    191.1136351
     380.000    -153.1579992    918.6298861    481.1935343    195.9213575
     390.000    -162.4070998    931.1395089    481.9873025    200.7373087
     400.000    -171.7797984    943.3518058    482.7271606    205.5609239
     410.000    -181.2731896    955.2801890    483.4177902    210.3916879
     420.000    -190.8844977    966.9372080    484.0633846    215.2291296
     430.000    -200.6110685    978.3346199    484.6677079    220.0728180
     440.000    -210.4503616    989.4834526    485.2341456    224.9223575
     450.000    -220.3999436   1000.3940632    485.7657487    229.7773849
     460.000    -230.4574813   1011.0761890    486.2652718    234.6375656
     470.000    -240.6207363   1021.5389958    486.7352067    239.5025917
     480.000    -250.8875590   1031.7911202    487.1778113    244.3721787
     490.000    -261.2558837   1041.8407089    487.5951354    249.2460637
     500.000    -271.7237238   1051.6954542    487.9890425    254.1240033
     510.000    -282.2891676   1061.3626269    488.3612299    259.0057721
     520.000    -292.9503740   1070.8491053    488.7132456    263.8911607
     530.000    -303.7055691   1080.1614031    489.0465041    268.7799745
     540.000    -314.5530421   1089.3056939    489.3622991    273.6720326
     550.000    -325.4911425   1098.2878341    489.6618163    278.5671663
     560.000    -336.5182768   1107.1133842    489.9461433    283.4652183
     570.000    -347.6329059   1115.7876276    490.2162795    288.3660418
     580.000    -358.8335418   1124.3155888    490.4731440    293.2694997
     590.000    -370.1187460   1132.7020497    490.7175839    298.1754633
     600.000    -381.4871263   1140.9515648    490.9503799    303.0838125
     610.000    -392.9373353   1149.0684751    491.1722532    307.9944345
     620.000    -404.4680677   1157.0569211    491.3838705    312.9072234
     630.000    -416.0780587   1164.9208548    491.5858488    317.8220798
     640.000    -427.7660823   1172.6640508    491.7787597    322.7389102
     650.000    -439.5309493   1180.2901167    491.9631337    327.6576265
     660.000    -451.3715057   1187.8025027    492.1394629    332.5781460
     670.000    -463.2866314   1195.2045104    492.3082053    337.5003905
     680.000    -475.2752386   1202.4993012    492.4697864    342.4242863
     690.000    -487.3362702   1209.6899042    492.6246030    347.3497637
     700.000    -499.4686990   1216.7792229    492.7730247    352.2767570
     710.000    -511.6715263   1223.7700427    492.9153965    357.2052040
     720.000    -523.9437805   1230.6650366    493.0520407    362.1350459
     730.000    -536.2845162   1237.4667712    493.1832582    367.0662268
     740.000    -548.6928133   1244.1777124    493.3093309    371.9986939
     750.000    -561.1677757   1250.8002304    493.4305226    376.9323971
     760.000    -573.7085308   1257.3366048    493.5470805    381.8672889
     770.000    -586.3142280   1263.7890286    493.6592364    386.8033240
     780.000    -598.9840385   1270.1596131    493.7672080    391.7404597
     790.000    -611.7171542   1276.4503914    493.8711998    396.6786549
     800.000    -624.5127869   1282.6633224    493.9714037    401.6178710
     810.000    -637.3701675   1288.8002944    494.0680006    406.5580710
     820.000    -650.2885456   1294.8631283    494.1611607    411.4992196
     830.000    -663.2671888   1300.8535808    494.2510442    416.4412833
     840.000    -676.3053817   1306.7733473    494.3378022    421.3842301
     850.000    -689.4024256   1312.6240647    494.4215773    426.3280294
     860.000    -702.5576381   1318.4073141    494.5025040    431.2726521
     870.000    -715.7703521   1324.1246235    494.5807095    436.2180704
     880.000    -729.0399157   1329.7774696    494.6563136    441.1642576
     890.000    -742.3656914   1335.3672806    494.7294302    446.1111884
     900.000    -755.7470558   1340.8954378    494.8001666    451.0588383
     910.000    -769.1833991   1346.3632782    494.8686245    456.0071841
     920.000    -782.6741246   1351.7720958    494.9349005    460.9562035
     930.000    -796.2186484   1357.1231436    494.9990858    465.9058752
     940.000    -809.8163989   1362.4176356    495.0612672    470.8561786
     950.000    -823.4668165   1367.6567480    495.1215267    475.8070941
     960.000    -837.1693531   1372.8416209    495.1799427    480.7586029
     970.000    -850.9234718   1377.9733597    495.2365891    485.7106870
     980.000    -864.7286468   1383.0530366    495.2915365    490.6633291
     990.000    -878.5843625   1388.0816918    495.3448519    495.6165123
    1000.000    -892.4901139   1393.0603348    495.3965991    500.5702209

