#K-Path     Band-1    Band-2    Band-3    Band-4      ...     Band-n
  0.0000  -37.5842  -37.5675  -37.5670  -37.5655  -18.5972  -18.5379  -18.5152  -18.4505  -18.4255  -18.4208  -18.3867  -18.3815  -18.3699  -18.3359  -18.2836  -18.2674  -17.4862  -17.4861  -17.4621  -17.4489  -17.4377  -17.4321  -17.4252  -17.4215  -17.4143  -17.4092  -17.4024  -17.3986  -17.3937  -17.3912  -17.3659  -17.3614  -17.3611  -17.3570  -17.3320  -17.3282  -12.6171  -11.5533  -11.3271  -10.5493  -10.4428  -10.4107  -10.3113  -10.2587   -7.2869   -6.0336   -5.7666   -5.2271   -4.0247   -3.9617   -3.9192   -3.6389   -3.5377   -2.9511   -2.7918   -2.4119   -2.3510   -2.2418   -2.1107   -2.0035   -1.7015   -1.6717   -1.5528   -1.4838   -1.1910   -0.3810   -0.3057   -0.2417    1.8021    2.2016    2.3121    3.1354    3.1911    3.4657    3.6760    3.8776    3.9487    4.0260    4.1040    4.1529    4.2873    4.3939    4.7701    4.7827    4.9974    5.1128    5.1805    5.3691    5.5611    5.7758    6.0310    6.2590    6.2743    6.5661    6.7500    6.9296
  0.0638  -37.5842  -37.5675  -37.5670  -37.5655  -18.5971  -18.5380  -18.5151  -18.4506  -18.4254  -18.4208  -18.3867  -18.3815  -18.3699  -18.3360  -18.2836  -18.2674  -17.4863  -17.4862  -17.4619  -17.4489  -17.4377  -17.4321  -17.4253  -17.4215  -17.4145  -17.4092  -17.4024  -17.3986  -17.3937  -17.3912  -17.3661  -17.3614  -17.3612  -17.3568  -17.3319  -17.3284  -12.6056  -11.5557  -11.3372  -10.5552  -10.4366  -10.4113  -10.3239  -10.2557   -7.2832   -6.0485   -5.7335   -5.2305   -4.0195   -3.9919   -3.8759   -3.6712   -3.4910   -2.9645   -2.7700   -2.5147   -2.2807   -2.1967   -2.1047   -2.0031   -1.7134   -1.6622   -1.5206   -1.4724   -1.1930   -0.4794   -0.3284   -0.2708    1.8068    2.1664    2.4370    2.9981    3.1972    3.5485    3.6466    3.8360    3.9626    4.0354    4.0530    4.1125    4.2988    4.3962    4.6921    4.9168    4.9384    5.0473    5.2784    5.4936    5.5027    5.7675    5.9544    5.9852    6.3506    6.6462    6.7272    7.0683
  0.1275  -37.5842  -37.5675  -37.5670  -37.5655  -18.5969  -18.5382  -18.5149  -18.4510  -18.4254  -18.4208  -18.3867  -18.3814  -18.3698  -18.3360  -18.2836  -18.2674  -17.4865  -17.4863  -17.4615  -17.4488  -17.4376  -17.4322  -17.4257  -17.4215  -17.4151  -17.4091  -17.4023  -17.3984  -17.3938  -17.3913  -17.3667  -17.3618  -17.3608  -17.3563  -17.3314  -17.3291  -12.5717  -11.5623  -11.3676  -10.5685  -10.4228  -10.4154  -10.3556  -10.2469   -7.2722   -6.0906   -5.6413   -5.2390   -4.0154   -4.0042   -3.8113   -3.7151   -3.4062   -2.9965   -2.7134   -2.6252   -2.2746   -2.1132   -2.0422   -2.0051   -1.7274   -1.6243   -1.4500   -1.4385   -1.1959   -0.7466   -0.3931   -0.3378    1.8214    2.1367    2.6667    2.7584    3.2368    3.5558    3.5761    3.7666    3.8533    4.0114    4.0758    4.0821    4.3296    4.4054    4.7087    4.7573    5.0302    5.1303    5.3277    5.3764    5.6931    5.7132    5.7907    5.8345    6.5213    6.5634    6.7542    6.8743
  0.1913  -37.5842  -37.5675  -37.5670  -37.5655  -18.5966  -18.5385  -18.5146  -18.4514  -18.4253  -18.4208  -18.3867  -18.3814  -18.3698  -18.3361  -18.2836  -18.2674  -17.4868  -17.4865  -17.4608  -17.4487  -17.4374  -17.4323  -17.4262  -17.4215  -17.4159  -17.4090  -17.4022  -17.3982  -17.3938  -17.3914  -17.3673  -17.3624  -17.3603  -17.3558  -17.3307  -17.3302  -12.5182  -11.5717  -11.4176  -10.5832  -10.4362  -10.4083  -10.3834  -10.2331   -7.2554   -6.1518   -5.5116   -5.2480   -4.0064   -3.9807   -3.7472   -3.7456   -3.3134   -3.0374   -2.7141   -2.6327   -2.2808   -2.1164   -2.0163   -1.9130   -1.7353   -1.5385   -1.3833   -1.3686   -1.1974   -1.0908   -0.4909   -0.4326    1.8474    2.1145    2.5217    2.8224    3.3824    3.3963    3.4454    3.6443    3.8167    3.9124    4.0737    4.1196    4.3472    4.4196    4.6261    4.8160    5.0686    5.1982    5.3744    5.3969    5.5279    5.7528    5.7608    5.9341    6.4377    6.7024    6.7182    6.9389
  0.2550  -37.5842  -37.5675  -37.5670  -37.5655  -18.5963  -18.5389  -18.5142  -18.4519  -18.4252  -18.4208  -18.3867  -18.3814  -18.3697  -18.3362  -18.2836  -18.2674  -17.4872  -17.4867  -17.4599  -17.4486  -17.4373  -17.4324  -17.4269  -17.4214  -17.4169  -17.4088  -17.4022  -17.3980  -17.3939  -17.3914  -17.3679  -17.3628  -17.3599  -17.3554  -17.3313  -17.3300  -12.4507  -11.5820  -11.4838  -10.5962  -10.4781  -10.3967  -10.3908  -10.2168   -7.2348   -6.2204   -5.3866   -5.2414   -3.9536   -3.9508   -3.7661   -3.6844   -3.2243   -3.0817   -2.7796   -2.5364   -2.2900   -2.1380   -2.0414   -1.8160   -1.7902   -1.4241   -1.4070   -1.3085   -1.2904   -1.1623   -0.6102   -0.5475    1.8882    2.0929    2.3252    2.8300    3.1593    3.3306    3.4568    3.6119    3.7746    3.8541    4.0549    4.0890    4.1432    4.5903    4.7869    4.9764    5.1181    5.1541    5.3412    5.5253    5.5386    5.7017    5.7449    6.1311    6.3369    6.7864    6.8733    7.2407
  0.3188  -37.5842  -37.5675  -37.5670  -37.5655  -18.5959  -18.5392  -18.5139  -18.4524  -18.4252  -18.4208  -18.3867  -18.3814  -18.3697  -18.3362  -18.2836  -18.2674  -17.4875  -17.4869  -17.4591  -17.4484  -17.4372  -17.4324  -17.4276  -17.4212  -17.4178  -17.4086  -17.4021  -17.3979  -17.3940  -17.3915  -17.3683  -17.3632  -17.3597  -17.3551  -17.3323  -17.3294  -12.3787  -11.5911  -11.5569  -10.6059  -10.5178  -10.3915  -10.3889  -10.2014   -7.2142   -6.2833   -5.3334   -5.1822   -3.9296   -3.8422   -3.7733   -3.6333   -3.1501   -3.1233   -2.8218   -2.4345   -2.3012   -2.1639   -2.0899   -2.0159   -1.7510   -1.5433   -1.2712   -1.2231   -1.2148   -1.1196   -0.7389   -0.6715    1.9483    2.0713    2.1884    2.7816    2.9469    3.2004    3.2726    3.5821    3.7252    3.8658    3.9083    4.1567    4.2325    4.7922    5.0294    5.0358    5.1571    5.2338    5.2374    5.5445    5.6148    5.7093    5.8284    6.2636    6.2733    6.7865    6.8587    7.0431
  0.3825  -37.5842  -37.5675  -37.5670  -37.5655  -18.5957  -18.5395  -18.5137  -18.4526  -18.4251  -18.4208  -18.3867  -18.3814  -18.3696  -18.3363  -18.2836  -18.2674  -17.4877  -17.4870  -17.4585  -17.4484  -17.4372  -17.4325  -17.4281  -17.4210  -17.4186  -17.4084  -17.4020  -17.3977  -17.3940  -17.3915  -17.3685  -17.3634  -17.3595  -17.3549  -17.3330  -17.3289  -12.3190  -11.6186  -11.5974  -10.6118  -10.5440  -10.3912  -10.3846  -10.1905   -7.1986   -6.3277   -5.3284   -5.1155   -3.9146   -3.7729   -3.7052   -3.6007   -3.1543   -3.1019   -2.8429   -2.3464   -2.3124   -2.3018   -2.1825   -2.1233   -1.7125   -1.5543   -1.1752   -1.1690   -1.1138   -1.0568   -0.8653   -0.7900    2.0244    2.0543    2.1138    2.7386    2.7800    2.9741    3.2499    3.4907    3.7064    3.8034    3.8369    4.1680    4.5024    4.9183    4.9808    5.2108    5.2135    5.2961    5.3660    5.4964    5.6038    5.7551    5.9171    6.2947    6.3973    6.7046    6.7991    6.8162
  0.4463  -37.5842  -37.5675  -37.5670  -37.5656  -18.5956  -18.5396  -18.5136  -18.4527  -18.4251  -18.4208  -18.3867  -18.3814  -18.3696  -18.3363  -18.2836  -18.2674  -17.4878  -17.4870  -17.4583  -17.4483  -17.4372  -17.4325  -17.4283  -17.4208  -17.4189  -17.4083  -17.4020  -17.3977  -17.3940  -17.3915  -17.3686  -17.3634  -17.3595  -17.3548  -17.3333  -17.3288  -12.2948  -11.6439  -11.5996  -10.6138  -10.5531  -10.3910  -10.3832  -10.1866   -7.1927   -6.3438   -5.3291   -5.0910   -3.9097   -3.7717   -3.6226   -3.6008   -3.1661   -3.0857   -2.8485   -2.4298   -2.3175   -2.2880   -2.1888   -2.1592   -1.6997   -1.5533   -1.1580   -1.1266   -1.0422   -1.0088   -0.9510   -0.8576    2.0477    2.0795    2.0803    2.7007    2.7228    2.8910    3.2468    3.4505    3.7115    3.7599    3.8241    4.1716    4.6410    4.8537    5.0600    5.2097    5.2301    5.3719    5.4401    5.5216    5.6160    5.6896    5.9754    6.3179    6.4366    6.6692    6.7606    6.7934
  0.4463  -37.5777  -37.5777  -37.5645  -37.5645  -18.5404  -18.5404  -18.4644  -18.4644  -18.4311  -18.4311  -18.3846  -18.3846  -18.3574  -18.3573  -18.3124  -18.3124  -17.4862  -17.4862  -17.4530  -17.4530  -17.4422  -17.4422  -17.4183  -17.4183  -17.4077  -17.4077  -17.4039  -17.4039  -17.3932  -17.3932  -17.3648  -17.3648  -17.3581  -17.3581  -17.3300  -17.3300  -12.2523  -12.2523  -10.7380  -10.7380  -10.4813  -10.4813  -10.2807  -10.2806   -6.7327   -6.7327   -5.3163   -5.3162   -4.2320   -4.2320   -3.5603   -3.5603   -2.8516   -2.8516   -2.7011   -2.7011   -2.5016   -2.5016   -1.8789   -1.8789   -1.8425   -1.8425   -1.6341   -1.6340   -1.1547   -1.1547   -0.7213   -0.7212    2.5160    2.5160    3.2410    3.2410    3.4370    3.4370    3.6870    3.6870    4.0847    4.0847    4.3147    4.3147    4.3827    4.3827    4.9251    4.9252    5.2490    5.2502    5.4032    5.4033    5.9240    5.9276    5.9975    6.0182    6.0380    6.0689    6.2760    6.3549
  0.5086  -37.5795  -37.5758  -37.5646  -37.5644  -18.5568  -18.5221  -18.4822  -18.4506  -18.4477  -18.4123  -18.4037  -18.3698  -18.3617  -18.3501  -18.3185  -18.3043  -17.4862  -17.4862  -17.4557  -17.4500  -17.4440  -17.4404  -17.4194  -17.4172  -17.4100  -17.4059  -17.4053  -17.4024  -17.3934  -17.3929  -17.3652  -17.3643  -17.3586  -17.3577  -17.3305  -17.3295  -12.3577  -12.1343  -10.8341  -10.6497  -10.4940  -10.4713  -10.2836  -10.2775   -6.8789   -6.5807   -5.4292   -5.2152   -4.3140   -4.1305   -3.5821   -3.5554   -3.0005   -2.8257   -2.7071   -2.6574   -2.5170   -2.4149   -1.9954   -1.9297   -1.8289   -1.6832   -1.6495   -1.5361   -1.3298   -0.9585   -0.8431   -0.6102    2.4911    2.5242    3.2342    3.2566    3.2628    3.3677    3.5567    3.8785    3.9524    4.2152    4.2918    4.4239    4.4386    4.5160    4.8505    4.9267    5.0172    5.1158    5.4807    5.5185    5.7046    5.7771    5.8943    6.0429    6.1162    6.1644    6.3927    6.4328
  0.5710  -37.5811  -37.5738  -37.5649  -37.5645  -18.5709  -18.5024  -18.4997  -18.4699  -18.4331  -18.4210  -18.3961  -18.3646  -18.3627  -18.3484  -18.3124  -18.2970  -17.4862  -17.4861  -17.4580  -17.4468  -17.4456  -17.4385  -17.4206  -17.4162  -17.4128  -17.4066  -17.4045  -17.4010  -17.3935  -17.3926  -17.3655  -17.3637  -17.3591  -17.3574  -17.3310  -17.3291  -12.4479  -12.0071  -10.9369  -10.5712  -10.5087  -10.4632  -10.2879  -10.2733   -7.0124   -6.4298   -5.5383   -5.1472   -4.3523   -4.0373   -3.6106   -3.5660   -3.1827   -2.9071   -2.7071   -2.5927   -2.4376   -2.3250   -2.0859   -1.9866   -1.7826   -1.6837   -1.5736   -1.4835   -1.2640   -0.9609   -0.7605   -0.5150    2.4454    2.5121    2.8480    3.2381    3.2689    3.2839    3.6881    3.8237    3.9004    4.2621    4.3378    4.5764    4.6496    4.6716    4.7486    4.7578    4.8430    4.8924    5.3344    5.4398    5.6029    5.8126    5.8886    6.0463    6.1854    6.2978    6.3339    6.6769
  0.6334  -37.5824  -37.5719  -37.5651  -37.5648  -18.5823  -18.5153  -18.4878  -18.4820  -18.4343  -18.4208  -18.3852  -18.3668  -18.3638  -18.3505  -18.2962  -18.2912  -17.4862  -17.4861  -17.4598  -17.4470  -17.4436  -17.4366  -17.4218  -17.4158  -17.4154  -17.4077  -17.4036  -17.3999  -17.3936  -17.3921  -17.3657  -17.3631  -17.3596  -17.3572  -17.3314  -17.3287  -12.5205  -11.8743  -11.0454  -10.5247  -10.5040  -10.4561  -10.2942  -10.2683   -7.1261   -6.2869   -5.6330   -5.1300   -4.3310   -3.9778   -3.6308   -3.5841   -3.3740   -2.9546   -2.7480   -2.4792   -2.3916   -2.2410   -2.1503   -2.0342   -1.7055   -1.6476   -1.6421   -1.5019   -1.1098   -0.9063   -0.5803   -0.4346    2.3760    2.4246    2.4937    3.2031    3.2555    3.3281    3.7074    3.8222    3.9302    4.2686    4.3598    4.4262    4.4781    4.5702    4.7229    4.8177    4.8853    4.9204    5.2062    5.3371    5.6306    5.8189    5.9886    6.0338    6.1215    6.3918    6.4302    6.7229
  0.6958  -37.5834  -37.5702  -37.5653  -37.5653  -18.5905  -18.5275  -18.5024  -18.4614  -18.4434  -18.4120  -18.3814  -18.3747  -18.3685  -18.3443  -18.2870  -18.2810  -17.4862  -17.4861  -17.4611  -17.4480  -17.4406  -17.4348  -17.4230  -17.4187  -17.4148  -17.4085  -17.4029  -17.3992  -17.3937  -17.3916  -17.3658  -17.3625  -17.3601  -17.3571  -17.3317  -17.3284  -12.5737  -11.7414  -11.1577  -10.5373  -10.4537  -10.4497  -10.3019  -10.2635   -7.2133   -6.1613   -5.7056   -5.1595   -4.2522   -3.9579   -3.6406   -3.6377   -3.5151   -2.9658   -2.7730   -2.3893   -2.3888   -2.1994   -2.1797   -2.0455   -1.7061   -1.6039   -1.6012   -1.5377   -1.1636   -0.6162   -0.4515   -0.3549    2.1029    2.2947    2.4167    3.1600    3.2596    3.3871    3.6301    3.9285    3.9925    4.1559    4.2188    4.2448    4.3366    4.4874    4.6889    4.8192    4.9381    5.1035    5.2017    5.2715    5.6589    5.8130    6.0085    6.0481    6.2238    6.4810    6.5447    6.7505
  0.7582  -37.5840  -37.5686  -37.5661  -37.5655  -18.5955  -18.5353  -18.5119  -18.4488  -18.4414  -18.4110  -18.3854  -18.3802  -18.3695  -18.3382  -18.2844  -18.2709  -17.4862  -17.4861  -17.4618  -17.4487  -17.4385  -17.4330  -17.4243  -17.4208  -17.4145  -17.4090  -17.4025  -17.3987  -17.3937  -17.3913  -17.3659  -17.3619  -17.3607  -17.3570  -17.3320  -17.3283  -12.6062  -11.6191  -11.2661  -10.5462  -10.4448  -10.4217  -10.3085  -10.2600   -7.2682   -6.0690   -5.7511   -5.2052   -4.1328   -3.9591   -3.7943   -3.6388   -3.5385   -2.9573   -2.7871   -2.4041   -2.3532   -2.2309   -2.1341   -2.0204   -1.7207   -1.6134   -1.5664   -1.5170   -1.1868   -0.3956   -0.3912   -0.2746    1.8805    2.2277    2.3453    3.1384    3.2213    3.4426    3.6377    3.9642    3.9785    4.0005    4.1381    4.1829    4.2671    4.4274    4.7457    4.7857    4.9824    5.1098    5.2095    5.3273    5.5961    5.8088    5.9869    6.1736    6.3265    6.4692    6.6609    6.7513
  0.8205  -37.5842  -37.5675  -37.5670  -37.5655  -18.5972  -18.5379  -18.5152  -18.4505  -18.4255  -18.4208  -18.3867  -18.3815  -18.3699  -18.3359  -18.2836  -18.2674  -17.4862  -17.4861  -17.4621  -17.4489  -17.4377  -17.4321  -17.4252  -17.4215  -17.4143  -17.4092  -17.4024  -17.3986  -17.3937  -17.3912  -17.3659  -17.3614  -17.3611  -17.3570  -17.3320  -17.3282  -12.6171  -11.5533  -11.3271  -10.5493  -10.4428  -10.4107  -10.3113  -10.2587   -7.2869   -6.0336   -5.7666   -5.2271   -4.0247   -3.9617   -3.9192   -3.6389   -3.5377   -2.9511   -2.7918   -2.4119   -2.3510   -2.2418   -2.1107   -2.0035   -1.7015   -1.6717   -1.5528   -1.4838   -1.1910   -0.3810   -0.3057   -0.2417    1.8021    2.2016    2.3121    3.1354    3.1911    3.4657    3.6760    3.8776    3.9487    4.0263    4.1040    4.1529    4.2873    4.3939    4.7701    4.7827    4.9974    5.1128    5.1805    5.3692    5.5614    5.7759    6.0306    6.2650    6.2696    6.5677    6.6926    6.8942
  0.8205  -37.5842  -37.5675  -37.5670  -37.5655  -18.5972  -18.5379  -18.5152  -18.4505  -18.4255  -18.4208  -18.3867  -18.3815  -18.3699  -18.3359  -18.2836  -18.2674  -17.4862  -17.4861  -17.4621  -17.4489  -17.4377  -17.4321  -17.4252  -17.4215  -17.4143  -17.4092  -17.4024  -17.3986  -17.3937  -17.3912  -17.3659  -17.3614  -17.3611  -17.3570  -17.3320  -17.3282  -12.6171  -11.5533  -11.3271  -10.5493  -10.4428  -10.4107  -10.3113  -10.2587   -7.2869   -6.0336   -5.7666   -5.2271   -4.0247   -3.9617   -3.9192   -3.6389   -3.5377   -2.9511   -2.7918   -2.4119   -2.3510   -2.2418   -2.1107   -2.0035   -1.7015   -1.6717   -1.5528   -1.4838   -1.1910   -0.3810   -0.3057   -0.2417    1.8021    2.2016    2.3121    3.1354    3.1911    3.4657    3.6760    3.8776    3.9487    4.0258    4.1040    4.1529    4.2873    4.3939    4.7701    4.7827    4.9974    5.1128    5.1805    5.3691    5.5613    5.7760    6.0313    6.2605    6.2841    6.5701    6.6488    6.9213
  0.8834  -37.5840  -37.5676  -37.5670  -37.5657  -18.5936  -18.5409  -18.5210  -18.4538  -18.4200  -18.4138  -18.3862  -18.3816  -18.3704  -18.3352  -18.2874  -18.2681  -17.4862  -17.4861  -17.4621  -17.4492  -17.4376  -17.4320  -17.4253  -17.4218  -17.4142  -17.4092  -17.4022  -17.3986  -17.3937  -17.3912  -17.3659  -17.3613  -17.3612  -17.3571  -17.3320  -17.3282  -12.6056  -11.5666  -11.3183  -10.5632  -10.4490  -10.4167  -10.3092  -10.2603   -7.2555   -6.0153   -5.7657   -5.2476   -4.1166   -4.0448   -3.7313   -3.6058   -3.5277   -2.9737   -2.7484   -2.5338   -2.2754   -2.2044   -2.0774   -2.0256   -1.7067   -1.6833   -1.5405   -1.4873   -1.2150   -0.4404   -0.3301   -0.3109    1.8125    2.2327    2.3606    3.1405    3.2396    3.3159    3.5093    3.8286    3.9581    4.0423    4.1403    4.2352    4.4284    4.4730    4.6334    4.9296    4.9477    5.1461    5.2935    5.3946    5.5148    5.8594    5.9799    6.1222    6.3581    6.5306    6.6314    6.8787
  0.9462  -37.5833  -37.5678  -37.5670  -37.5661  -18.5831  -18.5490  -18.5344  -18.4570  -18.4083  -18.4010  -18.3842  -18.3824  -18.3711  -18.3330  -18.2986  -18.2704  -17.4862  -17.4861  -17.4620  -17.4502  -17.4371  -17.4318  -17.4254  -17.4224  -17.4137  -17.4094  -17.4018  -17.3986  -17.3936  -17.3913  -17.3657  -17.3614  -17.3611  -17.3572  -17.3318  -17.3284  -12.5711  -11.6067  -11.2920  -10.5984  -10.4698  -10.4333  -10.3043  -10.2645   -7.1647   -5.9653   -5.7666   -5.3046   -4.2499   -4.0684   -3.6228   -3.5036   -3.4203   -3.0038   -2.6581   -2.6533   -2.3108   -2.0933   -2.0463   -2.0168   -1.7209   -1.7022   -1.5093   -1.4981   -1.2743   -0.6817   -0.4029   -0.3995    1.8410    2.2796    2.4675    2.9851    3.1575    3.1635    3.4299    3.8241    4.0598    4.1490    4.1786    4.2531    4.4157    4.5397    4.8423    5.0042    5.0706    5.1802    5.3007    5.4798    5.6017    5.8385    5.9168    6.0410    6.3449    6.3682    6.4530    6.7912
  1.0091  -37.5822  -37.5685  -37.5670  -37.5665  -18.5669  -18.5600  -18.5491  -18.4561  -18.3984  -18.3924  -18.3846  -18.3780  -18.3685  -18.3299  -18.3149  -18.2741  -17.4863  -17.4861  -17.4617  -17.4516  -17.4364  -17.4316  -17.4256  -17.4233  -17.4132  -17.4096  -17.4013  -17.3986  -17.3934  -17.3913  -17.3654  -17.3616  -17.3608  -17.3574  -17.3316  -17.3286  -12.5147  -11.6735  -11.2491  -10.6448  -10.5045  -10.4570  -10.2988  -10.2696   -7.0241   -5.8959   -5.7801   -5.3856   -4.3385   -4.0511   -3.6953   -3.2727   -3.2579   -3.0131   -2.7362   -2.5591   -2.3296   -2.2002   -2.0396   -1.8484   -1.7491   -1.6911   -1.5124   -1.4819   -1.3379   -1.0110   -0.5041   -0.5010    1.8749    2.1949    2.6180    2.6411    2.9593    3.1893    3.5973    3.8132    4.0241    4.2466    4.2701    4.4252    4.4261    4.5833    5.0937    5.0955    5.1630    5.1731    5.3393    5.4018    5.7366    5.8381    5.9551    6.1106    6.2992    6.3176    6.4465    6.7644
  1.0719  -37.5808  -37.5697  -37.5670  -37.5667  -18.5711  -18.5662  -18.5412  -18.4515  -18.3979  -18.3900  -18.3857  -18.3727  -18.3608  -18.3368  -18.3209  -18.2789  -17.4863  -17.4861  -17.4613  -17.4532  -17.4356  -17.4315  -17.4258  -17.4242  -17.4125  -17.4099  -17.4007  -17.3986  -17.3932  -17.3915  -17.3650  -17.3620  -17.3604  -17.3577  -17.3312  -17.3289  -12.4382  -11.7644  -11.1907  -10.7004  -10.5424  -10.4849  -10.2938  -10.2741   -6.8470   -5.8250   -5.8218   -5.4704   -4.3798   -3.9849   -3.7838   -3.0874   -3.0736   -2.9839   -2.7839   -2.5187   -2.3226   -2.2933   -2.1002   -1.8004   -1.6900   -1.6426   -1.5602   -1.5083   -1.3983   -1.2097   -0.6309   -0.6217    1.8641    1.9613    2.3856    2.7960    2.8832    3.2232    3.6641    3.7597    3.9350    4.2976    4.3582    4.6193    4.7147    4.7309    4.9430    5.0800    5.1211    5.2856    5.5053    5.5101    5.7752    5.9276    6.0495    6.2222    6.4275    6.4465    6.5721    6.6487
  1.1347  -37.5791  -37.5714  -37.5670  -37.5668  -18.5803  -18.5771  -18.5139  -18.4441  -18.4049  -18.3932  -18.3852  -18.3814  -18.3518  -18.3433  -18.3143  -18.2847  -17.4863  -17.4862  -17.4606  -17.4550  -17.4346  -17.4317  -17.4260  -17.4250  -17.4120  -17.4102  -17.4001  -17.3987  -17.3929  -17.3917  -17.3645  -17.3624  -17.3600  -17.3581  -17.3309  -17.3292  -12.3440  -11.8739  -11.1186  -10.7707  -10.5674  -10.5140  -10.2896  -10.2777   -6.6481   -5.9197   -5.7542   -5.5408   -4.3725   -3.9939   -3.7421   -2.9974   -2.9281   -2.8626   -2.8081   -2.6495   -2.2907   -2.2824   -2.1861   -1.8671   -1.7905   -1.6501   -1.5549   -1.4196   -1.4181   -1.1841   -0.7654   -0.7620    1.7164    1.7314    2.3334    2.7998    2.9961    3.2626    3.5679    3.6560    3.9901    4.3224    4.4384    4.7009    4.7611    4.9618    4.9928    5.1635    5.1672    5.2394    5.6212    5.6528    5.9200    5.9885    6.2498    6.2595    6.3721    6.4420    6.6005    6.6245
  1.1976  -37.5772  -37.5732  -37.5670  -37.5669  -18.5860  -18.5845  -18.4828  -18.4352  -18.4170  -18.4143  -18.3850  -18.3850  -18.3451  -18.3420  -18.3064  -18.2913  -17.4863  -17.4862  -17.4596  -17.4567  -17.4337  -17.4321  -17.4260  -17.4256  -17.4114  -17.4106  -17.3996  -17.3989  -17.3926  -17.3919  -17.3640  -17.3629  -17.3595  -17.3585  -17.3304  -17.3296  -12.2354  -11.9940  -11.0358  -10.8552  -10.5729  -10.5410  -10.2862  -10.2807   -6.4421   -6.0638   -5.6962   -5.5958   -4.3190   -4.1099   -3.5296   -3.0171   -2.8857   -2.8489   -2.7698   -2.6911   -2.3014   -2.2740   -2.2330   -2.0314   -1.8086   -1.6782   -1.4930   -1.4287   -1.2575   -1.1075   -0.9162   -0.8935    1.5486    1.5717    2.4201    2.6905    3.1745    3.3079    3.4624    3.5187    4.0780    4.2918    4.5089    4.5709    4.8361    4.9489    5.1521    5.1834    5.3470    5.5258    5.6743    5.7813    5.9653    5.9683    6.2485    6.2759    6.3775    6.5652    6.5870    6.6985
  1.2604  -37.5752  -37.5752  -37.5669  -37.5669  -18.5875  -18.5875  -18.4500  -18.4500  -18.4243  -18.4243  -18.3850  -18.3850  -18.3419  -18.3419  -18.2986  -18.2986  -17.4863  -17.4863  -17.4583  -17.4583  -17.4328  -17.4328  -17.4259  -17.4259  -17.4110  -17.4110  -17.3992  -17.3992  -17.3923  -17.3922  -17.3635  -17.3635  -17.3590  -17.3590  -17.3300  -17.3300  -12.1169  -12.1168  -10.9461  -10.9461  -10.5623  -10.5622  -10.2834  -10.2834   -6.2428   -6.2428   -5.6451   -5.6451   -4.2269   -4.2269   -3.2608   -3.2608   -2.8748   -2.8748   -2.6813   -2.6812   -2.3244   -2.3244   -2.1536   -2.1536   -1.7393   -1.7393   -1.4511   -1.4511   -1.0922   -1.0922   -1.0015   -1.0015    1.4983    1.4983    2.5530    2.5530    3.3242    3.3242    3.4036    3.4036    4.1838    4.1838    4.5431    4.5432    4.8882    4.8883    5.1857    5.1858    5.6505    5.6509    5.7507    5.7512    5.8543    5.8573    6.2328    6.2380    6.5008    6.5310    6.7385    6.9490
  1.2604  -37.5727  -37.5727  -37.5695  -37.5695  -18.5096  -18.5096  -18.4996  -18.4996  -18.4087  -18.4087  -18.4044  -18.4044  -18.3557  -18.3557  -18.3132  -18.3132  -17.4874  -17.4874  -17.4512  -17.4512  -17.4457  -17.4457  -17.4196  -17.4196  -17.4067  -17.4067  -17.4031  -17.4031  -17.3930  -17.3930  -17.3659  -17.3659  -17.3569  -17.3569  -17.3312  -17.3311  -11.9777  -11.9776  -11.1223  -11.1223  -10.4982  -10.4982  -10.3877  -10.3877   -6.1976   -6.1975   -5.5893   -5.5893   -3.5716   -3.5716   -3.5705   -3.5705   -3.1996   -3.1995   -2.5249   -2.5249   -2.3991   -2.3991   -1.9800   -1.9800   -1.5368   -1.5368   -1.5319   -1.5319   -1.2470   -1.2470   -1.2296   -1.2296    2.0495    2.0495    2.7467    2.7467    3.1688    3.1688    3.3735    3.3735    3.4406    3.4406    3.7781    3.7781    4.6929    4.6929    4.9084    4.9084    5.1985    5.1985    5.4060    5.4060    5.4692    5.4693    6.0375    6.0417    6.3602    6.3802    6.6575    6.7824
  1.3165  -37.5732  -37.5727  -37.5694  -37.5691  -18.5207  -18.5105  -18.5004  -18.4866  -18.4130  -18.4089  -18.4039  -18.4006  -18.3573  -18.3558  -18.3130  -18.3118  -17.4874  -17.4873  -17.4515  -17.4512  -17.4457  -17.4454  -17.4197  -17.4195  -17.4071  -17.4067  -17.4030  -17.4028  -17.3930  -17.3929  -17.3660  -17.3659  -17.3570  -17.3569  -17.3312  -17.3310  -11.9839  -11.9744  -11.1318  -11.1130  -10.5109  -10.5022  -10.3832  -10.3679   -6.2216   -6.2039   -5.5763   -5.5668   -3.6302   -3.5723   -3.5551   -3.4986   -3.2302   -3.2019   -2.6115   -2.5323   -2.3864   -2.3153   -1.9865   -1.9773   -1.5980   -1.5635   -1.5459   -1.5084   -1.2863   -1.2656   -1.1962   -1.1516    2.0504    2.0625    2.6523    2.7493    3.1294    3.1472    3.3381    3.4299    3.4920    3.5576    3.7793    3.8291    4.6403    4.7063    4.9319    5.0175    5.1589    5.1608    5.4033    5.4512    5.4953    5.5291    6.0050    6.0408    6.3275    6.3962    6.6233    6.7064
  1.3725  -37.5742  -37.5726  -37.5692  -37.5683  -18.5332  -18.5128  -18.5030  -18.4687  -18.4188  -18.4088  -18.4029  -18.3957  -18.3613  -18.3556  -18.3126  -18.3083  -17.4874  -17.4873  -17.4523  -17.4511  -17.4454  -17.4444  -17.4200  -17.4193  -17.4082  -17.4069  -17.4030  -17.4022  -17.3930  -17.3927  -17.3661  -17.3657  -17.3572  -17.3569  -17.3313  -17.3307  -12.0035  -11.9648  -11.1568  -11.0856  -10.5286  -10.5117  -10.3722  -10.3312   -6.2841   -6.2182   -5.5423   -5.5114   -3.6779   -3.5800   -3.5185   -3.4191   -3.3033   -3.1964   -2.7336   -2.5506   -2.3594   -2.2090   -2.0171   -1.9761   -1.6641   -1.6199   -1.5704   -1.4948   -1.3217   -1.2690   -1.1582   -1.0642    2.0608    2.0859    2.4901    2.7539    3.0561    3.1477    3.3771    3.4556    3.5792    3.6923    3.8008    3.9881    4.6455    4.7265    4.9932    5.0580    5.1101    5.2551    5.3884    5.5185    5.5696    5.6781    5.9274    6.0361    6.2778    6.4649    6.5942    6.7440
  1.4286  -37.5755  -37.5724  -37.5689  -37.5675  -18.5432  -18.5160  -18.5081  -18.4513  -18.4240  -18.4076  -18.4017  -18.3912  -18.3666  -18.3550  -18.3128  -18.3036  -17.4874  -17.4871  -17.4533  -17.4511  -17.4450  -17.4430  -17.4203  -17.4190  -17.4095  -17.4071  -17.4029  -17.4015  -17.3930  -17.3925  -17.3663  -17.3655  -17.3574  -17.3568  -17.3315  -17.3302  -12.0385  -11.9488  -11.1883  -11.0416  -10.5351  -10.5218  -10.3590  -10.3004   -6.3689   -6.2302   -5.4995   -5.4444   -3.7247   -3.6113   -3.4756   -3.4400   -3.2793   -3.1611   -2.8423   -2.5743   -2.3375   -2.1690   -2.0563   -1.9809   -1.7141   -1.6295   -1.5939   -1.4617   -1.3675   -1.2788   -1.1310   -1.0083    2.0593    2.1021    2.4263    2.7553    3.0168    3.1443    3.4346    3.5107    3.5821    3.7765    3.8519    4.2087    4.7181    4.7840    5.0004    5.0602    5.1288    5.3487    5.4501    5.6292    5.6836    5.8227    5.8636    6.0305    6.1719    6.4550    6.6701    6.7542
  1.4846  -37.5768  -37.5722  -37.5685  -37.5668  -18.5503  -18.5200  -18.5153  -18.4408  -18.4244  -18.4037  -18.4010  -18.3867  -18.3716  -18.3539  -18.3141  -18.2985  -17.4873  -17.4869  -17.4545  -17.4510  -17.4445  -17.4415  -17.4207  -17.4189  -17.4108  -17.4073  -17.4028  -17.4008  -17.3931  -17.3923  -17.3665  -17.3652  -17.3578  -17.3568  -17.3317  -17.3297  -12.0902  -11.9265  -11.2156  -10.9833  -10.5337  -10.5241  -10.3465  -10.2842   -6.4667   -6.2313   -5.4617   -5.3797   -3.7942   -3.6617   -3.5308   -3.4416   -3.1781   -3.0914   -2.9017   -2.6082   -2.3283   -2.2421   -2.0301   -1.9840   -1.7782   -1.6247   -1.5534   -1.4291   -1.4002   -1.3066   -1.1135   -0.9880    2.0024    2.1689    2.4889    2.7541    3.0166    3.1087    3.4184    3.5579    3.6557    3.8639    3.9238    4.3654    4.7205    4.8943    5.0195    5.1067    5.2037    5.3506    5.5471    5.6963    5.7671    5.8432    5.9182    6.1031    6.1525    6.4855    6.6129    6.7723
  1.5407  -37.5781  -37.5718  -37.5681  -37.5662  -18.5547  -18.5276  -18.5207  -18.4422  -18.4181  -18.4021  -18.3958  -18.3812  -18.3743  -18.3521  -18.3168  -18.2935  -17.4873  -17.4868  -17.4557  -17.4509  -17.4438  -17.4399  -17.4212  -17.4190  -17.4120  -17.4074  -17.4027  -17.4002  -17.3932  -17.3922  -17.3665  -17.3647  -17.3583  -17.3567  -17.3317  -17.3294  -12.1574  -11.8981  -11.2320  -10.9139  -10.5371  -10.5080  -10.3355  -10.2842   -6.5739   -6.2183   -5.4408   -5.3241   -3.8935   -3.7300   -3.5710   -3.4460   -3.1497   -2.9890   -2.8535   -2.6635   -2.3296   -2.2938   -2.0084   -1.9783   -1.8216   -1.6570   -1.5062   -1.4726   -1.3849   -1.2865   -1.0999   -0.9724    1.9889    2.2583    2.5963    2.7489    2.9621    3.1125    3.4029    3.5616    3.8224    3.9880    3.9952    4.3495    4.7971    4.8354    5.0720    5.2121    5.2455    5.3601    5.5288    5.6783    5.8174    5.8621    6.0409    6.1740    6.2779    6.5785    6.6753    6.7982
  1.5968  -37.5794  -37.5714  -37.5677  -37.5658  -18.5566  -18.5383  -18.5235  -18.4465  -18.4135  -18.4053  -18.3888  -18.3791  -18.3674  -18.3497  -18.3206  -18.2888  -17.4871  -17.4866  -17.4569  -17.4507  -17.4429  -17.4383  -17.4218  -17.4192  -17.4130  -17.4075  -17.4026  -17.3997  -17.3933  -17.3921  -17.3665  -17.3642  -17.3587  -17.3567  -17.3316  -17.3293  -12.2356  -11.8634  -11.2366  -10.8368  -10.5387  -10.4853  -10.3262  -10.2965   -6.6885   -6.1925   -5.4441   -5.2812   -4.0007   -3.7964   -3.5740   -3.4938   -3.1595   -2.8957   -2.8251   -2.6482   -2.3517   -2.2848   -1.9688   -1.9584   -1.8454   -1.7032   -1.5852   -1.4310   -1.4304   -1.2399   -1.0471   -0.9155    2.0469    2.3439    2.6448    2.7395    2.9047    3.1859    3.4196    3.5700    4.0011    4.0459    4.1281    4.2849    4.7188    4.8606    5.0705    5.1422    5.2278    5.3592    5.4783    5.7065    5.7980    5.9516    6.0383    6.2435    6.3431    6.5900    6.7568    6.9333
  1.6528  -37.5805  -37.5710  -37.5672  -37.5656  -18.5585  -18.5473  -18.5251  -18.4505  -18.4124  -18.4083  -18.3846  -18.3787  -18.3586  -18.3453  -18.3231  -18.2845  -17.4870  -17.4865  -17.4581  -17.4504  -17.4419  -17.4368  -17.4225  -17.4193  -17.4139  -17.4076  -17.4026  -17.3992  -17.3934  -17.3920  -17.3665  -17.3637  -17.3591  -17.3567  -17.3313  -17.3295  -12.3185  -11.8227  -11.2339  -10.7559  -10.5387  -10.4631  -10.3206  -10.3095   -6.8078   -6.1586   -5.4735   -5.2527   -4.0932   -3.8416   -3.5693   -3.5605   -3.1826   -2.9253   -2.7886   -2.5485   -2.3736   -2.2759   -1.9356   -1.8743   -1.8398   -1.7636   -1.6311   -1.4816   -1.4300   -1.2363   -0.9239   -0.8132    2.1695    2.3855    2.5128    2.8186    2.9490    3.2506    3.4588    3.6083    3.9833    4.1542    4.2244    4.3904    4.5976    4.8539    4.9300    5.0009    5.1487    5.2896    5.5112    5.6181    5.8171    5.9847    6.0816    6.1721    6.4768    6.6990    6.7578    6.9144
  1.7089  -37.5816  -37.5704  -37.5668  -37.5655  -18.5663  -18.5483  -18.5256  -18.4535  -18.4175  -18.4064  -18.3822  -18.3778  -18.3583  -18.3408  -18.3185  -18.2805  -17.4868  -17.4864  -17.4592  -17.4501  -17.4409  -17.4355  -17.4232  -17.4195  -17.4146  -17.4078  -17.4025  -17.3988  -17.3936  -17.3919  -17.3664  -17.3632  -17.3595  -17.3567  -17.3308  -17.3299  -12.3993  -11.7763  -11.2312  -10.6756  -10.5392  -10.4474  -10.3276  -10.3033   -6.9274   -6.1225   -5.5256   -5.2368   -4.1572   -3.8707   -3.6162   -3.5715   -3.2429   -2.9847   -2.7301   -2.4774   -2.3840   -2.2780   -1.9509   -1.9038   -1.8176   -1.6475   -1.6310   -1.5233   -1.4083   -1.2354   -0.7764   -0.6884    2.2568    2.3692    2.4477    2.8909    3.0235    3.2601    3.5460    3.6605    3.8880    4.1863    4.3609    4.4411    4.5740    4.6856    4.8308    4.8991    5.0099    5.3369    5.4102    5.5363    5.8350    5.9188    6.0658    6.1300    6.4876    6.5649    6.7388    6.9456
  1.7649  -37.5825  -37.5698  -37.5664  -37.5655  -18.5762  -18.5451  -18.5247  -18.4551  -18.4231  -18.4043  -18.3811  -18.3772  -18.3636  -18.3394  -18.3076  -18.2770  -17.4866  -17.4863  -17.4603  -17.4497  -17.4398  -17.4345  -17.4237  -17.4200  -17.4149  -17.4082  -17.4024  -17.3987  -17.3937  -17.3917  -17.3663  -17.3627  -17.3599  -17.3567  -17.3304  -17.3301  -12.4725  -11.7251  -11.2359  -10.6004  -10.5410  -10.4399  -10.3272  -10.2915   -7.0410   -6.0895   -5.5915   -5.2296   -4.1866   -3.8995   -3.6444   -3.5858   -3.3401   -3.0141   -2.7024   -2.4383   -2.3786   -2.2715   -1.9934   -1.9812   -1.7596   -1.6519   -1.5956   -1.5150   -1.2633   -1.1794   -0.6297   -0.5609    2.1193    2.3784    2.5649    2.9276    3.0655    3.3073    3.5505    3.7443    3.8647    4.1923    4.3076    4.3793    4.4689    4.5860    4.7937    4.9154    4.9828    5.2759    5.4016    5.5136    5.6923    5.9618    6.0096    6.1157    6.3264    6.4738    6.7252    6.8891
  1.8210  -37.5832  -37.5692  -37.5662  -37.5656  -18.5850  -18.5418  -18.5223  -18.4551  -18.4276  -18.4037  -18.3814  -18.3787  -18.3688  -18.3382  -18.2970  -18.2737  -17.4864  -17.4863  -17.4611  -17.4494  -17.4389  -17.4337  -17.4242  -17.4206  -17.4148  -17.4086  -17.4023  -17.3986  -17.3937  -17.3916  -17.3662  -17.3623  -17.3603  -17.3568  -17.3310  -17.3294  -12.5335  -11.6708  -11.2530  -10.5485  -10.5298  -10.4354  -10.3204  -10.2791   -7.1410   -6.0633   -5.6591   -5.2270   -4.1799   -3.9330   -3.6678   -3.5999   -3.4473   -3.0214   -2.7008   -2.4225   -2.3715   -2.2534   -2.0375   -2.0208   -1.7375   -1.6543   -1.5687   -1.5203   -1.2351   -0.9077   -0.4984   -0.4438    1.9863    2.3181    2.6304    2.9681    3.1295    3.3882    3.5023    3.7533    3.9872    4.1497    4.1968    4.2127    4.3684    4.5477    4.7592    4.9179    5.0254    5.2064    5.4080    5.5309    5.6461    5.8615    5.9691    6.0800    6.2177    6.4583    6.5577    6.9228
  1.8770  -37.5838  -37.5685  -37.5663  -37.5657  -18.5916  -18.5395  -18.5190  -18.4535  -18.4301  -18.4068  -18.3846  -18.3804  -18.3701  -18.3370  -18.2893  -18.2707  -17.4862  -17.4862  -17.4616  -17.4491  -17.4382  -17.4329  -17.4246  -17.4212  -17.4146  -17.4089  -17.4023  -17.3986  -17.3937  -17.3914  -17.3661  -17.3619  -17.3607  -17.3568  -17.3315  -17.3288  -12.5793  -11.6171  -11.2814  -10.5482  -10.4808  -10.4285  -10.3142  -10.2683   -7.2195   -6.0457   -5.7162   -5.2266   -4.1390   -3.9628   -3.7315   -3.6076   -3.5221   -3.0058   -2.7247   -2.4151   -2.3672   -2.2430   -2.0660   -2.0298   -1.7312   -1.6561   -1.5399   -1.5179   -1.2167   -0.6378   -0.3958   -0.3452    1.8853    2.2554    2.5145    3.0511    3.2505    3.3641    3.5800    3.7544    3.9895    4.0655    4.1352    4.2043    4.3027    4.5039    4.7326    4.9203    4.9483    5.1186    5.4693    5.4995    5.5742    5.7787    5.9759    6.0675    6.2395    6.5363    6.6051    6.8715
  1.9331  -37.5841  -37.5679  -37.5667  -37.5656  -18.5958  -18.5383  -18.5162  -18.4514  -18.4292  -18.4142  -18.3865  -18.3811  -18.3700  -18.3362  -18.2849  -18.2683  -17.4862  -17.4861  -17.4620  -17.4490  -17.4378  -17.4323  -17.4250  -17.4215  -17.4144  -17.4091  -17.4024  -17.3986  -17.3937  -17.3912  -17.3660  -17.3616  -17.3610  -17.3570  -17.3319  -17.3284  -12.6076  -11.5724  -11.3123  -10.5491  -10.4510  -10.4176  -10.3116  -10.2611   -7.2697   -6.0364   -5.7537   -5.2269   -4.0715   -3.9793   -3.8336   -3.6289   -3.5381   -2.9728   -2.7664   -2.4122   -2.3572   -2.2422   -2.0965   -2.0128   -1.7150   -1.6635   -1.5482   -1.4926   -1.1988   -0.4462   -0.3299   -0.2726    1.8231    2.2131    2.3748    3.1098    3.2166    3.4604    3.6303    3.8314    3.9643    3.9830    4.1130    4.2063    4.2910    4.4415    4.7588    4.8353    4.9228    5.0971    5.3360    5.4131    5.5413    5.7973    6.0083    6.1563    6.2915    6.5926    6.6687    6.8255
  1.9892  -37.5842  -37.5675  -37.5670  -37.5655  -18.5972  -18.5379  -18.5152  -18.4505  -18.4255  -18.4208  -18.3867  -18.3815  -18.3699  -18.3359  -18.2836  -18.2674  -17.4862  -17.4861  -17.4621  -17.4489  -17.4377  -17.4321  -17.4252  -17.4215  -17.4143  -17.4092  -17.4024  -17.3986  -17.3937  -17.3912  -17.3659  -17.3614  -17.3611  -17.3570  -17.3320  -17.3282  -12.6171  -11.5533  -11.3271  -10.5493  -10.4428  -10.4107  -10.3113  -10.2587   -7.2869   -6.0336   -5.7666   -5.2271   -4.0247   -3.9617   -3.9192   -3.6389   -3.5377   -2.9511   -2.7918   -2.4119   -2.3510   -2.2418   -2.1107   -2.0035   -1.7015   -1.6717   -1.5528   -1.4838   -1.1910   -0.3810   -0.3057   -0.2417    1.8021    2.2016    2.3121    3.1354    3.1911    3.4657    3.6760    3.8776    3.9487    4.0258    4.1040    4.1529    4.2873    4.3939    4.7700    4.7827    4.9974    5.1128    5.1805    5.3693    5.5619    5.7759    6.0339    6.2788    6.2814    6.5737    6.7203    6.9061
  1.9892  -37.5842  -37.5675  -37.5670  -37.5655  -18.5972  -18.5379  -18.5152  -18.4505  -18.4255  -18.4208  -18.3867  -18.3815  -18.3699  -18.3359  -18.2836  -18.2674  -17.4862  -17.4861  -17.4621  -17.4489  -17.4377  -17.4321  -17.4252  -17.4215  -17.4143  -17.4092  -17.4024  -17.3986  -17.3937  -17.3912  -17.3659  -17.3614  -17.3611  -17.3570  -17.3320  -17.3282  -12.6171  -11.5533  -11.3271  -10.5493  -10.4428  -10.4107  -10.3113  -10.2587   -7.2869   -6.0336   -5.7666   -5.2271   -4.0247   -3.9617   -3.9192   -3.6389   -3.5377   -2.9511   -2.7918   -2.4119   -2.3510   -2.2418   -2.1107   -2.0035   -1.7015   -1.6717   -1.5528   -1.4838   -1.1910   -0.3810   -0.3057   -0.2417    1.8021    2.2016    2.3121    3.1355    3.1911    3.4657    3.6760    3.8776    3.9487    4.0258    4.1041    4.1529    4.2873    4.3939    4.7701    4.7827    4.9975    5.1128    5.1806    5.3694    5.5612    5.7758    6.0325    6.2675    6.3098    6.5894    6.7296    6.9287
  2.0469  -37.5840  -37.5681  -37.5665  -37.5656  -18.5949  -18.5385  -18.5170  -18.4520  -18.4299  -18.4117  -18.3862  -18.3810  -18.3700  -18.3364  -18.2859  -18.2689  -17.4862  -17.4861  -17.4620  -17.4490  -17.4379  -17.4324  -17.4249  -17.4214  -17.4143  -17.4091  -17.4024  -17.3987  -17.3937  -17.3912  -17.3659  -17.3616  -17.3609  -17.3570  -17.3320  -17.3282  -12.6075  -11.5854  -11.2990  -10.5551  -10.4481  -10.4158  -10.3094  -10.2600   -7.2647   -6.0377   -5.7604   -5.2287   -4.1208   -3.9945   -3.7865   -3.6077   -3.5392   -2.9630   -2.7731   -2.4843   -2.2734   -2.2461   -2.1007   -2.0195   -1.7155   -1.6520   -1.5509   -1.4982   -1.2008   -0.4117   -0.3633   -0.2768    1.8357    2.2267    2.3485    3.1391    3.2260    3.3677    3.6043    3.8532    3.9628    4.0262    4.1312    4.2368    4.3144    4.4807    4.6617    4.8754    4.9610    5.1443    5.2471    5.3617    5.5509    5.8274    5.9805    6.1640    6.3277    6.5240    6.6322    6.7799
  2.1047  -37.5835  -37.5689  -37.5662  -37.5657  -18.5880  -18.5405  -18.5211  -18.4546  -18.4290  -18.4045  -18.3824  -18.3797  -18.3696  -18.3377  -18.2935  -18.2725  -17.4862  -17.4861  -17.4617  -17.4492  -17.4386  -17.4333  -17.4241  -17.4209  -17.4142  -17.4090  -17.4023  -17.3988  -17.3936  -17.3914  -17.3658  -17.3620  -17.3606  -17.3571  -17.3318  -17.3284  -12.5790  -11.6534  -11.2443  -10.5708  -10.4746  -10.4187  -10.3053  -10.2634   -7.1993   -6.0501   -5.7414   -5.2335   -4.2455   -3.9847   -3.7066   -3.5610   -3.4588   -2.9655   -2.7783   -2.5160   -2.2796   -2.1983   -2.0791   -2.0391   -1.7183   -1.6382   -1.5437   -1.5377   -1.2176   -0.5936   -0.4775   -0.3161    1.9339    2.2844    2.4288    3.0933    3.1636    3.3198    3.5182    3.8271    4.0056    4.1395    4.2030    4.2583    4.2934    4.6189    4.7119    4.8559    5.0730    5.1788    5.2837    5.4046    5.5875    5.7278    6.0081    6.0562    6.2772    6.4747    6.5805    6.7372
  2.1624  -37.5826  -37.5697  -37.5664  -37.5655  -18.5774  -18.5445  -18.5247  -18.4550  -18.4236  -18.4042  -18.3811  -18.3773  -18.3641  -18.3392  -18.3065  -18.2767  -17.4862  -17.4861  -17.4611  -17.4496  -17.4396  -17.4344  -17.4234  -17.4200  -17.4139  -17.4089  -17.4022  -17.3990  -17.3936  -17.3916  -17.3656  -17.3623  -17.3603  -17.3573  -17.3316  -17.3285  -12.5323  -11.7294  -11.1935  -10.5993  -10.5140  -10.4168  -10.3007  -10.2678   -7.0946   -6.0692   -5.7095   -5.2427   -4.3327   -3.9617   -3.6708   -3.5994   -3.2581   -2.9336   -2.8429   -2.4766   -2.3099   -2.2296   -2.0771   -1.9907   -1.7023   -1.6539   -1.5980   -1.5078   -1.2238   -0.8952   -0.6014   -0.3623    2.0840    2.3094    2.5139    2.8673    3.1956    3.3150    3.5319    3.7997    4.0892    4.1748    4.1923    4.3145    4.4143    4.6907    4.8062    4.9626    5.1763    5.2343    5.2851    5.4493    5.5333    5.6874    5.9907    6.0499    6.1886    6.4925    6.5384    6.6763
  2.2202  -37.5814  -37.5705  -37.5669  -37.5655  -18.5646  -18.5487  -18.5258  -18.4523  -18.4164  -18.4069  -18.3827  -18.3780  -18.3575  -18.3413  -18.3203  -18.2813  -17.4863  -17.4861  -17.4603  -17.4501  -17.4410  -17.4358  -17.4226  -17.4189  -17.4134  -17.4087  -17.4022  -17.3994  -17.3934  -17.3919  -17.3653  -17.3626  -17.3601  -17.3576  -17.3313  -17.3287  -12.4691  -11.8029  -11.1597  -10.6595  -10.5343  -10.4156  -10.2958  -10.2720   -6.9567   -6.0911   -5.6668   -5.2588   -4.3771   -3.9212   -3.6898   -3.6037   -3.0827   -2.9323   -2.8466   -2.4573   -2.3625   -2.2547   -2.0997   -1.9304   -1.7450   -1.6733   -1.5823   -1.4695   -1.2559   -1.1749   -0.7497   -0.4225    2.1527    2.3268    2.5968    2.7820    3.2222    3.2503    3.6298    3.7567    4.0024    4.1955    4.2852    4.4030    4.6563    4.7996    4.8327    5.0808    5.1363    5.2570    5.3908    5.4411    5.5479    5.6793    5.9678    6.0541    6.1745    6.3987    6.4881    6.7866
  2.2779  -37.5800  -37.5712  -37.5674  -37.5657  -18.5572  -18.5443  -18.5246  -18.4474  -18.4120  -18.4076  -18.3866  -18.3788  -18.3621  -18.3477  -18.3224  -18.2865  -17.4862  -17.4861  -17.4591  -17.4506  -17.4424  -17.4375  -17.4216  -17.4180  -17.4125  -17.4084  -17.4022  -17.3999  -17.3933  -17.3921  -17.3650  -17.3629  -17.3599  -17.3579  -17.3309  -17.3290  -12.3919  -11.8694  -11.1465  -10.7520  -10.5271  -10.4159  -10.2910  -10.2753   -6.7940   -6.1108   -5.6176   -5.2849   -4.3775   -3.8581   -3.7680   -3.5556   -3.0678   -2.8980   -2.7568   -2.5144   -2.4172   -2.2330   -2.1380   -1.9017   -1.8074   -1.7002   -1.5716   -1.5084   -1.3607   -1.1890   -0.9040   -0.4986    2.0058    2.5118    2.6517    2.8131    3.1498    3.3178    3.6287    3.7731    3.9348    4.2465    4.3990    4.5141    4.6829    4.8360    4.9275    5.0617    5.2141    5.3212    5.4495    5.4686    5.6072    5.8010    5.8581    6.0135    6.3023    6.3902    6.6107    6.8184
  2.3357  -37.5784  -37.5718  -37.5680  -37.5661  -18.5557  -18.5309  -18.5216  -18.4413  -18.4170  -18.4028  -18.3943  -18.3804  -18.3735  -18.3515  -18.3175  -18.2925  -17.4862  -17.4860  -17.4578  -17.4510  -17.4439  -17.4395  -17.4205  -17.4175  -17.4112  -17.4081  -17.4023  -17.4005  -17.3931  -17.3923  -17.3646  -17.3632  -17.3598  -17.3584  -17.3305  -17.3292  -12.3041  -11.9262  -11.1498  -10.8615  -10.5042  -10.4171  -10.2871  -10.2776   -6.6171   -6.1239   -5.5680   -5.3221   -4.3372   -3.8547   -3.7673   -3.5038   -3.1393   -2.8836   -2.6829   -2.5697   -2.4367   -2.2708   -2.1690   -1.9517   -1.8731   -1.7212   -1.6723   -1.4325   -1.3276   -1.1728   -1.0390   -0.5907    1.9060    2.5801    2.7108    2.9355    3.1269    3.3967    3.5284    3.8067    3.9843    4.3367    4.4696    4.5509    4.6432    4.7894    4.9656    5.0339    5.2226    5.4053    5.5076    5.5718    5.6778    5.8626    6.0503    6.0685    6.1774    6.4626    6.5177    6.8479
  2.3935  -37.5766  -37.5722  -37.5686  -37.5669  -18.5506  -18.5211  -18.5148  -18.4399  -18.4248  -18.4044  -18.4006  -18.3872  -18.3707  -18.3537  -18.3137  -18.2989  -17.4862  -17.4860  -17.4562  -17.4513  -17.4452  -17.4417  -17.4193  -17.4173  -17.4098  -17.4078  -17.4024  -17.4012  -17.3930  -17.3925  -17.3642  -17.3633  -17.3598  -17.3589  -17.3301  -17.3294  -12.2118  -11.9718  -11.1623  -10.9759  -10.4751  -10.4185  -10.2849  -10.2794   -6.4397   -6.1287   -5.5244   -5.3675   -4.2646   -3.9335   -3.6550   -3.4554   -3.2153   -2.9652   -2.7238   -2.5332   -2.4910   -2.3180   -2.1816   -2.0721   -1.8737   -1.7442   -1.6345   -1.3695   -1.3428   -1.1517   -1.1073   -0.6980    1.9142    2.5488    2.7188    3.1168    3.1415    3.4021    3.5150    3.8122    4.1004    4.3470    4.4674    4.5822    4.6825    4.7731    4.9302    5.0604    5.1895    5.3500    5.5218    5.6153    5.8447    5.9899    6.0362    6.1124    6.3036    6.4439    6.5433    6.6208
  2.4512  -37.5749  -37.5725  -37.5690  -37.5678  -18.5407  -18.5162  -18.5064  -18.4584  -18.4210  -18.4082  -18.4011  -18.3927  -18.3640  -18.3551  -18.3124  -18.3054  -17.4861  -17.4860  -17.4544  -17.4516  -17.4462  -17.4440  -17.4182  -17.4172  -17.4085  -17.4075  -17.4027  -17.4020  -17.3929  -17.3927  -17.3639  -17.3634  -17.3598  -17.3593  -17.3299  -17.3295  -12.1245  -12.0050  -11.1764  -11.0818  -10.4476  -10.4197  -10.2842  -10.2812   -6.2803   -6.1267   -5.4924   -5.4147   -4.1745   -3.9982   -3.5337   -3.4035   -3.2896   -3.0832   -2.8093   -2.6896   -2.4257   -2.2872   -2.1831   -2.1434   -1.8513   -1.7710   -1.5892   -1.4268   -1.3053   -1.1407   -1.0875   -0.8181    2.0401    2.5075    2.6904    3.0775    3.2458    3.3415    3.6504    3.8015    4.2096    4.2579    4.5327    4.6368    4.7398    4.8412    4.9147    5.0520    5.1472    5.2823    5.5344    5.6814    5.7641    5.8853    5.9828    6.2985    6.3574    6.5407    6.6960    6.8099
  2.5090  -37.5734  -37.5726  -37.5694  -37.5689  -18.5260  -18.5128  -18.5017  -18.4823  -18.4137  -18.4088  -18.4021  -18.3983  -18.3580  -18.3555  -18.3126  -18.3107  -17.4860  -17.4860  -17.4526  -17.4516  -17.4469  -17.4461  -17.4175  -17.4172  -17.4076  -17.4073  -17.4029  -17.4027  -17.3928  -17.3928  -17.3636  -17.3635  -17.3598  -17.3597  -17.3297  -17.3296  -12.0578  -12.0252  -11.1869  -11.1607  -10.4279  -10.4204  -10.2842  -10.2832   -6.1640   -6.1222   -5.4744   -5.4533   -4.0918   -4.0408   -3.4449   -3.3845   -3.2905   -3.1826   -2.8963   -2.8488   -2.3330   -2.2718   -2.2000   -2.1820   -1.8063   -1.7727   -1.5849   -1.5303   -1.2110   -1.1244   -1.0595   -0.9459    2.2601    2.4772    2.6641    2.8639    3.3198    3.3432    3.7355    3.7697    4.2848    4.3600    4.5232    4.5954    4.8902    4.9176    4.9520    5.0390    5.1100    5.1983    5.5466    5.6171    5.6831    5.7382    5.9642    6.0989    6.5067    6.6287    6.7447    7.1004
  2.5667  -37.5727  -37.5727  -37.5695  -37.5695  -18.5114  -18.5114  -18.5003  -18.5003  -18.4087  -18.4087  -18.4026  -18.4026  -18.3555  -18.3555  -18.3129  -18.3129  -17.4860  -17.4860  -17.4517  -17.4517  -17.4471  -17.4471  -17.4172  -17.4172  -17.4072  -17.4072  -17.4030  -17.4030  -17.3928  -17.3928  -17.3635  -17.3635  -17.3598  -17.3598  -17.3296  -17.3296  -12.0320  -12.0320  -11.1908  -11.1908  -10.4206  -10.4206  -10.2843  -10.2842   -6.1200   -6.1200   -5.4690   -5.4689   -4.0557   -4.0557   -3.4124   -3.4124   -3.2257   -3.2257   -2.9332   -2.9332   -2.2495   -2.2495   -2.2360   -2.2359   -1.7636   -1.7636   -1.5937   -1.5937   -1.1169   -1.1169   -1.0487   -1.0487    2.4662    2.4662    2.6541    2.6541    3.3474    3.3475    3.7499    3.7499    4.4443    4.4443    4.4758    4.4758    4.9311    4.9311    5.0683    5.0684    5.1018    5.1019    5.5101    5.5109    5.7286    5.7289    5.9476    5.9498    6.5594    6.6697    6.9129    7.0511
  2.5667  -37.5752  -37.5752  -37.5669  -37.5669  -18.5859  -18.5859  -18.4489  -18.4489  -18.4263  -18.4263  -18.3850  -18.3850  -18.3424  -18.3424  -18.2987  -18.2987  -17.4874  -17.4874  -17.4559  -17.4559  -17.4314  -17.4313  -17.4289  -17.4289  -17.4123  -17.4123  -17.3993  -17.3993  -17.3917  -17.3917  -17.3667  -17.3667  -17.3570  -17.3570  -17.3304  -17.3304  -11.9865  -11.9865  -11.1764  -11.1764  -10.5032  -10.5032  -10.2736  -10.2736   -6.3211   -6.3211   -5.7549   -5.7549   -3.8064   -3.8064   -3.2404   -3.2404   -3.1081   -3.1081   -2.7775   -2.7775   -2.2145   -2.2145   -1.8285   -1.8285   -1.6311   -1.6311   -1.2222   -1.2222   -1.1143   -1.1143   -0.8573   -0.8573    1.7385    1.7385    2.2042    2.2042    2.6975    2.6975    2.8465    2.8465    3.4915    3.4915    3.7970    3.7970    4.7668    4.7668    5.0179    5.0179    5.1441    5.1441    5.2927    5.2927    5.4992    5.4993    5.7234    5.7234    6.9259    6.9373    7.1396    7.1595
  2.6236  -37.5765  -37.5739  -37.5669  -37.5669  -18.5857  -18.5845  -18.4697  -18.4345  -18.4270  -18.4195  -18.3851  -18.3849  -18.3441  -18.3422  -18.3036  -18.2940  -17.4875  -17.4872  -17.4564  -17.4554  -17.4318  -17.4314  -17.4291  -17.4280  -17.4135  -17.4110  -17.3997  -17.3988  -17.3919  -17.3916  -17.3670  -17.3662  -17.3574  -17.3567  -17.3312  -17.3296  -12.0338  -11.9407  -11.2517  -11.0915  -10.5174  -10.4816  -10.2840  -10.2777   -6.4214   -6.2123   -5.8233   -5.6739   -3.8307   -3.7799   -3.2733   -3.1997   -3.1711   -3.0749   -2.7956   -2.7554   -2.3129   -2.1220   -1.8618   -1.8050   -1.6383   -1.6247   -1.2769   -1.1869   -1.1523   -1.1204   -0.8933   -0.8436    1.7472    1.7791    2.1351    2.2984    2.6776    2.7502    2.7732    3.0180    3.3922    3.5827    3.7609    3.9188    4.7213    4.8545    4.9110    4.9343    5.1150    5.1359    5.3019    5.3404    5.4430    5.6191    5.7622    5.8741    6.8082    7.0536    7.0909    7.2841
  2.6804  -37.5777  -37.5727  -37.5670  -37.5669  -18.5838  -18.5813  -18.4902  -18.4401  -18.4127  -18.4086  -18.3848  -18.3848  -18.3471  -18.3429  -18.3087  -18.2896  -17.4876  -17.4870  -17.4570  -17.4549  -17.4326  -17.4317  -17.4289  -17.4269  -17.4146  -17.4099  -17.4002  -17.3983  -17.3922  -17.3915  -17.3671  -17.3655  -17.3578  -17.3565  -17.3319  -17.3289  -12.0879  -11.8926  -11.3110  -11.0022  -10.5213  -10.4582  -10.3056  -10.2951   -6.5177   -6.0931   -5.8727   -5.5900   -3.8336   -3.7831   -3.3511   -3.2296   -3.1188   -3.0620   -2.8182   -2.7229   -2.4015   -2.0555   -1.9118   -1.7869   -1.6552   -1.6349   -1.2918   -1.2334   -1.2122   -1.1608   -0.9539   -0.8189    1.8067    1.8410    2.1646    2.2937    2.7428    2.8331    2.8586    3.2043    3.3417    3.6243    3.7764    4.1251    4.6786    4.7739    4.7866    4.9252    5.0443    5.1127    5.3719    5.4169    5.5290    5.6989    5.9472    6.1164    6.6577    7.0899    7.1933    7.3504
  2.7373  -37.5789  -37.5715  -37.5670  -37.5668  -18.5803  -18.5766  -18.5099  -18.4457  -18.4062  -18.3942  -18.3849  -18.3822  -18.3516  -18.3436  -18.3137  -18.2854  -17.4876  -17.4868  -17.4576  -17.4543  -17.4336  -17.4319  -17.4284  -17.4257  -17.4154  -17.4090  -17.4006  -17.3980  -17.3926  -17.3915  -17.3671  -17.3648  -17.3583  -17.3564  -17.3324  -17.3286  -12.1525  -11.8402  -11.3491  -10.9119  -10.5154  -10.4437  -10.3281  -10.3207   -6.6148   -5.9669   -5.9027   -5.5129   -3.8321   -3.8118   -3.4809   -3.2676   -3.0950   -2.9638   -2.8332   -2.6776   -2.4734   -2.0555   -1.9508   -1.7871   -1.6810   -1.6706   -1.3462   -1.2969   -1.2670   -1.1922   -1.0145   -0.7639    1.8993    1.9113    2.2320    2.2888    2.8175    2.9285    3.1010    3.3641    3.3658    3.6328    3.8337    4.3417    4.5102    4.6501    4.7206    4.9039    5.1034    5.2120    5.4539    5.5271    5.6553    5.8181    6.1282    6.3955    6.4440    6.9314    7.0078    7.1154
  2.7941  -37.5801  -37.5704  -37.5670  -37.5668  -18.5754  -18.5704  -18.5281  -18.4505  -18.4007  -18.3900  -18.3852  -18.3750  -18.3571  -18.3416  -18.3182  -18.2816  -17.4875  -17.4866  -17.4584  -17.4535  -17.4345  -17.4321  -17.4278  -17.4248  -17.4158  -17.4084  -17.4009  -17.3978  -17.3930  -17.3916  -17.3670  -17.3641  -17.3588  -17.3563  -17.3325  -17.3285  -12.2278  -11.7844  -11.3657  -10.8231  -10.5029  -10.4517  -10.3464  -10.3354   -6.7155   -5.9187   -5.8420   -5.4509   -3.9100   -3.7765   -3.6152   -3.3072   -3.1209   -2.9602   -2.6847   -2.6208   -2.5256   -2.1401   -1.9533   -1.8294   -1.7030   -1.6821   -1.4704   -1.4003   -1.3137   -1.1782   -0.9983   -0.6895    1.9780    2.0131    2.2211    2.4327    2.8719    3.0233    3.3713    3.4372    3.4983    3.6915    3.9311    4.3677    4.5026    4.5413    4.5506    5.0277    5.1574    5.3125    5.5831    5.6220    5.8176    5.9990    6.1630    6.3409    6.6409    6.6867    6.7962    7.0509
  2.8509  -37.5811  -37.5695  -37.5670  -37.5667  -18.5693  -18.5636  -18.5439  -18.4543  -18.3970  -18.3901  -18.3854  -18.3731  -18.3630  -18.3344  -18.3214  -18.2781  -17.4873  -17.4865  -17.4592  -17.4527  -17.4352  -17.4322  -17.4271  -17.4240  -17.4158  -17.4082  -17.4012  -17.3977  -17.3933  -17.3916  -17.3669  -17.3634  -17.3593  -17.3563  -17.3322  -17.3288  -12.3093  -11.7278  -11.3655  -10.7382  -10.4895  -10.4777  -10.3623  -10.3268   -6.8207   -5.9290   -5.7330   -5.4074   -3.9895   -3.7968   -3.6707   -3.3547   -3.1731   -3.0321   -2.5625   -2.5480   -2.4739   -2.2177   -1.9457   -1.9052   -1.7479   -1.6474   -1.5767   -1.4822   -1.3626   -1.2236   -0.8761   -0.6078    1.9754    2.1559    2.3354    2.5179    2.9181    3.1124    3.4209    3.5085    3.8108    3.8562    4.0479    4.2665    4.4325    4.4739    4.5760    5.0405    5.2290    5.3248    5.6506    5.6567    5.8869    5.9780    6.3003    6.4987    6.5545    6.6010    6.7252    6.9458
  2.9078  -37.5820  -37.5687  -37.5670  -37.5666  -18.5638  -18.5625  -18.5497  -18.4567  -18.3971  -18.3916  -18.3847  -18.3768  -18.3679  -18.3298  -18.3177  -18.2750  -17.4870  -17.4864  -17.4600  -17.4519  -17.4359  -17.4322  -17.4265  -17.4233  -17.4156  -17.4082  -17.4014  -17.3978  -17.3936  -17.3916  -17.3668  -17.3629  -17.3597  -17.3563  -17.3316  -17.3293  -12.3908  -11.6745  -11.3559  -10.6606  -10.5043  -10.4800  -10.3613  -10.3132   -6.9291   -5.9412   -5.6608   -5.3747   -4.0498   -3.8872   -3.6328   -3.4090   -3.2784   -3.0793   -2.5585   -2.4888   -2.4361   -2.1657   -1.9921   -1.8850   -1.8289   -1.6608   -1.5632   -1.5127   -1.3866   -1.2690   -0.7297   -0.5268    1.9339    2.3203    2.5255    2.5256    2.9684    3.1651    3.4065    3.6129    4.0673    4.0910    4.1165    4.2170    4.4056    4.5111    4.5485    4.9851    5.1386    5.2224    5.5790    5.6564    5.8160    6.0129    6.3506    6.4049    6.6186    6.8058    6.8336    6.9742
  2.9646  -37.5828  -37.5681  -37.5670  -37.5663  -18.5745  -18.5553  -18.5420  -18.4577  -18.4017  -18.3952  -18.3833  -18.3816  -18.3707  -18.3314  -18.3071  -18.2723  -17.4868  -17.4863  -17.4608  -17.4510  -17.4365  -17.4322  -17.4260  -17.4228  -17.4152  -17.4084  -17.4017  -17.3980  -17.3937  -17.3915  -17.3666  -17.3623  -17.3601  -17.3564  -17.3307  -17.3300  -12.4658  -11.6288  -11.3441  -10.5958  -10.5201  -10.4709  -10.3474  -10.2985   -7.0363   -5.9594   -5.6445   -5.3361   -4.0827   -3.9595   -3.5950   -3.4658   -3.4217   -3.0886   -2.5326   -2.5141   -2.4360   -2.0996   -2.0776   -1.9078   -1.7932   -1.7219   -1.5111   -1.4561   -1.3415   -1.2559   -0.5856   -0.4526    1.8899    2.3862    2.5740    2.7376    3.0384    3.1630    3.4034    3.7003    4.1012    4.1802    4.2078    4.3122    4.4000    4.4101    4.7478    4.8963    4.9588    5.0880    5.5165    5.5795    5.8789    5.9767    6.2340    6.2398    6.3329    6.6140    6.8132    6.8923
  3.0215  -37.5834  -37.5678  -37.5670  -37.5661  -18.5841  -18.5485  -18.5327  -18.4571  -18.4091  -18.4020  -18.3846  -18.3822  -18.3713  -18.3333  -18.2973  -18.2702  -17.4865  -17.4863  -17.4613  -17.4501  -17.4370  -17.4321  -17.4256  -17.4223  -17.4148  -17.4087  -17.4019  -17.3982  -17.3938  -17.3914  -17.3664  -17.3619  -17.3606  -17.3565  -17.3308  -17.3298  -12.5293  -11.5938  -11.3349  -10.5589  -10.5108  -10.4563  -10.3306  -10.2838   -7.1350   -5.9832   -5.6737   -5.2920   -4.0885   -4.0029   -3.5752   -3.5711   -3.5177   -3.0699   -2.6015   -2.4859   -2.4052   -2.1537   -2.0620   -1.9726   -1.7448   -1.7409   -1.5011   -1.4761   -1.2777   -1.0079   -0.4557   -0.3904    1.8524    2.3229    2.6348    2.9159    3.1661    3.2034    3.3769    3.7544    4.0735    4.1521    4.2353    4.2584    4.3336    4.4152    4.7972    4.8965    4.9168    5.1571    5.4384    5.5051    5.8687    5.9279    6.0779    6.0824    6.2392    6.5190    6.6226    6.9467
  3.0783  -37.5838  -37.5676  -37.5670  -37.5658  -18.5913  -18.5429  -18.5240  -18.4550  -18.4170  -18.4103  -18.3860  -18.3817  -18.3708  -18.3348  -18.2898  -18.2686  -17.4863  -17.4862  -17.4618  -17.4495  -17.4374  -17.4321  -17.4254  -17.4219  -17.4145  -17.4090  -17.4022  -17.3984  -17.3938  -17.3913  -17.3662  -17.3615  -17.3610  -17.3567  -17.3314  -17.3290  -12.5772  -11.5704  -11.3297  -10.5517  -10.4782  -10.4366  -10.3182  -10.2706   -7.2155   -6.0078   -5.7180   -5.2558   -4.0681   -4.0217   -3.7114   -3.5918   -3.5398   -3.0298   -2.6848   -2.4367   -2.3876   -2.2120   -2.0324   -2.0323   -1.7207   -1.7193   -1.5134   -1.4915   -1.2355   -0.7006   -0.3498   -0.3439    1.8246    2.2539    2.5385    3.0251    3.2702    3.3553    3.4269    3.7620    3.9966    4.0522    4.1243    4.2856    4.3417    4.3950    4.7664    4.9015    4.9452    5.1228    5.4906    5.4910    5.6631    5.8689    5.9536    6.0527    6.3038    6.6175    6.7266    7.1609
  3.1352  -37.5841  -37.5675  -37.5670  -37.5656  -18.5957  -18.5392  -18.5176  -18.4521  -18.4231  -18.4176  -18.3865  -18.3815  -18.3701  -18.3356  -18.2852  -18.2677  -17.4862  -17.4862  -17.4620  -17.4491  -17.4376  -17.4321  -17.4253  -17.4216  -17.4144  -17.4091  -17.4023  -17.3986  -17.3937  -17.3912  -17.3660  -17.3613  -17.3613  -17.3569  -17.3319  -17.3284  -12.6070  -11.5574  -11.3276  -10.5499  -10.4523  -10.4183  -10.3125  -10.2617   -7.2685   -6.0265   -5.7534   -5.2341   -4.0253   -4.0204   -3.8348   -3.6251   -3.5388   -2.9799   -2.7565   -2.4152   -2.3623   -2.2406   -2.0852   -2.0113   -1.7066   -1.6865   -1.5420   -1.4856   -1.2032   -0.4658   -0.3153   -0.2746    1.8078    2.2109    2.3871    3.1004    3.2170    3.4680    3.6131    3.7999    3.9533    3.9833    4.1046    4.2254    4.3060    4.4290    4.7706    4.8527    4.9039    5.0892    5.3812    5.4369    5.5248    5.7977    6.0307    6.0909    6.2956    6.6130    6.6741    6.8462
  3.1920  -37.5842  -37.5675  -37.5670  -37.5655  -18.5972  -18.5379  -18.5152  -18.4505  -18.4255  -18.4208  -18.3867  -18.3815  -18.3699  -18.3359  -18.2836  -18.2674  -17.4862  -17.4861  -17.4621  -17.4489  -17.4377  -17.4321  -17.4252  -17.4215  -17.4143  -17.4092  -17.4024  -17.3986  -17.3937  -17.3912  -17.3659  -17.3614  -17.3611  -17.3570  -17.3320  -17.3282  -12.6171  -11.5533  -11.3271  -10.5493  -10.4428  -10.4107  -10.3113  -10.2587   -7.2869   -6.0336   -5.7666   -5.2271   -4.0247   -3.9617   -3.9192   -3.6389   -3.5377   -2.9511   -2.7918   -2.4119   -2.3510   -2.2418   -2.1107   -2.0035   -1.7015   -1.6717   -1.5528   -1.4838   -1.1910   -0.3810   -0.3057   -0.2417    1.8021    2.2016    2.3121    3.1354    3.1911    3.4657    3.6760    3.8776    3.9487    4.0258    4.1040    4.1529    4.2873    4.3939    4.7700    4.7827    4.9974    5.1128    5.1809    5.3692    5.5612    5.7788    6.0322    6.2808    6.3183    6.6650    6.7190    6.9973
  3.1920  -37.5842  -37.5675  -37.5670  -37.5655  -18.5972  -18.5379  -18.5152  -18.4505  -18.4255  -18.4208  -18.3867  -18.3815  -18.3699  -18.3359  -18.2836  -18.2674  -17.4862  -17.4861  -17.4621  -17.4489  -17.4377  -17.4321  -17.4252  -17.4215  -17.4143  -17.4092  -17.4024  -17.3986  -17.3937  -17.3912  -17.3659  -17.3614  -17.3611  -17.3570  -17.3320  -17.3282  -12.6171  -11.5533  -11.3271  -10.5493  -10.4428  -10.4107  -10.3113  -10.2587   -7.2869   -6.0336   -5.7666   -5.2271   -4.0247   -3.9617   -3.9192   -3.6389   -3.5377   -2.9511   -2.7918   -2.4119   -2.3510   -2.2418   -2.1107   -2.0035   -1.7015   -1.6717   -1.5528   -1.4838   -1.1910   -0.3810   -0.3057   -0.2417    1.8021    2.2016    2.3121    3.1354    3.1911    3.4657    3.6760    3.8776    3.9487    4.0263    4.1040    4.1529    4.2872    4.3939    4.7700    4.7827    4.9974    5.1128    5.1805    5.3691    5.5610    5.7771    6.0317    6.2607    6.2847    6.5686    6.6738    6.9109
  3.2503  -37.5841  -37.5681  -37.5665  -37.5655  -18.5966  -18.5370  -18.5139  -18.4500  -18.4339  -18.4144  -18.3865  -18.3809  -18.3698  -18.3368  -18.2839  -18.2686  -17.4862  -17.4861  -17.4619  -17.4488  -17.4380  -17.4325  -17.4249  -17.4213  -17.4145  -17.4091  -17.4024  -17.3986  -17.3937  -17.3913  -17.3660  -17.3616  -17.3609  -17.3569  -17.3319  -17.3283  -12.6075  -11.5816  -11.3066  -10.5512  -10.4406  -10.4148  -10.3165  -10.2577   -7.2783   -6.0538   -5.7447   -5.2204   -4.0785   -3.9654   -3.8463   -3.6564   -3.5128   -2.9604   -2.7798   -2.4728   -2.2967   -2.2236   -2.1170   -2.0074   -1.7188   -1.6422   -1.5413   -1.4904   -1.1908   -0.4411   -0.3444   -0.2649    1.8328    2.1878    2.3927    3.0606    3.2050    3.5048    3.6476    3.8822    3.9717    4.0204    4.0952    4.1441    4.2813    4.4098    4.7024    4.8647    4.9627    5.0738    5.2404    5.4256    5.5465    5.7884    5.9577    6.1124    6.2857    6.6263    6.7470    6.9029
  3.3085  -37.5839  -37.5689  -37.5660  -37.5655  -18.5947  -18.5343  -18.5103  -18.4482  -18.4452  -18.4102  -18.3844  -18.3798  -18.3694  -18.3392  -18.2848  -18.2724  -17.4864  -17.4862  -17.4614  -17.4485  -17.4388  -17.4334  -17.4243  -17.4205  -17.4149  -17.4089  -17.4025  -17.3987  -17.3937  -17.3914  -17.3663  -17.3621  -17.3605  -17.3567  -17.3316  -17.3287  -12.5793  -11.6455  -11.2653  -10.5558  -10.4390  -10.4245  -10.3306  -10.2549   -7.2525   -6.1096   -5.6815   -5.2031   -4.1477   -3.9570   -3.7607   -3.6619   -3.4620   -2.9840   -2.7539   -2.5262   -2.2690   -2.2083   -2.1133   -1.9926   -1.7294   -1.5933   -1.5197   -1.5049   -1.1896   -0.6413   -0.4271   -0.3148    1.9218    2.1864    2.5639    2.9121    3.2399    3.5097    3.6265    3.8538    3.9490    4.0252    4.1185    4.1610    4.2836    4.4623    4.6487    4.8192    5.0158    5.0863    5.2658    5.4640    5.5915    5.7843    5.8388    5.9418    6.3052    6.5350    6.6854    6.9856
  3.3667  -37.5835  -37.5699  -37.5655  -37.5654  -18.5915  -18.5298  -18.5045  -18.4572  -18.4452  -18.4110  -18.3814  -18.3768  -18.3687  -18.3429  -18.2863  -18.2785  -17.4865  -17.4863  -17.4606  -17.4481  -17.4401  -17.4344  -17.4236  -17.4192  -17.4155  -17.4086  -17.4028  -17.3989  -17.3937  -17.3916  -17.3666  -17.3627  -17.3599  -17.3564  -17.3312  -17.3293  -12.5339  -11.7209  -11.2244  -10.5621  -10.4575  -10.4249  -10.3496  -10.2510   -7.2104   -6.1889   -5.5849   -5.1806   -4.1942   -3.9381   -3.7570   -3.5818   -3.3991   -3.0112   -2.7352   -2.5398   -2.2805   -2.2445   -2.0949   -1.9387   -1.7084   -1.5573   -1.5334   -1.4806   -1.1873   -0.9281   -0.5388   -0.3880    2.0571    2.2086    2.7321    2.7767    3.2826    3.4451    3.6025    3.7615    3.9312    4.0645    4.0859    4.2474    4.2958    4.5293    4.6327    4.7853    5.0351    5.1158    5.2914    5.4285    5.6906    5.7327    5.7862    5.8954    6.3442    6.4972    6.5954    6.7929
  3.4250  -37.5830  -37.5709  -37.5653  -37.5651  -18.5871  -18.5237  -18.4967  -18.4694  -18.4408  -18.4152  -18.3819  -18.3702  -18.3678  -18.3471  -18.2885  -18.2865  -17.4868  -17.4865  -17.4595  -17.4476  -17.4417  -17.4355  -17.4229  -17.4177  -17.4162  -17.4082  -17.4032  -17.3992  -17.3937  -17.3918  -17.3668  -17.3634  -17.3594  -17.3562  -17.3308  -17.3300  -12.4743  -11.7967  -11.1903  -10.5707  -10.4909  -10.4246  -10.3681  -10.2468   -7.1535   -6.2789   -5.4668   -5.1563   -4.2105   -3.9097   -3.7668   -3.4935   -3.3237   -3.0278   -2.7302   -2.5465   -2.3406   -2.2396   -2.0940   -1.8839   -1.6701   -1.5540   -1.5400   -1.4428   -1.2478   -1.1701   -0.6741   -0.4830    2.2097    2.2581    2.6124    2.9121    3.3000    3.3864    3.5338    3.7016    3.8929    4.0937    4.1320    4.2518    4.3516    4.4190    4.7475    4.9038    5.0098    5.0838    5.3488    5.4254    5.6308    5.6940    5.8727    6.0313    6.3002    6.5236    6.5502    6.8281
  3.4832  -37.5824  -37.5720  -37.5651  -37.5648  -18.5815  -18.5162  -18.4874  -18.4816  -18.4350  -18.4213  -18.3850  -18.3667  -18.3639  -18.3505  -18.2960  -18.2912  -17.4870  -17.4867  -17.4582  -17.4470  -17.4434  -17.4367  -17.4222  -17.4170  -17.4160  -17.4077  -17.4037  -17.3997  -17.3936  -17.3920  -17.3670  -17.3640  -17.3588  -17.3561  -17.3307  -17.3304  -12.4046  -11.8673  -11.1623  -10.5837  -10.5346  -10.4301  -10.3803  -10.2440   -7.0848   -6.3696   -5.3424   -5.1301   -4.1949   -3.8840   -3.7448   -3.4313   -3.2465   -3.0200   -2.7258   -2.6182   -2.3559   -2.2390   -2.0875   -1.8538   -1.6752   -1.6230   -1.5130   -1.4496   -1.4072   -1.1811   -0.8211   -0.5948    2.2982    2.3656    2.5229    2.9934    3.2558    3.3516    3.5199    3.6974    3.8213    4.1039    4.1828    4.2836    4.3546    4.4375    4.7504    4.9799    5.0807    5.1264    5.2455    5.5245    5.5576    5.7266    6.0027    6.1504    6.2678    6.5577    6.5931    6.8406
  3.5415  -37.5816  -37.5731  -37.5650  -37.5646  -18.5748  -18.5075  -18.4937  -18.4769  -18.4290  -18.4272  -18.3907  -18.3653  -18.3617  -18.3501  -18.3060  -18.2945  -17.4872  -17.4869  -17.4568  -17.4464  -17.4451  -17.4380  -17.4214  -17.4176  -17.4144  -17.4073  -17.4044  -17.4004  -17.3935  -17.3922  -17.3671  -17.3645  -17.3583  -17.3560  -17.3312  -17.3303  -12.3300  -11.9296  -11.1363  -10.6161  -10.5730  -10.4429  -10.3809  -10.2448   -7.0088   -6.4545   -5.2282   -5.0988   -4.1515   -3.8742   -3.6727   -3.3880   -3.1877   -2.9873   -2.7568   -2.6858   -2.4062   -2.2239   -2.0664   -1.8783   -1.7925   -1.6894   -1.5280   -1.4155   -1.3897   -1.2013   -0.9642   -0.7153    2.3462    2.3900    2.5611    3.0143    3.1965    3.3511    3.5546    3.7294    3.7685    4.0885    4.1764    4.3515    4.4219    4.5177    4.7535    4.9678    5.0802    5.1715    5.2358    5.5170    5.5253    5.8127    6.0166    6.1723    6.4610    6.5532    6.6181    6.7794
  3.5997  -37.5808  -37.5742  -37.5648  -37.5645  -18.5672  -18.5057  -18.4978  -18.4657  -18.4371  -18.4183  -18.3987  -18.3638  -18.3638  -18.3477  -18.3145  -18.2984  -17.4874  -17.4871  -17.4554  -17.4470  -17.4454  -17.4392  -17.4205  -17.4181  -17.4128  -17.4067  -17.4053  -17.4012  -17.3933  -17.3923  -17.3672  -17.3651  -17.3578  -17.3559  -17.3316  -17.3303  -12.2570  -11.9823  -11.1063  -10.6857  -10.5825  -10.4630  -10.3699  -10.2509   -6.9306   -6.5307   -5.1376   -5.0599   -4.0899   -3.8730   -3.5645   -3.3518   -3.1425   -2.9778   -2.8430   -2.6675   -2.5268   -2.2397   -2.0441   -1.9237   -1.8486   -1.6904   -1.5641   -1.3933   -1.3694   -1.2284   -1.0855   -0.8329    2.3345    2.3837    2.6719    3.0130    3.1633    3.3916    3.6074    3.7133    3.8119    4.0809    4.1573    4.3817    4.5243    4.5856    4.8291    4.9054    5.0355    5.2273    5.2357    5.3654    5.5311    5.8598    6.0389    6.1409    6.4719    6.5209    6.5945    6.9260
  3.6580  -37.5798  -37.5754  -37.5647  -37.5644  -18.5586  -18.5173  -18.4876  -18.4541  -18.4463  -18.4085  -18.4077  -18.3679  -18.3620  -18.3486  -18.3183  -18.3027  -17.4876  -17.4873  -17.4540  -17.4485  -17.4446  -17.4405  -17.4198  -17.4185  -17.4114  -17.4064  -17.4061  -17.4022  -17.3931  -17.3924  -17.3671  -17.3657  -17.3572  -17.3560  -17.3317  -17.3305  -12.1919  -12.0256  -11.0661  -10.7701  -10.5781  -10.4883  -10.3509  -10.2632   -6.8550   -6.5984   -5.0737   -5.0207   -4.0229   -3.8766   -3.4458   -3.3106   -3.0926   -3.0565   -2.8665   -2.7039   -2.5996   -2.3146   -2.0107   -1.9189   -1.8326   -1.7053   -1.5943   -1.4238   -1.3849   -1.2421   -1.1541   -0.9332    2.3165    2.3533    2.8030    2.9895    3.1961    3.4515    3.6557    3.7094    3.8721    4.0831    4.1661    4.3470    4.5516    4.6383    4.7639    4.9017    5.0631    5.1980    5.2556    5.3364    5.5241    5.8473    5.9960    6.1793    6.2215    6.5378    6.6971    6.9113
  3.7162  -37.5788  -37.5765  -37.5646  -37.5644  -18.5492  -18.5285  -18.4770  -18.4561  -18.4424  -18.4193  -18.3961  -18.3747  -18.3598  -18.3529  -18.3165  -18.3075  -17.4876  -17.4875  -17.4526  -17.4499  -17.4437  -17.4416  -17.4193  -17.4187  -17.4100  -17.4075  -17.4053  -17.4033  -17.3929  -17.3926  -17.3669  -17.3662  -17.3568  -17.3561  -17.3315  -17.3309  -12.1389  -12.0622  -11.0110  -10.8578  -10.5637  -10.5157  -10.3276  -10.2812   -6.7851   -6.6604   -5.0285   -4.9984   -3.9628   -3.8896   -3.3463   -3.2618   -3.1329   -3.0506   -2.9155   -2.7855   -2.5635   -2.4046   -1.9535   -1.8981   -1.8148   -1.7633   -1.5748   -1.4590   -1.4111   -1.3269   -1.1215   -1.0089    2.3068    2.3198    2.9073    2.9634    3.2953    3.4672    3.7002    3.7360    3.9364    4.0797    4.1825    4.2500    4.5572    4.5988    4.6543    4.7828    5.2161    5.2567    5.2740    5.4519    5.5114    5.8069    5.8762    6.0703    6.2855    6.3617    6.9283    6.9500
  3.7745  -37.5777  -37.5777  -37.5645  -37.5645  -18.5392  -18.5391  -18.4665  -18.4664  -18.4307  -18.4307  -18.3846  -18.3846  -18.3569  -18.3569  -18.3123  -18.3123  -17.4876  -17.4876  -17.4513  -17.4513  -17.4427  -17.4427  -17.4189  -17.4189  -17.4088  -17.4087  -17.4043  -17.4043  -17.3928  -17.3927  -17.3666  -17.3666  -17.3564  -17.3564  -17.3312  -17.3312  -12.0975  -12.0975  -10.9404  -10.9403  -10.5420  -10.5419  -10.3035  -10.3035   -6.7212   -6.7212   -5.0016   -5.0016   -3.9176   -3.9176   -3.2763   -3.2763   -3.1065   -3.1065   -2.8694   -2.8693   -2.4918   -2.4918   -1.8836   -1.8836   -1.8302   -1.8302   -1.5031   -1.5031   -1.4032   -1.4032   -1.0683   -1.0683    2.3050    2.3050    2.9493    2.9493    3.4061    3.4061    3.7458    3.7458    4.0174    4.0174    4.1830    4.1830    4.5558    4.5558    4.6835    4.6836    5.2478    5.2487    5.4455    5.4465    5.6029    5.6057    5.9680    6.0045    6.3113    6.3340    6.8838    6.9696
