#K-Path     Band-1    Band-2    Band-3    Band-4      ...     Band-n
  0.0000  -45.3520  -45.3432  -45.3332  -37.5927  -18.4802  -18.2983  -18.2844  -12.1652  -10.8009   -8.9838   -8.9727   -8.8412   -8.8287   -8.6650   -5.1124   -1.4991   -1.4079   -0.4680   -0.3274   -0.2339    1.7958    2.7986    3.4761    4.0495
  0.0528  -45.3520  -45.3432  -45.3332  -37.5926  -18.4794  -18.3001  -18.2860  -12.1569  -10.7990   -8.9830   -8.9720   -8.8416   -8.8290   -8.6636   -5.1012   -1.5321   -1.4338   -0.4843   -0.3860   -0.2753    1.8651    2.8162    3.5157    4.0731
  0.1056  -45.3520  -45.3433  -45.3332  -37.5921  -18.4769  -18.3063  -18.2896  -12.1321  -10.7936   -8.9810   -8.9701   -8.8431   -8.8300   -8.6596   -5.0679   -1.6589   -1.4757   -0.5962   -0.5289   -0.3337    2.0378    2.8652    3.6138    4.2735
  0.1583  -45.3520  -45.3435  -45.3331  -37.5914  -18.4728  -18.3179  -18.2939  -12.0914  -10.7847   -8.9775   -8.9666   -8.8458   -8.8310   -8.6532   -5.0135   -1.8706   -1.5244   -0.8848   -0.6259   -0.3903    2.2487    2.9375    3.7306    4.3939
  0.2111  -45.3520  -45.3437  -45.3330  -37.5905  -18.4672  -18.3345  -18.2986  -12.0356  -10.7728   -8.9729   -8.9615   -8.8497   -8.8318   -8.6446   -4.9397   -2.1342   -1.5973   -1.2052   -0.7581   -0.4489    2.4478    3.0200    3.8324    4.3124
  0.2639  -45.3521  -45.3439  -45.3329  -37.5893  -18.4605  -18.3549  -18.3040  -11.9659  -10.7580   -8.9673   -8.9546   -8.8544   -8.8322   -8.6343   -4.8492   -2.4254   -1.7321   -1.4948   -0.9135   -0.5149    2.6106    3.0936    3.9094    4.3469
  0.3167  -45.3521  -45.3442  -45.3327  -37.5879  -18.4530  -18.3777  -18.3105  -11.8841  -10.7410   -8.9609   -8.9457   -8.8595   -8.8320   -8.6224   -4.7464   -2.7255   -1.9912   -1.6784   -1.0792   -0.5923    2.7341    3.1441    3.9721    4.3648
  0.3695  -45.3522  -45.3445  -45.3325  -37.5865  -18.4452  -18.4014  -18.3180  -11.7919  -10.7222   -8.9539   -8.9347   -8.8647   -8.8312   -8.6092   -4.6387   -3.0184   -2.3007   -1.8201   -1.2456   -0.6830    2.8267    3.1751    4.0421    4.4495
  0.4222  -45.3522  -45.3448  -45.3324  -37.5849  -18.4403  -18.4219  -18.3267  -11.6918  -10.7022   -8.9468   -8.9218   -8.8695   -8.8292   -8.5947   -4.5396   -3.2859   -2.6026   -1.9688   -1.4064   -0.7872    2.9012    3.2018    4.1289    4.5784
  0.4750  -45.3523  -45.3452  -45.3322  -37.5833  -18.4539  -18.4229  -18.3365  -11.5867  -10.6812   -8.9399   -8.9078   -8.8734   -8.8255   -8.5789   -4.4755   -3.5015   -2.8794   -2.1299   -1.5576   -0.9037    2.9713    3.2375    4.2272    5.0889
  0.5278  -45.3523  -45.3455  -45.3320  -37.5818  -18.4744  -18.4154  -18.3474  -11.4798  -10.6598   -8.9338   -8.8945   -8.8756   -8.8191   -8.5616   -4.4868   -3.6326   -3.1169   -2.2992   -1.6970   -1.0306    3.0486    3.2898    4.3218    4.8014
  0.5806  -45.3524  -45.3459  -45.3317  -37.5803  -18.4928  -18.4076  -18.3593  -11.3748  -10.6381   -8.9287   -8.8871   -8.8722   -8.8094   -8.5426   -4.5884   -3.6918   -3.2875   -2.4673   -1.8226   -1.1652    3.1399    3.3616    4.3880    4.8637
  0.6334  -45.3525  -45.3462  -45.3315  -37.5789  -18.5079  -18.4008  -18.3717  -11.2756  -10.6163   -8.9248   -8.8866   -8.8632   -8.7962   -8.5213   -4.7413   -3.7663   -3.3522   -2.6172   -1.9326   -1.3048    3.2468    3.4537    4.3930    5.0034
  0.6862  -45.3525  -45.3466  -45.3313  -37.5777  -18.5189  -18.3977  -18.3821  -11.1862  -10.5944   -8.9219   -8.8877   -8.8545   -8.7812   -8.4975   -4.9023   -3.8791   -3.3579   -2.7155   -2.0256   -1.4464    3.3663    3.5653    4.3222    4.9903
  0.7389  -45.3526  -45.3469  -45.3310  -37.5767  -18.5254  -18.4059  -18.3830  -11.1101  -10.5727   -8.9199   -8.8887   -8.8472   -8.7668   -8.4715   -5.0474   -3.9883   -3.4050   -2.7226   -2.1004   -1.5874    3.4905    3.6939    4.2121    4.9857
  0.7917  -45.3527  -45.3472  -45.3308  -37.5758  -18.5273  -18.4202  -18.3796  -11.0494  -10.5519   -8.9184   -8.8895   -8.8412   -8.7551   -8.4445   -5.1648   -4.0730   -3.5132   -2.6479   -2.1564   -1.7252    3.6032    3.8340    4.1072    4.9168
  0.8445  -45.3527  -45.3474  -45.3305  -37.5752  -18.5248  -18.4357  -18.3764  -11.0051  -10.5332   -8.9173   -8.8899   -8.8368   -8.7469   -8.4190   -5.2493   -4.1267   -3.6472   -2.5373   -2.1935   -1.8578    3.6737    3.9777    4.0570    4.8185
  0.8973  -45.3528  -45.3477  -45.3302  -37.5747  -18.5184  -18.4513  -18.3740  -10.9762  -10.5183   -8.9166   -8.8900   -8.8338   -8.7422   -8.3981   -5.3003   -4.1483   -3.7781   -2.4220   -2.2118   -1.9829    3.6838    4.0656    4.1287    4.8676
  0.9501  -45.3529  -45.3480  -45.3299  -37.5745  -18.5095  -18.4654  -18.3726  -10.9607  -10.5088   -8.9162   -8.8898   -8.8323   -8.7401   -8.3845   -5.3228   -4.1425   -3.8841   -2.3186   -2.2136   -2.0965    3.6728    4.0943    4.2670    4.7876
  1.0028  -45.3530  -45.3481  -45.3296  -37.5744  -18.5039  -18.4728  -18.3721  -10.9561  -10.5056   -8.9162   -8.8897   -8.8319   -8.7395   -8.3799   -5.3272   -4.1307   -3.9314   -2.2493   -2.2207   -2.1615    3.6698    4.1031    4.3451    4.7118
  1.0028  -45.3530  -45.3481  -45.3296  -37.5744  -18.5039  -18.4728  -18.3721  -10.9561  -10.5056   -8.9162   -8.8897   -8.8319   -8.7395   -8.3799   -5.3272   -4.1307   -3.9314   -2.2493   -2.2207   -2.1615    3.6704    4.1031    4.3451    4.7137
  1.0586  -45.3531  -45.3484  -45.3293  -37.5745  -18.5111  -18.4641  -18.3724  -10.9603  -10.5091   -8.9162   -8.8905   -8.8317   -8.7396   -8.3848   -5.3274   -4.1451   -3.8743   -2.3258   -2.1861   -2.1162    3.6561    4.0963    4.2508    4.8072
  1.1143  -45.3531  -45.3485  -45.3290  -37.5747  -18.5244  -18.4466  -18.3732  -10.9710  -10.5186   -8.9162   -8.8927   -8.8308   -8.7398   -8.3980   -5.3369   -4.1609   -3.7302   -2.4147   -2.1602   -2.0434    3.5423    4.0283    4.2015    5.0340
  1.1700  -45.3532  -45.3487  -45.3287  -37.5750  -18.5381  -18.4270  -18.3742  -10.9858  -10.5325   -8.9161   -8.8963   -8.8286   -8.7399   -8.4170   -5.3615   -4.1578   -3.5277   -2.4928   -2.1497   -1.9579    3.2664    3.9418    4.3020    5.1480
  1.2257  -45.3533  -45.3488  -45.3285  -37.5753  -18.5506  -18.4081  -18.3748  -11.0023  -10.5489   -8.9161   -8.9005   -8.8252   -8.7398   -8.4389   -5.3981   -4.1397   -3.2831   -2.5582   -2.1541   -1.8603    2.9030    3.8749    4.4422    5.1171
  1.2814  -45.3534  -45.3490  -45.3282  -37.5757  -18.5615  -18.3930  -18.3732  -11.0187  -10.5656   -8.9168   -8.9037   -8.8210   -8.7397   -8.4609   -5.4394   -4.1153   -3.0149   -2.6103   -2.1687   -1.7563    2.5167    3.8116    4.4984    5.1771
  1.3371  -45.3534  -45.3491  -45.3281  -37.5760  -18.5703  -18.3863  -18.3657  -11.0333  -10.5808   -8.9187   -8.9052   -8.8168   -8.7396   -8.4808   -5.4783   -4.0915   -2.7537   -2.6423   -2.1876   -1.6549    2.1472    3.7488    4.4419    5.3700
  1.3928  -45.3534  -45.3491  -45.3279  -37.5762  -18.5768  -18.3853  -18.3560  -11.0447  -10.5929   -8.9210   -8.9051   -8.8132   -8.7395   -8.4965   -5.5094   -4.0725   -2.6892   -2.4960   -2.2059   -1.5681    1.8324    3.6920    4.3453    5.6049
  1.4486  -45.3535  -45.3492  -45.3278  -37.5764  -18.5807  -18.3854  -18.3492  -11.0520  -10.6006   -8.9227   -8.9047   -8.8108   -8.7394   -8.5067   -5.5292   -4.0605   -2.7032   -2.3272   -2.2211   -1.5083    1.6153    3.6500    4.2718    5.7753
  1.5043  -45.3535  -45.3492  -45.3278  -37.5764  -18.5820  -18.3855  -18.3468  -11.0544  -10.6033   -8.9234   -8.9045   -8.8099   -8.7394   -8.5102   -5.5361   -4.0564   -2.7084   -2.2545   -2.2370   -1.4869    1.5369    3.6343    4.2455    5.7146
  1.5043  -45.3535  -45.3492  -45.3278  -37.5764  -18.5820  -18.3855  -18.3468  -11.0544  -10.6033   -8.9234   -8.9045   -8.8099   -8.7394   -8.5102   -5.5361   -4.0564   -2.7084   -2.2545   -2.2370   -1.4869    1.5369    3.6343    4.2455    5.7085
  1.5586  -45.3534  -45.3492  -45.3278  -37.5766  -18.5794  -18.3863  -18.3463  -11.0680  -10.6049   -8.9229   -8.9049   -8.8106   -8.7448   -8.5120   -5.5023   -4.0432   -2.7610   -2.2326   -2.1964   -1.4790    1.5489    3.6406    4.2603    5.6484
  1.6128  -45.3533  -45.3491  -45.3280  -37.5771  -18.5717  -18.3888  -18.3449  -11.1076  -10.6099   -8.9215   -8.9062   -8.8123   -8.7599   -8.5173   -5.4033   -4.0066   -2.8713   -2.2105   -2.0750   -1.4553    1.5850    3.6538    4.3077    5.5145
  1.6671  -45.3532  -45.3489  -45.3282  -37.5778  -18.5591  -18.3929  -18.3425  -11.1704  -10.6182   -8.9194   -8.9085   -8.8150   -8.7816   -8.5258   -5.2466   -3.9568   -2.9818   -2.1753   -1.9310   -1.4160    1.6452    3.6601    4.3926    5.3484
  1.7214  -45.3530  -45.3487  -45.3286  -37.5788  -18.5420  -18.3986  -18.3392  -11.2521  -10.6298   -8.9169   -8.9118   -8.8185   -8.8063   -8.5368   -5.0441   -3.9131   -3.0520   -2.1279   -1.7803   -1.3614    1.7292    3.6455    4.5114    5.1824
  1.7757  -45.3528  -45.3483  -45.3290  -37.5801  -18.5210  -18.4056  -18.3351  -11.3477  -10.6444   -8.9169   -8.9144   -8.8315   -8.8209   -8.5497   -4.8160   -3.8950   -3.0445   -2.0699   -1.6278   -1.2919    1.8363    3.6018    4.6425    5.2152
  1.8299  -45.3526  -45.3478  -45.3294  -37.5815  -18.4969  -18.4136  -18.3302  -11.4523  -10.6613   -8.9227   -8.9146   -8.8511   -8.8244   -8.5638   -4.6057   -3.8795   -2.9442   -2.0033   -1.4759   -1.2083    1.9651    3.5267    4.7172    4.9813
  1.8842  -45.3524  -45.3473  -45.3299  -37.5830  -18.4708  -18.4220  -18.3249  -11.5609  -10.6800   -8.9302   -8.9187   -8.8631   -8.8272   -8.5784   -4.4986   -3.7715   -2.7669   -1.9305   -1.3260   -1.1118    2.1120    3.4238    4.6474    4.9997
  1.9385  -45.3523  -45.3467  -45.3304  -37.5846  -18.4457  -18.4285  -18.3193  -11.6690  -10.6996   -8.9391   -8.9270   -8.8667   -8.8292   -8.5930   -4.5261   -3.5257   -2.5337   -1.8543   -1.1795   -1.0044    2.2700    3.3020    4.5828    4.9476
  1.9928  -45.3522  -45.3461  -45.3309  -37.5862  -18.4434  -18.4119  -18.3136  -11.7729  -10.7194   -8.9487   -8.9367   -8.8648   -8.8306   -8.6072   -4.6187   -3.2053   -2.2589   -1.7775   -1.0383   -0.8887    2.4240    3.1755    4.4414    4.7435
  2.0471  -45.3521  -45.3454  -45.3314  -37.5877  -18.4514  -18.3854  -18.3080  -11.8692  -10.7384   -8.9580   -8.9459   -8.8606   -8.8314   -8.6205   -4.7284   -2.8595   -1.9514   -1.7029   -0.9048   -0.7685    2.5401    3.0668    4.2970    4.6803
  2.1013  -45.3521  -45.3449  -45.3320  -37.5891  -18.4594  -18.3602  -18.3028  -11.9551  -10.7559   -8.9660   -8.9540   -8.8555   -8.8317   -8.6328   -4.8353   -2.5139   -1.6372   -1.6154   -0.7821   -0.6481    2.5563    3.0089    4.1193    4.4860
  2.1556  -45.3520  -45.3443  -45.3324  -37.5903  -18.4664  -18.3379  -18.2979  -12.0284  -10.7713   -8.9724   -8.9608   -8.8506   -8.8314   -8.6435   -4.9302   -2.1873   -1.5724   -1.2719   -0.6737   -0.5333    2.4480    2.9840    3.9260    4.3611
  2.2099  -45.3520  -45.3439  -45.3328  -37.5914  -18.4723  -18.3199  -18.2936  -12.0872  -10.7839   -8.9773   -8.9661   -8.8464   -8.8308   -8.6525   -5.0079   -1.8985   -1.5200   -0.9292   -0.5832   -0.4305    2.2623    2.9339    3.7595    4.3437
  2.2642  -45.3520  -45.3435  -45.3330  -37.5921  -18.4766  -18.3071  -18.2895  -12.1302  -10.7932   -8.9809   -8.9698   -8.8434   -8.8299   -8.6593   -5.0654   -1.6701   -1.4768   -0.6247   -0.5104   -0.3459    2.0488    2.8677    3.6217    4.3125
  2.3185  -45.3520  -45.3433  -45.3332  -37.5926  -18.4793  -18.3003  -18.2860  -12.1564  -10.7989   -8.9830   -8.9720   -8.8417   -8.8290   -8.6635   -5.1006   -1.5341   -1.4351   -0.4860   -0.3884   -0.2777    1.8688    2.8171    3.5167    4.0783
  2.3727  -45.3520  -45.3432  -45.3332  -37.5927  -18.4802  -18.2983  -18.2844  -12.1652  -10.8009   -8.9838   -8.9727   -8.8412   -8.8287   -8.6650   -5.1124   -1.4991   -1.4079   -0.4680   -0.3274   -0.2339    1.7958    2.7987    3.4765    4.0461
  2.3727  -45.3520  -45.3432  -45.3332  -37.5927  -18.4802  -18.2983  -18.2844  -12.1652  -10.8009   -8.9838   -8.9727   -8.8412   -8.8287   -8.6650   -5.1124   -1.4991   -1.4079   -0.4680   -0.3274   -0.2339    1.7958    2.7987    3.4762    4.0459
  2.4268  -45.3520  -45.3433  -45.3332  -37.5926  -18.4796  -18.2999  -18.2857  -12.1566  -10.8016   -8.9832   -8.9721   -8.8416   -8.8289   -8.6651   -5.0966   -1.5231   -1.4301   -0.5052   -0.3752   -0.2683    1.8608    2.8230    3.5093    4.0780
  2.4808  -45.3520  -45.3434  -45.3331  -37.5922  -18.4775  -18.3051  -18.2887  -12.1310  -10.8036   -8.9815   -8.9704   -8.8430   -8.8297   -8.6652   -5.0501   -1.6136   -1.4735   -0.6888   -0.4631   -0.3134    2.0207    2.8912    3.5903    4.1666
  2.5349  -45.3520  -45.3437  -45.3329  -37.5916  -18.4742  -18.3149  -18.2922  -12.0894  -10.8059   -8.9787   -8.9674   -8.8454   -8.8305   -8.6651   -4.9766   -1.7791   -1.5206   -0.9987   -0.5351   -0.3656    2.2150    2.9851    3.6865    4.1366
  2.5889  -45.3521  -45.3440  -45.3326  -37.5908  -18.4697  -18.3293  -18.2960  -12.0332  -10.8071   -8.9748   -8.9631   -8.8489   -8.8313   -8.6642   -4.8819   -2.0077   -1.5761   -1.3355   -0.6139   -0.4302    2.4029    3.0686    3.7876    4.3392
  2.6429  -45.3521  -45.3445  -45.3322  -37.5898  -18.4641  -18.3473  -18.3001  -11.9647  -10.8055   -8.9695   -8.9575   -8.8535   -8.8317   -8.6622   -4.7744   -2.2944   -1.6547   -1.6323   -0.6995   -0.5050    2.5606    3.1050    3.9012    4.2886
  2.6970  -45.3521  -45.3450  -45.3318  -37.5887  -18.4576  -18.3682  -18.3045  -11.8864  -10.7993   -8.9628   -8.9507   -8.8586   -8.8317   -8.6584   -4.6654   -2.6273   -1.9056   -1.7138   -0.7874   -0.5859    2.6642    3.0995    4.0076    4.4153
  2.7510  -45.3522  -45.3455  -45.3314  -37.5874  -18.4505  -18.3911  -18.3092  -11.8014  -10.7869   -8.9547   -8.9426   -8.8638   -8.8314   -8.6523   -4.5699   -2.9793   -2.1107   -1.7950   -0.8732   -0.6685    2.6833    3.0947    4.0446    4.5280
  2.8050  -45.3523  -45.3460  -45.3309  -37.5860  -18.4435  -18.4148  -18.3142  -11.7130  -10.7672   -8.9459   -8.9330   -8.8684   -8.8306   -8.6436   -4.5074   -3.3201   -2.2678   -1.8811   -0.9530   -0.7489    2.6207    3.0997    3.9969    4.6676
  2.8591  -45.3524  -45.3465  -45.3304  -37.5846  -18.4453  -18.4298  -18.3193  -11.6244  -10.7400   -8.9373   -8.9225   -8.8709   -8.8293   -8.6317   -4.5025   -3.6202   -2.3806   -1.9698   -1.0238   -0.8239    2.5168    3.0814    3.9099    4.6486
  2.9131  -45.3526  -45.3470  -45.3300  -37.5832  -18.4673  -18.4244  -18.3243  -11.5386  -10.7060   -8.9296   -8.9136   -8.8682   -8.8274   -8.6163   -4.5794   -3.8516   -2.4545   -2.0586   -1.0837   -0.8914    2.4011    3.0267    3.7760    4.6008
  2.9672  -45.3528  -45.3475  -45.3295  -37.5818  -18.4906  -18.4168  -18.3291  -11.4577  -10.6674   -8.9229   -8.9103   -8.8571   -8.8250   -8.5976   -4.7353   -4.0088   -2.5002   -2.1448   -1.1320   -0.9500    2.2887    2.9444    3.5989    4.5144
  3.0212  -45.3530  -45.3479  -45.3291  -37.5805  -18.5125  -18.4094  -18.3335  -11.3832  -10.6273   -8.9174   -8.9115   -8.8394   -8.8220   -8.5761   -4.9280   -4.1201   -2.5317   -2.2255   -1.1700   -0.9994    2.1876    2.8473    3.4312    4.4916
  3.0752  -45.3532  -45.3482  -45.3287  -37.5794  -18.5323  -18.4027  -18.3374  -11.3163  -10.5889   -8.9149   -8.9125   -8.8218   -8.8160   -8.5532   -5.1164   -4.2116   -2.5607   -2.2984   -1.2001   -1.0398    2.1029    2.7447    3.3135    4.4738
  3.1293  -45.3534  -45.3484  -45.3284  -37.5784  -18.5492  -18.3969  -18.3407  -11.2580  -10.5553   -8.9182   -8.9092   -8.8169   -8.7970   -8.5311   -5.2784   -4.2920   -2.5929   -2.3612   -1.2248   -1.0717    2.0365    2.6462    3.2558    4.4698
  3.1833  -45.3536  -45.3486  -45.3282  -37.5775  -18.5628  -18.3923  -18.3433  -11.2097  -10.5286   -8.9213   -8.9066   -8.8140   -8.7783   -8.5121   -5.4048   -4.3609   -2.6274   -2.4120   -1.2455   -1.0955    1.9878    2.5619    3.2476    4.4602
  3.2373  -45.3537  -45.3487  -45.3280  -37.5769  -18.5729  -18.3889  -18.3452  -11.1731  -10.5097   -8.9238   -8.9048   -8.8117   -8.7630   -8.4979   -5.4930   -4.4146   -2.6591   -2.4494   -1.2619   -1.1120    1.9550    2.4984    3.2683    4.4477
  3.2914  -45.3538  -45.3488  -45.3278  -37.5766  -18.5790  -18.3869  -18.3463  -11.1502  -10.4985   -8.9253   -8.9038   -8.8103   -8.7530   -8.4894   -5.5444   -4.4490   -2.6816   -2.4722   -1.2726   -1.1217    1.9362    2.4594    3.2945    4.4366
  3.3454  -45.3538  -45.3488  -45.3278  -37.5764  -18.5810  -18.3862  -18.3466  -11.1423  -10.4949   -8.9258   -8.9035   -8.8098   -8.7495   -8.4867   -5.5612   -4.4609   -2.6897   -2.4799   -1.2764   -1.1249    1.9300    2.4463    3.3059    4.4315
  3.3454  -45.3538  -45.3488  -45.3278  -37.5764  -18.5810  -18.3862  -18.3466  -11.1423  -10.4949   -8.9258   -8.9035   -8.8098   -8.7495   -8.4867   -5.5612   -4.4609   -2.6897   -2.4799   -1.2764   -1.1249    1.9300    2.4463    3.3059    4.4318
  3.4011  -45.3538  -45.3488  -45.3278  -37.5764  -18.5797  -18.3861  -18.3490  -11.1378  -10.4953   -8.9253   -8.9037   -8.8106   -8.7496   -8.4837   -5.5546   -4.4516   -2.6842   -2.5194   -1.2915   -1.1813    1.9669    2.5082    3.3402    4.4270
  3.4568  -45.3538  -45.3488  -45.3279  -37.5762  -18.5758  -18.3860  -18.3557  -11.1243  -10.4966   -8.9236   -8.9041   -8.8129   -8.7499   -8.4752   -5.5355   -4.4240   -2.6857   -2.6128   -1.3602   -1.3103    2.0647    2.6815    3.4337    4.4387
  3.5126  -45.3537  -45.3488  -45.3281  -37.5760  -18.5693  -18.3870  -18.3654  -11.1031  -10.4986   -8.9216   -8.9040   -8.8164   -8.7504   -8.4621   -5.5054   -4.3791   -2.8209   -2.6151   -1.5683   -1.3867    2.1994    2.9243    3.5680    4.5123
  3.5683  -45.3536  -45.3487  -45.3283  -37.5757  -18.5606  -18.3934  -18.3730  -11.0758  -10.5014   -8.9201   -8.9024   -8.8206   -8.7510   -8.4459   -5.4671   -4.3191   -3.0166   -2.5808   -1.8101   -1.4708    2.3523    3.1547    3.7533    4.6730
  3.6240  -45.3535  -45.3486  -45.3285  -37.5753  -18.5498  -18.4082  -18.3749  -11.0451  -10.5047   -8.9196   -8.8990   -8.8249   -8.7517   -8.4284   -5.4252   -4.2471   -3.2193   -2.5581   -2.0277   -1.5679    2.5110    3.2847    4.0313    4.8983
  3.6797  -45.3534  -45.3486  -45.3288  -37.5750  -18.5373  -18.4269  -18.3743  -11.0143  -10.5081   -8.9196   -8.8946   -8.8288   -8.7523   -8.4114   -5.3852   -4.1688   -3.4060   -2.5957   -2.1513   -1.6734    2.6624    3.3272    4.3600    5.1282
  3.7354  -45.3533  -45.3485  -45.3290  -37.5747  -18.5237  -18.4463  -18.3733  -10.9872  -10.5108   -8.9196   -8.8907   -8.8315   -8.7529   -8.3970   -5.3537   -4.0927   -3.5589   -2.7048   -2.1495   -1.7818    2.7881    3.3371    4.6423    5.3212
  3.7911  -45.3532  -45.3484  -45.3294  -37.5745  -18.5105  -18.4636  -18.3725  -10.9683  -10.5124   -8.9196   -8.8882   -8.8327   -8.7532   -8.3870   -5.3357   -4.0323   -3.6632   -2.8059   -2.0830   -1.8879    2.8665    3.3444    4.8012    5.5022
  3.8469  -45.3530  -45.3482  -45.3297  -37.5744  -18.5034  -18.4722  -18.3722  -10.9613  -10.5127   -8.9195   -8.8873   -8.8331   -8.7534   -8.3833   -5.3311   -4.0082   -3.7019   -2.8440   -2.0097   -1.9712    2.8902    3.3506    4.8399    5.5789
  3.8469  -45.3530  -45.3482  -45.3297  -37.5744  -18.5034  -18.4722  -18.3722  -10.9613  -10.5127   -8.9195   -8.8873   -8.8331   -8.7534   -8.3833   -5.3311   -4.0082   -3.7019   -2.8440   -2.0097   -1.9712    2.8902    3.3506    4.8399    5.6009
  3.8996  -45.3529  -45.3480  -45.3300  -37.5745  -18.5090  -18.4649  -18.3728  -10.9680  -10.5129   -8.9196   -8.8874   -8.8334   -8.7537   -8.3870   -5.3323   -4.0279   -3.6682   -2.8104   -2.0792   -1.8951    2.8752    3.3401    4.8220    5.4864
  3.9524  -45.3528  -45.3478  -45.3303  -37.5748  -18.5177  -18.4509  -18.3742  -10.9883  -10.5150   -8.9201   -8.8877   -8.8345   -8.7549   -8.3984   -5.3278   -4.0671   -3.5807   -2.7191   -2.1528   -1.8043    2.8412    3.3070    4.7895    5.3311
  4.0052  -45.3526  -45.3476  -45.3305  -37.5752  -18.5241  -18.4354  -18.3766  -11.0216  -10.5216   -8.9210   -8.8879   -8.8368   -8.7580   -8.4179   -5.3058   -4.1014   -3.4561   -2.5874   -2.2121   -1.7205    2.8020    3.2590    4.7604    5.1509
  4.0580  -45.3525  -45.3473  -45.3308  -37.5758  -18.5265  -18.4200  -18.3800  -11.0663  -10.5354   -8.9224   -8.8877   -8.8403   -8.7638   -8.4446   -5.2568   -4.1179   -3.3043   -2.4336   -2.2509   -1.6495    2.7677    3.2093    4.7365    4.9932
  4.1108  -45.3524  -45.3470  -45.3310  -37.5767  -18.5245  -18.4059  -18.3835  -11.1209  -10.5579   -8.9241   -8.8874   -8.8447   -8.7728   -8.4770   -5.1753   -4.1108   -3.1319   -2.3208   -2.2150   -1.5963    2.7469    3.1697    4.6848    4.8943
  4.1635  -45.3523  -45.3467  -45.3313  -37.5777  -18.5180  -18.3982  -18.3823  -11.1831  -10.5903   -8.9262   -8.8869   -8.8501   -8.7845   -8.5130   -5.0599   -4.0783   -2.9447   -2.3091   -2.0505   -1.5642    2.7465    3.1482    4.5523    4.8949
  4.2163  -45.3523  -45.3464  -45.3315  -37.5789  -18.5070  -18.4019  -18.3716  -11.2512  -10.6323   -8.9289   -8.8865   -8.8567   -8.7978   -8.5501   -4.9136   -4.0200   -2.7483   -2.2905   -1.8692   -1.5548    2.7712    3.1483    4.4292    4.9434
  4.2691  -45.3522  -45.3461  -45.3318  -37.5803  -18.4920  -18.4090  -18.3592  -11.3229  -10.6831   -8.9323   -8.8866   -8.8650   -8.8104   -8.5864   -4.7442   -3.9346   -2.5510   -2.2451   -1.6915   -1.5671    2.8232    3.1698    4.3263    4.7592
  4.3219  -45.3521  -45.3457  -45.3320  -37.5818  -18.4736  -18.4172  -18.3473  -11.3963  -10.7410   -8.9366   -8.8898   -8.8728   -8.8200   -8.6203   -4.5647   -3.8182   -2.3684   -2.1580   -1.5975   -1.5246    2.9018    3.2070    4.2615    4.7102
  4.3747  -45.3521  -45.3453  -45.3322  -37.5833  -18.4533  -18.4250  -18.3364  -11.4694  -10.8038   -8.9418   -8.9008   -8.8748   -8.8261   -8.6514   -4.3934   -3.6632   -2.2199   -2.0132   -1.6393   -1.3736    3.0040    3.2463    4.2204    4.6390
  4.4274  -45.3520  -45.3450  -45.3324  -37.5849  -18.4417  -18.4224  -18.3266  -11.5403  -10.8690   -8.9476   -8.9157   -8.8726   -8.8296   -8.6792   -4.2479   -3.4641   -2.0896   -1.8374   -1.6777   -1.2423    3.1226    3.2648    4.2268    4.2518
  4.4802  -45.3520  -45.3446  -45.3325  -37.5865  -18.4479  -18.4010  -18.3180  -11.6072  -10.9340   -8.9539   -8.9304   -8.8690   -8.8315   -8.7041   -4.1354   -3.2276   -1.9529   -1.7565   -1.6073   -1.1325    3.2091    3.2700    4.1828    4.2481
  4.5330  -45.3520  -45.3443  -45.3327  -37.5879  -18.4562  -18.3773  -18.3104  -11.6685  -10.9961   -8.9603   -8.9431   -8.8645   -8.8324   -8.7260   -4.0530   -2.9764   -1.8096   -1.7592   -1.4328   -1.0445    3.1161    3.3783    4.1539    4.4914
  4.5858  -45.3519  -45.3440  -45.3328  -37.5893  -18.4641  -18.3546  -18.3040  -11.7229  -11.0530   -8.9666   -8.9534   -8.8596   -8.8327   -8.7453   -3.9939   -2.7464   -1.7454   -1.6337   -1.2677   -0.9764    2.9545    3.4678    4.1255    4.5210
  4.6386  -45.3519  -45.3438  -45.3329  -37.5905  -18.4711  -18.3343  -18.2985  -11.7691  -11.1026   -8.9724   -8.9611   -8.8545   -8.8326   -8.7620   -3.9523   -2.5802   -1.6425   -1.4686   -1.1281   -0.9252    2.7513    3.5162    4.0841    4.4492
  4.6913  -45.3519  -45.3435  -45.3330  -37.5914  -18.4769  -18.3178  -18.2938  -11.8061  -11.1430   -8.9774   -8.9666   -8.8495   -8.8321   -8.7762   -3.9239   -2.4933   -1.4687   -1.3067   -1.0235   -0.8872    2.5266    3.5301    4.0363    4.1944
  4.7441  -45.3519  -45.3434  -45.3331  -37.5921  -18.4812  -18.3063  -18.2895  -11.8331  -11.1729   -8.9811   -8.9703   -8.8451   -8.8310   -8.7876   -3.9056   -2.4603   -1.2768   -1.1589   -0.9590   -0.8604    2.3113    3.5252    3.9756    4.0603
  4.7969  -45.3519  -45.3433  -45.3331  -37.5926  -18.4838  -18.3002  -18.2858  -11.8496  -11.1912   -8.9833   -8.9724   -8.8422   -8.8295   -8.7957   -3.8954   -2.4510   -1.1342   -1.0400   -0.9313   -0.8467    2.1501    3.5159    3.9245    3.9379
  4.8497  -45.3519  -45.3432  -45.3331  -37.5927  -18.4847  -18.2984  -18.2842  -11.8551  -11.1974   -8.9841   -8.9731   -8.8413   -8.8285   -8.7988   -3.8921   -2.4494   -1.0821   -0.9886   -0.9276   -0.8439    2.0894    3.5114    3.8981    3.9128
  4.8497  -45.3519  -45.3432  -45.3331  -37.5927  -18.4847  -18.2984  -18.2842  -11.8551  -11.1974   -8.9841   -8.9731   -8.8413   -8.8285   -8.7988   -3.8921   -2.4494   -1.0821   -0.9886   -0.9276   -0.8439    2.0894    3.5114    3.9011    3.9150
  4.9123  -45.3519  -45.3433  -45.3332  -37.5927  -18.4845  -18.2984  -18.2843  -11.8785  -11.1696   -8.9841   -8.9731   -8.8412   -8.8285   -8.7933   -3.9978   -2.3199   -1.1469   -1.0556   -0.8546   -0.7683    2.0857    3.5024    3.9113    3.9791
  4.9748  -45.3519  -45.3433  -45.3332  -37.5927  -18.4839  -18.2984  -18.2843  -11.9360  -11.0999   -8.9840   -8.9730   -8.8412   -8.8285   -8.7774   -4.2360   -2.0107   -1.2441   -1.1536   -0.7337   -0.6457    2.0737    3.4748    3.9435    4.1126
  5.0374  -45.3520  -45.3432  -45.3332  -37.5927  -18.4830  -18.2984  -18.2843  -12.0053  -11.0131   -8.9840   -8.9729   -8.8412   -8.8286   -8.7529   -4.5042   -1.6263   -1.3319   -1.2415   -0.6105   -0.5211    2.0495    3.4174    3.9825    3.9965
  5.1000  -45.3520  -45.3432  -45.3332  -37.5927  -18.4820  -18.2984  -18.2844  -12.0702  -10.9289   -8.9839   -8.9728   -8.8412   -8.8286   -8.7234   -4.7497   -1.4037   -1.3131   -1.2255   -0.4982   -0.4074    2.0055    3.2838    3.6694    4.0426
  5.1626  -45.3520  -45.3432  -45.3332  -37.5927  -18.4811  -18.2983  -18.2844  -12.1216  -10.8604   -8.9838   -8.9727   -8.8412   -8.8286   -8.6945   -4.9444   -1.4563   -1.3653   -0.8555   -0.4075   -0.3153    1.9326    3.0500    3.5354    4.0678
  5.2251  -45.3520  -45.3432  -45.3332  -37.5927  -18.4805  -18.2983  -18.2844  -12.1541  -10.8162   -8.9838   -8.9727   -8.8412   -8.8286   -8.6730   -5.0693   -1.4883   -1.3972   -0.5762   -0.3481   -0.2550    1.8421    2.8632    3.4893    4.0587
  5.2877  -45.3520  -45.3432  -45.3332  -37.5927  -18.4802  -18.2983  -18.2844  -12.1652  -10.8009   -8.9838   -8.9727   -8.8412   -8.8287   -8.6650   -5.1124   -1.4991   -1.4079   -0.4680   -0.3274   -0.2339    1.7958    2.7987    3.4766    4.0464
  5.2877  -45.3531  -45.3447  -45.3288  -37.5770  -18.5644  -18.3859  -18.3516  -11.1382  -10.4925   -8.9172   -8.8997   -8.8112   -8.7457   -8.4860   -5.5482   -4.4486   -2.6932   -2.4397   -1.3052   -1.0995    1.9377    2.4317    3.3175    4.4330
  5.3417  -45.3531  -45.3447  -45.3289  -37.5771  -18.5624  -18.3866  -18.3512  -11.1421  -10.5015   -8.9169   -8.8999   -8.8118   -8.7486   -8.4917   -5.5203   -4.4288   -2.6910   -2.4293   -1.3355   -1.1013    1.9202    2.4970    3.3311    4.4402
  5.3958  -45.3531  -45.3447  -45.3290  -37.5775  -18.5564  -18.3887  -18.3500  -11.1540  -10.5274   -8.9162   -8.9007   -8.8134   -8.7572   -8.5072   -5.4388   -4.3700   -2.6861   -2.3982   -1.4180   -1.1065    1.8883    2.6660    3.3684    4.4875
  5.4498  -45.3530  -45.3446  -45.3291  -37.5781  -18.5466  -18.3922  -18.3480  -11.1752  -10.5671   -8.9153   -8.9021   -8.8161   -8.7708   -8.5290   -5.3105   -4.2735   -2.6848   -2.3470   -1.5302   -1.1144    1.8665    2.8965    3.4198    4.5221
  5.5039  -45.3529  -45.3445  -45.3292  -37.5789  -18.5332  -18.3970  -18.3453  -11.2078  -10.6155   -8.9143   -8.9043   -8.8194   -8.7883   -8.5530   -5.1450   -4.1418   -2.6977   -2.2766   -1.6409   -1.1237    1.8641    3.1459    3.4849    4.6224
  5.5579  -45.3528  -45.3443  -45.3295  -37.5799  -18.5167  -18.4028  -18.3419  -11.2543  -10.6663   -8.9137   -8.9073   -8.8231   -8.8079   -8.5761   -4.9545   -3.9791   -2.7360   -2.1884   -1.7176   -1.1329    1.8844    3.3262    3.6142    4.7804
  5.6119  -45.3527  -45.3442  -45.3297  -37.5810  -18.4975  -18.4096  -18.3379  -11.3164  -10.7131   -8.9146   -8.9111   -8.8270   -8.8265   -8.5965   -4.7539   -3.7937   -2.7962   -2.0846   -1.7388   -1.1399    1.9289    3.3750    3.8412    5.0003
  5.6660  -45.3526  -45.3440  -45.3300  -37.5823  -18.4761  -18.4170  -18.3335  -11.3940  -10.7515   -8.9185   -8.9152   -8.8421   -8.8302   -8.6138   -4.5648   -3.6014   -2.8437   -1.9686   -1.7033   -1.1417    1.9980    3.3649    4.0703    5.4912
  5.7200  -45.3525  -45.3439  -45.3304  -37.5836  -18.4533  -18.4246  -18.3289  -11.4842  -10.7798   -8.9256   -8.9204   -8.8519   -8.8331   -8.6281   -4.4204   -3.4261   -2.8129   -1.8457   -1.6227   -1.1338    2.0907    3.3318    4.2457    5.6046
  5.7740  -45.3524  -45.3437  -45.3307  -37.5850  -18.4361  -18.4260  -18.3241  -11.5824  -10.7987   -8.9349   -8.9270   -8.8559   -8.8354   -8.6396   -4.3605   -3.2656   -2.6591   -1.7244   -1.5100   -1.1096    2.2032    3.2878    4.3417    5.4398
  5.8281  -45.3523  -45.3436  -45.3311  -37.5863  -18.4422  -18.4039  -18.3193  -11.6833  -10.8098   -8.9450   -8.9343   -8.8557   -8.8370   -8.6486   -4.3956   -3.0762   -2.4123   -1.6170   -1.3752   -1.0589    2.3270    3.2391    4.3455    5.1387
  5.8821  -45.3522  -45.3435  -45.3315  -37.5876  -18.4498  -18.3804  -18.3147  -11.7823  -10.8150   -8.9546   -8.9417   -8.8532   -8.8379   -8.6554   -4.4952   -2.8448   -2.1180   -1.5356   -1.2262   -0.9731    2.4444    3.1906    4.2544    4.8678
  5.9362  -45.3522  -45.3434  -45.3319  -37.5889  -18.4571  -18.3581  -18.3103  -11.8752  -10.8160   -8.9630   -8.9489   -8.8495   -8.8382   -8.6601   -4.6225   -2.5877   -1.8016   -1.4830   -1.0700   -0.8541    2.5223    3.1469    4.1012    4.6025
  5.9902  -45.3521  -45.3433  -45.3323  -37.5900  -18.4638  -18.3379  -18.3063  -11.9589  -10.8142   -8.9698   -8.9556   -8.8458   -8.8378   -8.6632   -4.7534   -2.3237   -1.4786   -1.4517   -0.9135   -0.7150    2.5165    3.1047    3.9541    4.4080
  6.0442  -45.3521  -45.3433  -45.3326  -37.5909  -18.4695  -18.3205  -18.3026  -12.0306  -10.8109   -8.9751   -8.9614   -8.8432   -8.8361   -8.6648   -4.8736   -2.0691   -1.4341   -1.1610   -0.7641   -0.5720    2.4070    3.0451    3.8424    4.2628
  6.0983  -45.3520  -45.3432  -45.3329  -37.5917  -18.4741  -18.3073  -18.2986  -12.0884  -10.8072   -8.9790   -8.9662   -8.8420   -8.8334   -8.6654   -4.9743   -1.8409   -1.4233   -0.8664   -0.6291   -0.4400    2.2226    2.9645    3.7225    4.1941
  6.1523  -45.3520  -45.3432  -45.3331  -37.5923  -18.4775  -18.3010  -18.2922  -12.1307  -10.8039   -8.9817   -8.9698   -8.8415   -8.8309   -8.6653   -5.0499   -1.6578   -1.4164   -0.6259   -0.5083   -0.3325    2.0192    2.8828    3.5984    4.1810
  6.2063  -45.3520  -45.3432  -45.3332  -37.5926  -18.4795  -18.2989  -18.2865  -12.1565  -10.8017   -8.9832   -8.9719   -8.8412   -8.8292   -8.6651   -5.0966   -1.5392   -1.4110   -0.5000   -0.3852   -0.2604    1.8582    2.8215    3.5080    4.0751
  6.2604  -45.3520  -45.3432  -45.3332  -37.5927  -18.4802  -18.2983  -18.2844  -12.1652  -10.8009   -8.9838   -8.9727   -8.8412   -8.8287   -8.6650   -5.1124   -1.4991   -1.4079   -0.4680   -0.3274   -0.2339    1.7958    2.7987    3.4761    4.0516
  6.2604  -45.3520  -45.3432  -45.3332  -37.5927  -18.4802  -18.2983  -18.2844  -12.1652  -10.8009   -8.9838   -8.9727   -8.8412   -8.8287   -8.6650   -5.1124   -1.4991   -1.4079   -0.4680   -0.3274   -0.2339    1.7958    2.7986    3.4761    4.0442
  6.3147  -45.3520  -45.3432  -45.3332  -37.5926  -18.4793  -18.2990  -18.2870  -12.1564  -10.7989   -8.9831   -8.9717   -8.8413   -8.8294   -8.6636   -5.1007   -1.5480   -1.4178   -0.4855   -0.4062   -0.2546    1.8644    2.8162    3.5119    4.0784
  6.3689  -45.3520  -45.3432  -45.3330  -37.5921  -18.4766  -18.3019  -18.2940  -12.1301  -10.7931   -8.9811   -8.9690   -8.8416   -8.8315   -8.6594   -5.0659   -1.6918   -1.4427   -0.6407   -0.5142   -0.3077    2.0359    2.8635    3.6050    4.2104
  6.4232  -45.3521  -45.3433  -45.3328  -37.5914  -18.4721  -18.3116  -18.3002  -12.0870  -10.7837   -8.9775   -8.9645   -8.8424   -8.8343   -8.6528   -5.0091   -1.9139   -1.4804   -0.9412   -0.5829   -0.3877    2.2430    2.9240    3.7358    4.4284
  6.4775  -45.3521  -45.3433  -45.3324  -37.5905  -18.4661  -18.3288  -18.3044  -12.0279  -10.7710   -8.9723   -8.9585   -8.8443   -8.8369   -8.6440   -4.9321   -2.1931   -1.5302   -1.2780   -0.6711   -0.4883    2.4260    2.9692    3.9017    4.3892
  6.5318  -45.3521  -45.3433  -45.3320  -37.5893  -18.4589  -18.3503  -18.3087  -11.9544  -10.7555   -8.9651   -8.9512   -8.8479   -8.8380   -8.6335   -4.8379   -2.5104   -1.6207   -1.5899   -0.7773   -0.6025    2.5320    2.9966    4.0990    4.4780
  6.5861  -45.3522  -45.3434  -45.3316  -37.5880  -18.4506  -18.3748  -18.3134  -11.8682  -10.7378   -8.9559   -8.9432   -8.8523   -8.8380   -8.6214   -4.7316   -2.8485   -1.9499   -1.6590   -0.8982   -0.7233    2.5139    3.0611    4.3339    4.6109
  6.6403  -45.3523  -45.3435  -45.3311  -37.5865  -18.4418  -18.4011  -18.3185  -11.7716  -10.7185   -8.9448   -8.9347   -8.8561   -8.8371   -8.6082   -4.6220   -3.1894   -2.2557   -1.7334   -1.0307   -0.8446    2.3986    3.1737    4.4230    4.7278
  6.6946  -45.3524  -45.3436  -45.3306  -37.5850  -18.4347  -18.4260  -18.3238  -11.6673  -10.6985   -8.9328   -8.9260   -8.8579   -8.8354   -8.5941   -4.5281   -3.5079   -2.5298   -1.8107   -1.1718   -0.9615    2.2463    3.3019    4.5480    4.8631
  6.7489  -45.3525  -45.3437  -45.3302  -37.5835  -18.4563  -18.4221  -18.3291  -11.5588  -10.6786   -8.9224   -8.9173   -8.8552   -8.8329   -8.5795   -4.4958   -3.7567   -2.7630   -1.8879   -1.3191   -1.0703    2.0897    3.4239    4.6762    5.0340
  6.8032  -45.3526  -45.3438  -45.3299  -37.5820  -18.4818  -18.4133  -18.3342  -11.4498  -10.6595   -8.9150   -8.9110   -8.8446   -8.8295   -8.5647   -4.5944   -3.8716   -2.9413   -1.9620   -1.4704   -1.1682    1.9441    3.5264    4.7152    5.0153
  6.8575  -45.3527  -45.3439  -45.3295  -37.5806  -18.5053  -18.4051  -18.3389  -11.3449  -10.6422   -8.9098   -8.9088   -8.8262   -8.8251   -8.5503   -4.8000   -3.8903   -3.0433   -2.0302   -1.6242   -1.2533    1.8165    3.6011    4.6440    5.0303
  6.9117  -45.3527  -45.3440  -45.3292  -37.5794  -18.5257  -18.3979  -18.3430  -11.2489  -10.6272   -8.9097   -8.9057   -8.8212   -8.8022   -8.5368   -5.0269   -3.9083   -3.0527   -2.0899   -1.7787   -1.3242    1.7104    3.6457    4.5173    5.1757
  6.9660  -45.3528  -45.3441  -45.3290  -37.5785  -18.5424  -18.3921  -18.3463  -11.1670  -10.6152   -8.9114   -8.9031   -8.8172   -8.7777   -8.5250   -5.2297   -3.9513   -2.9831   -2.1388   -1.9317   -1.3801    1.6274    3.6624    4.3955    5.3428
  7.0203  -45.3528  -45.3442  -45.3288  -37.5777  -18.5548  -18.3877  -18.3487  -11.1041  -10.6065   -8.9131   -8.9014   -8.8139   -8.7562   -8.5157   -5.3872   -4.0009   -2.8718   -2.1751   -2.0782   -1.4203    1.5680    3.6590    4.3067    5.5074
  7.0746  -45.3529  -45.3442  -45.3287  -37.5773  -18.5623  -18.3851  -18.3502  -11.0645  -10.6013   -8.9143   -8.9005   -8.8117   -8.7414   -8.5097   -5.4867   -4.0375   -2.7594   -2.2046   -2.1959   -1.4446    1.5323    3.6481    4.2563    5.6429
  7.1289  -45.3529  -45.3442  -45.3287  -37.5771  -18.5649  -18.3842  -18.3507  -11.0509  -10.5996   -8.9147   -8.9002   -8.8110   -8.7362   -8.5076   -5.5207   -4.0507   -2.7051   -2.2606   -2.2046   -1.4527    1.5205    3.6426    4.2404    5.7013
