#      T [K]      F [kJ/mol]    S [J/K/mol]  C_v [J/K/mol]     E [kJ/mol]
       0.000      61.8487861      0.0000000      0.0000000     61.8487861
      10.000      61.8467117      0.6631247      1.8341539     61.8533429
      20.000      61.8220908      5.2091246     14.8865549     61.9262733
      30.000      61.7232109     15.4950950     38.9921335     62.1880638
      40.000      61.4953078     30.8282747     69.8062996     62.7284388
      50.000      61.0939802     49.9634937    103.0620264     63.5921549
      60.000      60.4874675     71.6778584    135.8971144     64.7881390
      70.000      59.6551869     94.9714657    166.6890007     66.3031895
      80.000      58.5853101    119.0906662    194.6919875     68.1125634
      90.000      57.2724401    143.4954583    219.7050791     70.1870313
     100.000      55.7157055    167.8129421    241.8229355     72.4969997
     110.000      53.9173137    191.7936059    261.2783574     75.0146103
     120.000      51.8815007    215.2761025    278.3536603     77.7146330
     130.000      49.6137886    238.1608991    293.3349184     80.5747055
     140.000      47.1204673    260.3912933    306.4903533     83.5752483
     150.000      44.4082373    281.9399854    318.0615705     86.6992351
     160.000      41.4839658    302.7996603    328.2613527     89.9319114
     170.000      38.3545215    322.9764030    337.2746406     93.2605100
     180.000      35.0266651    342.4851015    345.2609271     96.6739834
     190.000      31.5069783    361.3462394    352.3571470    100.1627638
     200.000      27.8018196    379.5836637    358.6806000    103.7185523
     210.000      23.9172987    397.2230359    364.3316853    107.3341362
     220.000      19.8592643    414.2907651    369.3963554    111.0032327
     230.000      15.6333007    430.8132808    373.9482656    114.7203553
     240.000      11.2447295    446.8165458    378.0506261    118.4807005
     250.000       6.6986166    462.3257389    381.7577845    122.2800513
     260.000       1.9997808    477.3650569    385.1165674    126.1146956
     270.000      -2.8471955    491.9576009    388.1674150    129.9813568
     280.000      -7.8379552    506.1253211    390.9453371    133.8771347
     290.000     -12.9683552    519.8890024    393.4807195    137.7994555
     300.000     -18.2344541    533.2682772    395.8000023    141.7460291
     310.000     -23.6325012    546.2816569    397.9262518    145.7148124
     320.000     -29.1589258    558.9465750    399.8796435    149.7039782
     330.000     -34.8103260    571.2794372    401.6778695    153.7118883
     340.000     -40.5834592    583.2956755    403.3364840    157.7370704
     350.000     -46.4752326    595.0098030    404.8691954    161.7781985
     360.000     -52.4826938    606.4354695    406.2881153    165.8340752
     370.000     -58.6030233    617.5855153    407.6039705    169.9036174
     380.000     -64.8335258    628.4720228    408.8262830    173.9858429
     390.000     -71.1716233    639.1063663    409.9635253    178.0798596
     400.000     -77.6148483    649.4992586    411.0232525    182.1848551
     410.000     -84.1608373    659.6607955    412.0122167    186.3000888
     420.000     -90.8073248    669.6004968    412.9364646    190.4248838
     430.000     -97.5521378    679.3273450    413.8014228    194.5586205
     440.000    -104.3931905    688.8498216    414.6119708    198.7007310
     450.000    -111.3284798    698.1759401    415.3725047    202.8506933
     460.000    -118.3560801    707.3132776    416.0869928    207.0080276
     470.000    -125.4741400    716.2690035    416.7590235    211.1722917
     480.000    -132.6808775    725.0499060    417.3918475    215.3430774
     490.000    -139.9745768    733.6624176    417.9884147    219.5200078
     500.000    -147.3535849    742.1126374    418.5514065    223.7027338
     510.000    -154.8163079    750.4063531    419.0832642    227.8909322
     520.000    -162.3612086    758.5490604    419.5862139    232.0843028
     530.000    -169.9868032    766.5459813    420.0622888    236.2825669
     540.000    -177.6916589    774.4020816    420.5133483    240.4854652
     550.000    -185.4743912    782.1220861    420.9410958    244.6927562
     560.000    -193.3336620    789.7104939    421.3470935    248.9042146
     570.000    -201.2681768    797.1715914    421.7327765    253.1196303
     580.000    -209.2766831    804.5094653    422.0994644    257.3388068
     590.000    -217.3579683    811.7280147    422.4483726    261.5615603
     600.000    -225.5108580    818.8309613    422.7806216    265.7877188
     610.000    -233.7342141    825.8218603    423.0972460    270.0171207
     620.000    -242.0269331    832.7041095    423.3992019    274.2496148
     630.000    -250.3879450    839.4809584    423.6873740    278.4850588
     640.000    -258.8162113    846.1555162    423.9625818    282.7233191
     650.000    -267.3107242    852.7307600    424.2255854    286.9642698
     660.000    -275.8705050    859.2095416    424.4770903    291.2077924
     670.000    -284.4946027    865.5945942    424.7177524    295.4537754
     680.000    -293.1820932    871.8885391    424.9481814    299.7021134
     690.000    -301.9320781    878.0938913    425.1689454    303.9527069
     700.000    -310.7436838    884.2130652    425.3805738    308.2054619
     710.000    -319.6160599    890.2483795    425.5835605    312.4602895
     720.000    -328.5483793    896.2020626    425.7783665    316.7171058
     730.000    -337.5398362    902.0762565    425.9654230    320.9758310
     740.000    -346.5896463    907.8730217    426.1451330    325.2363898
     750.000    -355.6970452    913.5943409    426.3178740    329.4987105
     760.000    -364.8612880    919.2421226    426.4839997    333.7627252
     770.000    -374.0816486    924.8182054    426.6438417    338.0283695
     780.000    -383.3574190    930.3243605    426.7977111    342.2955821
     790.000    -392.6879085    935.7622953    426.9459004    346.5643048
     800.000    -402.0724430    941.1336564    427.0886841    350.8344821
     810.000    -411.5103650    946.4400325    427.2263208    355.1060613
     820.000    -421.0010322    951.6829565    427.3590536    359.3789922
     830.000    -430.5438175    956.8639089    427.4871116    363.6532268
     840.000    -440.1381085    961.9843192    427.6107108    367.9287196
     850.000    -449.7833067    967.0455689    427.7300548    372.2054269
     860.000    -459.4788272    972.0489934    427.8453359    376.4833071
     870.000    -469.2240981    976.9958837    427.9567355    380.7623206
     880.000    -479.0185606    981.8874887    428.0644253    385.0424295
     890.000    -488.8616677    986.7250168    428.1685674    389.3235973
     900.000    -498.7528846    991.5096378    428.2693154    393.6057895
     910.000    -508.6916878    996.2424842    428.3668145    397.8889728
     920.000    -518.6775653   1000.9246530    428.4612025    402.1731154
     930.000    -528.7100155   1005.5572069    428.5526097    406.4581869
     940.000    -538.7885475   1010.1411762    428.6411599    410.7441581
     950.000    -548.9126804   1014.6775594    428.7269705    415.0310010
     960.000    -559.0819433   1019.1673251    428.8101529    419.3186887
     970.000    -569.2958747   1023.6114127    428.8908129    423.6071956
     980.000    -579.5540223   1028.0107340    428.9690513    427.8964969
     990.000    -589.8559431   1032.3661737    429.0449636    432.1865689
    1000.000    -600.2012024   1036.6785912    429.1186409    436.4773887

