#K-Path     Band-1    Band-2    Band-3    Band-4      ...     Band-n
  0.0000  -45.7514  -45.7511  -45.6595  -45.6591  -45.6439  -45.6435  -27.0200  -27.0115  -27.0082  -27.0002  -26.9882  -26.9798  -26.4643  -26.4595  -26.4529  -26.4480  -26.4283  -26.4081  -26.4035  -26.3957  -26.3648  -26.3510  -26.3476  -26.3418  -26.1469  -26.1447  -26.1082  -26.1068  -26.1014  -26.0992  -10.3434  -10.1396   -9.7534   -9.4405   -3.2007   -2.5209   -2.0644   -1.5381   -1.3855   -1.3562   -1.1459   -1.0377   -0.6161   -0.5970   -0.4535   -0.2422    1.1689    1.9497    2.4546    2.9165    3.7831    3.9952    4.6168    5.0081    5.2639    5.4766    5.6883    5.7328    6.5922    6.7950    7.0426    7.0625    7.1510    7.8906
  0.0576  -45.7514  -45.7511  -45.6595  -45.6591  -45.6439  -45.6436  -27.0200  -27.0115  -27.0082  -27.0002  -26.9883  -26.9799  -26.4642  -26.4594  -26.4527  -26.4480  -26.4285  -26.4083  -26.4035  -26.3956  -26.3647  -26.3511  -26.3476  -26.3419  -26.1469  -26.1446  -26.1083  -26.1068  -26.1014  -26.0992  -10.3365  -10.1339   -9.7495   -9.4391   -3.1920   -2.5316   -2.0921   -1.5848   -1.4169   -1.3386   -1.1419   -1.0315   -0.6703   -0.5712   -0.4560   -0.3064    1.2424    1.9855    2.4863    2.9340    3.8200    4.0387    4.6478    5.0028    5.2515    5.4441    5.7148    5.7272    6.6073    6.7285    6.9739    7.0565    7.1293    7.7431
  0.1152  -45.7514  -45.7511  -45.6595  -45.6591  -45.6439  -45.6436  -27.0200  -27.0115  -27.0083  -27.0003  -26.9884  -26.9801  -26.4640  -26.4592  -26.4522  -26.4482  -26.4290  -26.4089  -26.4034  -26.3954  -26.3644  -26.3515  -26.3477  -26.3422  -26.1469  -26.1446  -26.1084  -26.1070  -26.1014  -26.0992  -10.3162  -10.1171   -9.7380   -9.4350   -3.1665   -2.5676   -2.1776   -1.7085   -1.4696   -1.3160   -1.1319   -1.0182   -0.7631   -0.5556   -0.4648   -0.4588    1.4259    2.0760    2.5798    2.9788    3.9285    4.1681    4.7188    4.9618    5.2457    5.3899    5.6854    5.8039    6.5414    6.6505    6.8195    6.9716    7.0483    7.5072
  0.1728  -45.7514  -45.7511  -45.6595  -45.6591  -45.6439  -45.6436  -27.0199  -27.0115  -27.0084  -27.0004  -26.9887  -26.9804  -26.4636  -26.4588  -26.4513  -26.4484  -26.4299  -26.4098  -26.4033  -26.3951  -26.3638  -26.3522  -26.3478  -26.3426  -26.1469  -26.1446  -26.1087  -26.1073  -26.1014  -26.0992  -10.2830  -10.0898   -9.7197   -9.4289   -3.1279   -2.6395   -2.3179   -1.8728   -1.5290   -1.2924   -1.1234   -1.0075   -0.8662   -0.6258   -0.5589   -0.4753    1.6591    2.1867    2.7253    3.0341    4.1005    4.3734    4.7533    4.8663    5.2815    5.4163    5.6160    5.9212    6.3052    6.5731    6.7162    6.8450    6.9745    7.3900
  0.2304  -45.7514  -45.7511  -45.6595  -45.6591  -45.6439  -45.6436  -27.0199  -27.0115  -27.0085  -27.0006  -26.9890  -26.9808  -26.4631  -26.4583  -26.4501  -26.4488  -26.4310  -26.4110  -26.4031  -26.3948  -26.3631  -26.3529  -26.3479  -26.3432  -26.1469  -26.1446  -26.1090  -26.1076  -26.1013  -26.0991  -10.2379  -10.0533   -9.6957   -9.4222   -3.0867   -2.7586   -2.4891   -2.0429   -1.6127   -1.2678   -1.1358   -1.0035   -0.9373   -0.7430   -0.5952   -0.4740    1.9023    2.2925    2.8990    3.0846    4.3091    4.5951    4.7105    4.7805    5.3438    5.4686    5.6407    5.9537    6.1521    6.2936    6.6358    6.7954    6.9071    7.3300
  0.2880  -45.7514  -45.7511  -45.6595  -45.6591  -45.6440  -45.6437  -27.0198  -27.0115  -27.0087  -27.0007  -26.9893  -26.9812  -26.4624  -26.4576  -26.4493  -26.4485  -26.4324  -26.4126  -26.4027  -26.3945  -26.3623  -26.3537  -26.3482  -26.3439  -26.1468  -26.1446  -26.1094  -26.1080  -26.1013  -26.0991  -10.1825  -10.0093   -9.6677   -9.4163   -3.0769   -2.9233   -2.6358   -2.2028   -1.7466   -1.2376   -1.1763   -0.9916   -0.9499   -0.7889   -0.6610   -0.4631    2.1325    2.3843    3.0726    3.1234    4.4177    4.5776    4.7551    4.9085    5.3743    5.4354    5.8050    5.8572    6.0769    6.1114    6.4835    6.7682    6.9719    7.3552
  0.3456  -45.7514  -45.7511  -45.6595  -45.6591  -45.6440  -45.6437  -27.0197  -27.0115  -27.0089  -27.0009  -26.9897  -26.9817  -26.4616  -26.4568  -26.4498  -26.4469  -26.4339  -26.4144  -26.4023  -26.3943  -26.3613  -26.3544  -26.3485  -26.3448  -26.1468  -26.1445  -26.1099  -26.1084  -26.1012  -26.0990  -10.1188   -9.9600   -9.6376   -9.4130   -3.1623   -3.1148   -2.6767   -2.3530   -1.9209   -1.2081   -1.1937   -0.9543   -0.9397   -0.7940   -0.7403   -0.4509    2.3312    2.4571    3.1561    3.2291    4.3598    4.4864    4.9479    4.9512    5.2721    5.6105    5.7006    5.8585    6.0171    6.0213    6.4982    6.6480    6.8970    7.3110
  0.4032  -45.7514  -45.7511  -45.6595  -45.6591  -45.6441  -45.6437  -27.0196  -27.0115  -27.0091  -27.0011  -26.9901  -26.9822  -26.4607  -26.4558  -26.4504  -26.4451  -26.4354  -26.4165  -26.4017  -26.3943  -26.3603  -26.3549  -26.3489  -26.3457  -26.1468  -26.1445  -26.1103  -26.1088  -26.1012  -26.0990  -10.0494   -9.9083   -9.6077   -9.4142   -3.3227   -3.3091   -2.6251   -2.4945   -2.0979   -1.2121   -1.1360   -0.9660   -0.8959   -0.7927   -0.7863   -0.4425    2.4735    2.5046    3.2095    3.3637    4.3028    4.3966    4.8816    5.0612    5.1770    5.5384    5.6595    5.9138    5.9417    6.0788    6.4256    6.5301    6.7324    7.3989
  0.4608  -45.7514  -45.7511  -45.6595  -45.6591  -45.6441  -45.6438  -27.0195  -27.0115  -27.0092  -27.0012  -26.9905  -26.9826  -26.4597  -26.4548  -26.4510  -26.4437  -26.4364  -26.4188  -26.4011  -26.3944  -26.3592  -26.3553  -26.3494  -26.3468  -26.1467  -26.1445  -26.1107  -26.1092  -26.1011  -26.0989   -9.9775   -9.8578   -9.5801   -9.4214   -3.4915   -3.4875   -2.6215   -2.5684   -2.2226   -1.2032   -1.0705   -1.0536   -0.8266   -0.7881   -0.7787   -0.4413    2.5213    2.5373    3.3193    3.4802    4.2863    4.2948    4.8480    4.9963    5.1214    5.4085    5.4927    5.8588    5.9795    6.1635    6.2481    6.4789    6.5652    7.5549
  0.5184  -45.7514  -45.7511  -45.6595  -45.6591  -45.6441  -45.6438  -27.0194  -27.0115  -27.0094  -27.0014  -26.9908  -26.9830  -26.4586  -26.4538  -26.4514  -26.4435  -26.4362  -26.4213  -26.4002  -26.3948  -26.3581  -26.3554  -26.3499  -26.3479  -26.1467  -26.1444  -26.1110  -26.1096  -26.1011  -26.0989   -9.9073   -9.8127   -9.5563   -9.4353   -3.6384   -3.6370   -2.7246   -2.6025   -2.2084   -1.2675   -1.0877   -1.0054   -0.7820   -0.7677   -0.7480   -0.4502    2.5117    2.5349    3.4912    3.5849    4.1599    4.3347    4.8552    4.8736    5.0567    5.3057    5.3464    5.7530    5.8055    6.1199    6.2926    6.3867    6.4533    7.6611
  0.5760  -45.7514  -45.7511  -45.6595  -45.6591  -45.6441  -45.6438  -27.0193  -27.0115  -27.0095  -27.0015  -26.9911  -26.9833  -26.4576  -26.4536  -26.4509  -26.4445  -26.4346  -26.4239  -26.3993  -26.3954  -26.3571  -26.3554  -26.3504  -26.3489  -26.1467  -26.1444  -26.1113  -26.1098  -26.1011  -26.0989   -9.8440   -9.7782   -9.5365   -9.4551   -3.7502   -3.7491   -2.7959   -2.6952   -2.0875   -1.4165   -1.0454   -0.9526   -0.7839   -0.7542   -0.6764   -0.4711    2.4883    2.5046    3.6802    3.7041    4.0384    4.4116    4.6667    4.8876    5.0161    5.1869    5.3651    5.5697    5.6452    5.9517    6.2816    6.3379    6.4959    7.4468
  0.6335  -45.7514  -45.7511  -45.6595  -45.6591  -45.6441  -45.6438  -27.0193  -27.0115  -27.0095  -27.0015  -26.9913  -26.9835  -26.4566  -26.4542  -26.4496  -26.4461  -26.4324  -26.4266  -26.3984  -26.3962  -26.3563  -26.3554  -26.3506  -26.3498  -26.1467  -26.1444  -26.1115  -26.1100  -26.1011  -26.0989   -9.7942   -9.7603   -9.5191   -9.4778   -3.8197   -3.8186   -2.8296   -2.7755   -1.9304   -1.5858   -0.9919   -0.9297   -0.7815   -0.7543   -0.6093   -0.5047    2.4672    2.4754    3.7658    3.9176    3.9570    4.4356    4.5169    4.7882    5.0554    5.2170    5.3649    5.4075    5.5691    5.7767    6.2098    6.2531    6.7097    7.1973
  0.6911  -45.7514  -45.7511  -45.6595  -45.6591  -45.6441  -45.6438  -27.0193  -27.0115  -27.0096  -27.0015  -26.9913  -26.9836  -26.4561  -26.4546  -26.4483  -26.4475  -26.4307  -26.4284  -26.3978  -26.3968  -26.3559  -26.3555  -26.3505  -26.3503  -26.1467  -26.1444  -26.1115  -26.1101  -26.1011  -26.0989   -9.7661   -9.7639   -9.5038   -9.4963   -3.8432   -3.8421   -2.8265   -2.8184   -1.7630   -1.7568   -0.9494   -0.9457   -0.7691   -0.7651   -0.5545   -0.5480    2.4597    2.4633    3.8442    3.8470    4.1852    4.1936    4.6434    4.6482    5.1638    5.1666    5.3431    5.3604    5.6200    5.6392    6.1985    6.2039    6.9444    6.9500
  0.6911  -45.7514  -45.7511  -45.6595  -45.6591  -45.6439  -45.6435  -27.0200  -27.0115  -27.0081  -27.0002  -26.9882  -26.9798  -26.4643  -26.4595  -26.4529  -26.4480  -26.4283  -26.4081  -26.4035  -26.3956  -26.3648  -26.3510  -26.3476  -26.3418  -26.1469  -26.1446  -26.1082  -26.1068  -26.1014  -26.0992  -10.2921  -10.2257   -9.6770   -9.4827   -3.0102   -2.9397   -1.5191   -1.5183   -1.4141   -1.3489   -1.2503   -1.0239   -0.8625   -0.6264   -0.5643   -0.2668    1.8621    1.9668    2.2290    2.3842    3.7867    3.8990    4.9572    4.9989    5.5931    5.6538    6.0138    6.0602    6.1035    6.1352    6.6014    6.8969    7.5295    7.8718
  0.7488  -45.7514  -45.7511  -45.6595  -45.6591  -45.6439  -45.6435  -27.0200  -27.0115  -27.0081  -27.0002  -26.9882  -26.9798  -26.4643  -26.4595  -26.4529  -26.4480  -26.4283  -26.4081  -26.4035  -26.3956  -26.3648  -26.3510  -26.3476  -26.3418  -26.1469  -26.1446  -26.1082  -26.1068  -26.1014  -26.0992  -10.3049  -10.2084   -9.6891   -9.4750   -3.0766   -2.8512   -1.6215   -1.5221   -1.4094   -1.3373   -1.2427   -0.9872   -0.8191   -0.6225   -0.5694   -0.2629    1.6657    2.1237    2.1413    2.5195    3.7892    3.9121    4.8642    5.0486    5.4681    5.6441    5.9073    6.0878    6.1918    6.2885    6.4862    7.1131    7.4515    7.7574
  0.8064  -45.7514  -45.7511  -45.6595  -45.6591  -45.6439  -45.6435  -27.0200  -27.0115  -27.0082  -27.0002  -26.9882  -26.9798  -26.4643  -26.4595  -26.4529  -26.4480  -26.4283  -26.4081  -26.4035  -26.3957  -26.3648  -26.3510  -26.3476  -26.3418  -26.1469  -26.1446  -26.1082  -26.1068  -26.1014  -26.0992  -10.3246  -10.1771   -9.7165   -9.4591   -3.1443   -2.7199   -1.8067   -1.5294   -1.3989   -1.3434   -1.2089   -0.9871   -0.6805   -0.6072   -0.5811   -0.2539    1.4281    2.0307    2.2991    2.7106    3.7940    3.9433    4.7483    5.0434    5.3136    5.6460    5.8118    5.8848    6.3570    6.4408    6.7127    7.2965    7.3337    7.6065
  0.8641  -45.7514  -45.7511  -45.6595  -45.6591  -45.6439  -45.6435  -27.0200  -27.0115  -27.0082  -27.0002  -26.9882  -26.9798  -26.4643  -26.4595  -26.4529  -26.4480  -26.4283  -26.4081  -26.4035  -26.3957  -26.3648  -26.3510  -26.3476  -26.3418  -26.1469  -26.1446  -26.1082  -26.1068  -26.1014  -26.0992  -10.3385  -10.1503   -9.7427   -9.4456   -3.1865   -2.5889   -1.9808   -1.5357   -1.3893   -1.3527   -1.1681   -1.0178   -0.6211   -0.5924   -0.5124   -0.2456    1.2419    1.9698    2.4131    2.8592    3.7901    3.9780    4.6551    5.0128    5.2553    5.6053    5.6836    5.7526    6.5135    6.6435    7.0076    7.1418    7.2021    7.7654
  0.9217  -45.7514  -45.7511  -45.6595  -45.6591  -45.6439  -45.6435  -27.0200  -27.0115  -27.0082  -27.0002  -26.9882  -26.9798  -26.4643  -26.4595  -26.4529  -26.4480  -26.4283  -26.4081  -26.4035  -26.3957  -26.3648  -26.3510  -26.3476  -26.3418  -26.1469  -26.1447  -26.1082  -26.1068  -26.1014  -26.0992  -10.3434  -10.1396   -9.7534   -9.4405   -3.2007   -2.5209   -2.0644   -1.5381   -1.3855   -1.3562   -1.1459   -1.0377   -0.6161   -0.5970   -0.4535   -0.2422    1.1689    1.9497    2.4546    2.9165    3.7831    3.9952    4.6168    5.0081    5.2639    5.4766    5.6883    5.7328    6.5922    6.7950    7.0426    7.0625    7.1510    7.8922
  0.9217  -45.7514  -45.7511  -45.6595  -45.6591  -45.6439  -45.6435  -27.0200  -27.0115  -27.0082  -27.0002  -26.9882  -26.9798  -26.4643  -26.4595  -26.4529  -26.4480  -26.4283  -26.4081  -26.4035  -26.3957  -26.3648  -26.3510  -26.3476  -26.3418  -26.1469  -26.1447  -26.1082  -26.1068  -26.1014  -26.0992  -10.3434  -10.1396   -9.7534   -9.4405   -3.2007   -2.5209   -2.0644   -1.5381   -1.3855   -1.3562   -1.1459   -1.0377   -0.6161   -0.5970   -0.4535   -0.2422    1.1689    1.9497    2.4546    2.9165    3.7831    3.9952    4.6168    5.0081    5.2639    5.4766    5.6883    5.7328    6.5922    6.7950    7.0426    7.0624    7.1511    7.8922
  0.9792  -45.7514  -45.7511  -45.6595  -45.6591  -45.6439  -45.6436  -27.0201  -27.0115  -27.0082  -27.0002  -26.9882  -26.9798  -26.4641  -26.4595  -26.4526  -26.4480  -26.4285  -26.4084  -26.4034  -26.3955  -26.3647  -26.3511  -26.3477  -26.3420  -26.1470  -26.1447  -26.1082  -26.1068  -26.1014  -26.0992  -10.3385  -10.1368   -9.7502   -9.4406   -3.1922   -2.5471   -2.0828   -1.5346   -1.4125   -1.3834   -1.1661   -1.0104   -0.6723   -0.5939   -0.4597   -0.2425    1.2447    1.9913    2.4814    2.9493    3.8140    4.0052    4.6279    4.9910    5.2341    5.4480    5.6959    5.7402    6.5508    6.8379    7.0183    7.0666    7.1440    7.8268
  1.0366  -45.7514  -45.7511  -45.6595  -45.6591  -45.6439  -45.6436  -27.0201  -27.0116  -27.0083  -27.0003  -26.9882  -26.9798  -26.4636  -26.4596  -26.4518  -26.4482  -26.4290  -26.4091  -26.4031  -26.3951  -26.3645  -26.3515  -26.3478  -26.3426  -26.1470  -26.1447  -26.1082  -26.1068  -26.1014  -26.0993  -10.3241  -10.1287   -9.7405   -9.4410   -3.1671   -2.6194   -2.1450   -1.5490   -1.5241   -1.3771   -1.1873   -0.9943   -0.8026   -0.5850   -0.4780   -0.2435    1.4432    2.1020    2.5640    3.0394    3.9036    4.0321    4.6537    4.9449    5.1606    5.4064    5.6955    5.7618    6.4394    6.8913    6.9287    7.0715    7.2071    7.7048
  1.0941  -45.7514  -45.7511  -45.6595  -45.6591  -45.6439  -45.6435  -27.0202  -27.0117  -27.0084  -27.0004  -26.9881  -26.9798  -26.4628  -26.4596  -26.4506  -26.4485  -26.4299  -26.4102  -26.4025  -26.3944  -26.3642  -26.3520  -26.3481  -26.3435  -26.1471  -26.1448  -26.1082  -26.1068  -26.1015  -26.0993  -10.3009  -10.1158   -9.7251   -9.4422   -3.1272   -2.7242   -2.2570   -1.7236   -1.5072   -1.3673   -1.1811   -1.0997   -0.8827   -0.5706   -0.5095   -0.2454    1.7110    2.2470    2.7041    3.1658    4.0352    4.0711    4.6700    4.8875    5.1085    5.3846    5.6763    5.7957    6.2844    6.7074    6.9173    7.1980    7.2499    7.3012
  1.1515  -45.7514  -45.7511  -45.6595  -45.6591  -45.6439  -45.6435  -27.0202  -27.0118  -27.0085  -27.0005  -26.9881  -26.9798  -26.4616  -26.4594  -26.4495  -26.4485  -26.4311  -26.4118  -26.4018  -26.3934  -26.3637  -26.3528  -26.3485  -26.3447  -26.1472  -26.1449  -26.1082  -26.1068  -26.1016  -26.0994  -10.2701  -10.0991   -9.7049   -9.4446   -3.0783   -2.8449   -2.4069   -1.9122   -1.4850   -1.3548   -1.3018   -1.1395   -0.9094   -0.5529   -0.5508   -0.2488    2.0041    2.3923    2.8913    3.3021    4.0799    4.2134    4.6534    4.8533    5.1472    5.3839    5.6409    5.8368    6.1100    6.5070    6.8480    7.0158    7.3371    7.4239
  1.2090  -45.7514  -45.7511  -45.6595  -45.6591  -45.6439  -45.6435  -27.0203  -27.0119  -27.0087  -27.0006  -26.9880  -26.9797  -26.4602  -26.4592  -26.4497  -26.4469  -26.4325  -26.4138  -26.4009  -26.3923  -26.3631  -26.3537  -26.3492  -26.3459  -26.1473  -26.1450  -26.1082  -26.1068  -26.1016  -26.0994  -10.2333  -10.0800   -9.6811   -9.4489   -3.0545   -2.9407   -2.5715   -2.0980   -1.5082   -1.4586   -1.3407   -1.0762   -0.9495   -0.5981   -0.5285   -0.2541    2.2890    2.5205    3.0957    3.4211    4.0871    4.3766    4.6156    4.9020    5.2443    5.4143    5.5924    5.8709    5.9345    6.3282    6.7906    6.8087    7.2957    7.5616
  1.2665  -45.7514  -45.7511  -45.6595  -45.6591  -45.6439  -45.6435  -27.0204  -27.0120  -27.0088  -27.0007  -26.9879  -26.9797  -26.4589  -26.4583  -26.4503  -26.4448  -26.4342  -26.4161  -26.4000  -26.3910  -26.3625  -26.3547  -26.3503  -26.3470  -26.1475  -26.1452  -26.1082  -26.1068  -26.1017  -26.0995  -10.1926  -10.0602   -9.6553   -9.4556   -3.1457   -2.9252   -2.7230   -2.2687   -1.6939   -1.4297   -1.3264   -1.0207   -0.9957   -0.6356   -0.5028   -0.2618    2.5351    2.6244    3.2846    3.5047    4.1092    4.5014    4.6119    5.0056    5.2974    5.4785    5.5974    5.7682    5.8656    6.2156    6.6112    6.7838    7.1898    7.3573
  1.3239  -45.7514  -45.7511  -45.6595  -45.6591  -45.6439  -45.6435  -27.0205  -27.0122  -27.0090  -27.0008  -26.9878  -26.9797  -26.4584  -26.4565  -26.4510  -26.4425  -26.4361  -26.4186  -26.3991  -26.3896  -26.3619  -26.3556  -26.3516  -26.3479  -26.1476  -26.1453  -26.1082  -26.1068  -26.1017  -26.0996  -10.1508  -10.0416   -9.6288   -9.4652   -3.2624   -2.9466   -2.7879   -2.4157   -1.8430   -1.4002   -1.3134   -1.1105   -0.9195   -0.6590   -0.4758   -0.2720    2.6958    2.7113    3.4495    3.5662    4.1704    4.5734    4.6575    5.0885    5.2284    5.5851    5.6230    5.7067    5.7915    6.1947    6.4671    6.7484    7.1509    7.1646
  1.3814  -45.7514  -45.7511  -45.6595  -45.6591  -45.6439  -45.6435  -27.0206  -27.0123  -27.0092  -27.0009  -26.9877  -26.9796  -26.4577  -26.4544  -26.4517  -26.4400  -26.4381  -26.4213  -26.3982  -26.3883  -26.3614  -26.3565  -26.3531  -26.3485  -26.1477  -26.1454  -26.1082  -26.1068  -26.1018  -26.0996  -10.1109  -10.0261   -9.6033   -9.4774   -3.3650   -3.0475   -2.7570   -2.5333   -1.9424   -1.3723   -1.3033   -1.2189   -0.8460   -0.6707   -0.4488   -0.2847    2.7355    2.7957    3.6026    3.6465    4.2557    4.5996    4.7077    5.0977    5.1606    5.5042    5.6889    5.7033    5.8067    6.2089    6.3658    6.6522    7.0180    7.2820
  1.4389  -45.7514  -45.7511  -45.6595  -45.6591  -45.6439  -45.6435  -27.0207  -27.0123  -27.0093  -27.0010  -26.9877  -26.9796  -26.4571  -26.4525  -26.4523  -26.4402  -26.4373  -26.4240  -26.3975  -26.3871  -26.3609  -26.3572  -26.3544  -26.3489  -26.1478  -26.1455  -26.1082  -26.1068  -26.1018  -26.0997  -10.0763  -10.0158   -9.5799   -9.4917   -3.4436   -3.1358   -2.7292   -2.6178   -1.9866   -1.3481   -1.3272   -1.2971   -0.7851   -0.6761   -0.4237   -0.2990    2.7482    2.8121    3.7270    3.7816    4.3228    4.5577    4.7497    5.0269    5.2008    5.4162    5.6116    5.7550    5.8420    6.2008    6.3179    6.5474    6.9479    7.6482
  1.4963  -45.7514  -45.7511  -45.6595  -45.6591  -45.6438  -45.6435  -27.0207  -27.0124  -27.0094  -27.0011  -26.9876  -26.9796  -26.4565  -26.4531  -26.4507  -26.4419  -26.4348  -26.4266  -26.3971  -26.3864  -26.3606  -26.3577  -26.3553  -26.3491  -26.1479  -26.1456  -26.1082  -26.1068  -26.1018  -26.0997  -10.0510  -10.0118   -9.5603   -9.5063   -3.4928   -3.1919   -2.7203   -2.6669   -1.9891   -1.4125   -1.3303   -1.2955   -0.7429   -0.6801   -0.4037   -0.3124    2.7491    2.8011    3.8376    3.9107    4.3208    4.4979    4.7896    4.9611    5.2765    5.3621    5.5595    5.7461    5.8335    6.1766    6.3029    6.4753    6.9267    7.9216
  1.5538  -45.7514  -45.7511  -45.6595  -45.6591  -45.6438  -45.6435  -27.0207  -27.0124  -27.0094  -27.0011  -26.9876  -26.9796  -26.4563  -26.4533  -26.4499  -26.4427  -26.4335  -26.4279  -26.3969  -26.3861  -26.3605  -26.3578  -26.3556  -26.3492  -26.1479  -26.1456  -26.1082  -26.1068  -26.1018  -26.0997  -10.0408  -10.0118   -9.5505   -9.5145   -3.5095   -3.2110   -2.7206   -2.6818   -1.9831   -1.4464   -1.3231   -1.2960   -0.7264   -0.6830   -0.3952   -0.3186    2.7486    2.7936    3.8938    3.9652    4.2900    4.4761    4.8190    4.9240    5.3181    5.3442    5.5416    5.7258    5.8259    6.1662    6.2982    6.4500    6.9252    7.8685
  1.5538  -45.7514  -45.7510  -45.6595  -45.6591  -45.6441  -45.6438  -27.0206  -27.0128  -27.0106  -27.0026  -26.9908  -26.9832  -26.4680  -26.4671  -26.4546  -26.4519  -26.4133  -26.4125  -26.4102  -26.4092  -26.3537  -26.3534  -26.3402  -26.3401  -26.1476  -26.1453  -26.1115  -26.1100  -26.1014  -26.0993   -9.6504   -9.6499   -9.3735   -9.3662   -3.6343   -3.6327   -2.5866   -2.5810   -1.8676   -1.8640   -1.6996   -1.6970   -1.4871   -1.4840   -1.2435   -1.2381    2.1676    2.1702    2.6006    2.6063    3.8024    3.8119    4.6920    4.6948    6.2321    6.2375    6.5809    6.5905    7.0178    7.0278    7.7007    7.7153    8.6703    8.8018
  1.6067  -45.7514  -45.7511  -45.6595  -45.6591  -45.6441  -45.6438  -27.0206  -27.0128  -27.0106  -27.0026  -26.9908  -26.9832  -26.4679  -26.4667  -26.4546  -26.4519  -26.4135  -26.4127  -26.4103  -26.4088  -26.3539  -26.3532  -26.3405  -26.3402  -26.1476  -26.1452  -26.1114  -26.1100  -26.1014  -26.0993   -9.6559   -9.6535   -9.3763   -9.3673   -3.6318   -3.6181   -2.5900   -2.5699   -1.9598   -1.8272   -1.7360   -1.6519   -1.4711   -1.4688   -1.2530   -1.1932    2.1384    2.2261    2.5827    2.6594    3.7872    3.8446    4.7092    4.7231    6.0595    6.3109    6.4929    6.7279    6.9593    7.0332    7.6803    7.7320    8.4556    8.7144
  1.6596  -45.7514  -45.7511  -45.6595  -45.6591  -45.6441  -45.6438  -27.0205  -27.0128  -27.0105  -27.0025  -26.9908  -26.9831  -26.4678  -26.4658  -26.4546  -26.4518  -26.4143  -26.4129  -26.4104  -26.4076  -26.3544  -26.3530  -26.3412  -26.3403  -26.1476  -26.1452  -26.1114  -26.1099  -26.1014  -26.0993   -9.6722   -9.6643   -9.3851   -9.3697   -3.6133   -3.5854   -2.5882   -2.5484   -2.0588   -1.9132   -1.6802   -1.6470   -1.4544   -1.3936   -1.2233   -1.1322    2.1427    2.3062    2.5964    2.7498    3.7816    3.9007    4.7653    4.7973    5.8159    6.3209    6.4439    6.8080    6.8764    7.0282    7.6422    7.6967    8.1551    8.4533
  1.7125  -45.7514  -45.7511  -45.6595  -45.6591  -45.6441  -45.6438  -27.0205  -27.0127  -27.0105  -27.0025  -26.9906  -26.9830  -26.4675  -26.4643  -26.4547  -26.4517  -26.4157  -26.4130  -26.4102  -26.4060  -26.3549  -26.3528  -26.3425  -26.3404  -26.1475  -26.1452  -26.1112  -26.1098  -26.1014  -26.0993   -9.6988   -9.6821   -9.3998   -9.3728   -3.5788   -3.5359   -2.5791   -2.5184   -2.1573   -2.0101   -1.6842   -1.5982   -1.4240   -1.2935   -1.1700   -1.0720    2.1910    2.4084    2.6430    2.8730    3.7849    3.9733    4.8552    4.9034    5.5559    6.2505    6.4406    6.7123    6.7815    7.1022    7.4957    7.6086    7.8408    8.2076
  1.7655  -45.7514  -45.7511  -45.6595  -45.6591  -45.6441  -45.6438  -27.0204  -27.0126  -27.0103  -27.0023  -26.9905  -26.9828  -26.4671  -26.4622  -26.4548  -26.4515  -26.4178  -26.4131  -26.4098  -26.4040  -26.3555  -26.3527  -26.3440  -26.3406  -26.1475  -26.1452  -26.1111  -26.1096  -26.1014  -26.0993   -9.7349   -9.7067   -9.4196   -9.3766   -3.5296   -3.4706   -2.5623   -2.4814   -2.2515   -2.0940   -1.6907   -1.5565   -1.3705   -1.2022   -1.1003   -1.0158    2.2892    2.5325    2.7220    3.0266    3.7919    4.0548    4.9683    5.0137    5.3177    6.1115    6.4413    6.5437    6.6728    7.0738    7.3862    7.4510    7.5730    7.8964
  1.8184  -45.7514  -45.7511  -45.6595  -45.6591  -45.6441  -45.6438  -27.0204  -27.0125  -27.0102  -27.0022  -26.9903  -26.9826  -26.4667  -26.4598  -26.4550  -26.4511  -26.4204  -26.4132  -26.4093  -26.4017  -26.3562  -26.3527  -26.3458  -26.3409  -26.1475  -26.1451  -26.1109  -26.1094  -26.1014  -26.0993   -9.7793   -9.7374   -9.4435   -9.3810   -3.4670   -3.3915   -2.5379   -2.4430   -2.3353   -2.1524   -1.6806   -1.5258   -1.3120   -1.1421   -1.0060   -0.9577    2.4360    2.6752    2.8328    3.2065    3.7948    4.1333    5.0008    5.1049    5.2087    5.9355    6.3316    6.3419    6.5940    6.8820    7.2392    7.3724    7.4453    7.6631
  1.8713  -45.7514  -45.7511  -45.6595  -45.6591  -45.6441  -45.6438  -27.0203  -27.0124  -27.0100  -27.0020  -26.9901  -26.9824  -26.4662  -26.4573  -26.4553  -26.4505  -26.4233  -26.4133  -26.4087  -26.3992  -26.3570  -26.3530  -26.3474  -26.3412  -26.1474  -26.1451  -26.1107  -26.1092  -26.1014  -26.0993   -9.8307   -9.7733   -9.4704   -9.3860   -3.3930   -3.3017   -2.5114   -2.4294   -2.3822   -2.1701   -1.6525   -1.5018   -1.2689   -1.0887   -0.9298   -0.8696    2.6226    2.8284    2.9730    3.4028    3.7829    4.1933    4.8701    5.2018    5.2444    5.7496    6.1298    6.1502    6.4461    6.6984    7.1192    7.1847    7.2760    7.4329
  1.9242  -45.7514  -45.7511  -45.6595  -45.6591  -45.6440  -45.6437  -27.0202  -27.0123  -27.0098  -27.0018  -26.9899  -26.9821  -26.4657  -26.4562  -26.4544  -26.4493  -26.4266  -26.4133  -26.4080  -26.3968  -26.3578  -26.3537  -26.3486  -26.3415  -26.1474  -26.1450  -26.1104  -26.1090  -26.1014  -26.0993   -9.8871   -9.8132   -9.4998   -9.3914   -3.3101   -3.2064   -2.5196   -2.4319   -2.3653   -2.1372   -1.6082   -1.4872   -1.2394   -1.0227   -0.8804   -0.7607    2.8316    2.9776    3.1343    3.5723    3.7684    4.2238    4.7867    5.2066    5.2310    5.5995    5.9109    6.0402    6.2570    6.5383    6.8647    6.9737    7.1660    7.3578
  1.9771  -45.7514  -45.7511  -45.6595  -45.6591  -45.6440  -45.6437  -27.0202  -27.0122  -27.0096  -27.0016  -26.9897  -26.9818  -26.4651  -26.4565  -26.4527  -26.4472  -26.4299  -26.4133  -26.4072  -26.3946  -26.3587  -26.3548  -26.3491  -26.3418  -26.1473  -26.1450  -26.1101  -26.1087  -26.1014  -26.0993   -9.9468   -9.8556   -9.5307   -9.3971   -3.2218   -3.1136   -2.5606   -2.3924   -2.3253   -2.0647   -1.5570   -1.4758   -1.2071   -0.9486   -0.8365   -0.6606    3.0263    3.1012    3.2998    3.5715    3.8534    4.2460    4.7802    5.0660    5.1855    5.4912    5.7265    5.9390    6.2069    6.4353    6.5867    6.7615    6.9098    7.3040
  2.0300  -45.7514  -45.7511  -45.6595  -45.6591  -45.6440  -45.6437  -27.0201  -27.0121  -27.0094  -27.0014  -26.9895  -26.9815  -26.4646  -26.4570  -26.4516  -26.4446  -26.4333  -26.4132  -26.4064  -26.3929  -26.3596  -26.3557  -26.3492  -26.3422  -26.1473  -26.1449  -26.1098  -26.1084  -26.1014  -26.0993  -10.0076   -9.8992   -9.5627   -9.4031   -3.1336   -3.0334   -2.5894   -2.3354   -2.2573   -1.9689   -1.5281   -1.4327   -1.1669   -0.8737   -0.7921   -0.5790    3.0830    3.2184    3.3825    3.5572    3.8961    4.3363    4.8380    4.9025    5.1611    5.3575    5.6366    5.7507    6.2561    6.3930    6.4207    6.5710    6.6969    7.1226
  2.0829  -45.7514  -45.7511  -45.6595  -45.6591  -45.6440  -45.6437  -27.0201  -27.0119  -27.0092  -27.0012  -26.9892  -26.9812  -26.4641  -26.4576  -26.4508  -26.4424  -26.4360  -26.4129  -26.4057  -26.3919  -26.3606  -26.3561  -26.3491  -26.3425  -26.1472  -26.1449  -26.1096  -26.1081  -26.1014  -26.0993  -10.0677   -9.9424   -9.5948   -9.4093   -3.0601   -2.9693   -2.5895   -2.2557   -2.1649   -1.8611   -1.5158   -1.3539   -1.1232   -0.8022   -0.7431   -0.5212    2.9743    3.2076    3.3326    3.6662    3.8889    4.4589    4.7913    4.9561    5.1504    5.2969    5.5231    5.6503    6.0915    6.3442    6.3944    6.5653    6.6227    6.9220
  2.1358  -45.7514  -45.7511  -45.6595  -45.6591  -45.6440  -45.6436  -27.0201  -27.0118  -27.0090  -27.0010  -26.9890  -26.9810  -26.4638  -26.4581  -26.4502  -26.4425  -26.4363  -26.4125  -26.4050  -26.3916  -26.3615  -26.3559  -26.3489  -26.3427  -26.1471  -26.1448  -26.1093  -26.1079  -26.1014  -26.0993  -10.1253   -9.9837   -9.6262   -9.4153   -3.0314   -2.9001   -2.5543   -2.1541   -2.0519   -1.7522   -1.4876   -1.2649   -1.0796   -0.7372   -0.6869   -0.4892    2.7609    3.0589    3.2343    3.6429    4.0056    4.5027    4.7765    5.0273    5.1075    5.3749    5.4376    5.6862    5.9345    6.2508    6.3607    6.5666    6.7030    6.8766
  2.1887  -45.7514  -45.7511  -45.6595  -45.6591  -45.6439  -45.6436  -27.0200  -27.0118  -27.0088  -27.0008  -26.9888  -26.9807  -26.4635  -26.4585  -26.4496  -26.4447  -26.4345  -26.4119  -26.4044  -26.3921  -26.3623  -26.3551  -26.3486  -26.3429  -26.1471  -26.1448  -26.1090  -26.1076  -26.1014  -26.0992  -10.1787  -10.0220   -9.6561   -9.4212   -3.0457   -2.8199   -2.4902   -2.0393   -1.9220   -1.6557   -1.4279   -1.1796   -1.0330   -0.6821   -0.6240   -0.4800    2.4948    2.8589    3.0818    3.5175    4.1638    4.4703    4.7446    4.9455    5.1794    5.3521    5.5884    5.7745    5.8765    6.2212    6.3897    6.6053    6.6501    7.1381
  2.2417  -45.7514  -45.7511  -45.6595  -45.6591  -45.6439  -45.6436  -27.0200  -27.0117  -27.0086  -27.0006  -26.9887  -26.9804  -26.4634  -26.4589  -26.4492  -26.4471  -26.4325  -26.4112  -26.4039  -26.3929  -26.3630  -26.3540  -26.3483  -26.3429  -26.1471  -26.1448  -26.1088  -26.1074  -26.1014  -26.0992  -10.2264  -10.0562   -9.6834   -9.4265   -3.0787   -2.7406   -2.4083   -1.9204   -1.7836   -1.5786   -1.3398   -1.1084   -0.9761   -0.6415   -0.5579   -0.4824    2.2069    2.6364    2.9206    3.3632    4.2331    4.3921    4.6891    4.9140    5.2271    5.2923    5.6853    5.8593    6.0370    6.2140    6.4871    6.7055    6.7458    7.1576
  2.2946  -45.7514  -45.7511  -45.6595  -45.6591  -45.6439  -45.6436  -27.0200  -27.0116  -27.0085  -27.0005  -26.9885  -26.9802  -26.4635  -26.4591  -26.4495  -26.4485  -26.4309  -26.4103  -26.4036  -26.3938  -26.3636  -26.3530  -26.3481  -26.3428  -26.1470  -26.1447  -26.1086  -26.1072  -26.1014  -26.0992  -10.2671  -10.0853   -9.7073   -9.4313   -3.1161   -2.6684   -2.3178   -1.8048   -1.6495   -1.5132   -1.2552   -1.0467   -0.9096   -0.6192   -0.5025   -0.4685    1.9171    2.4183    2.7701    3.2142    4.1477    4.2862    4.7300    4.9159    5.1434    5.3367    5.6882    5.9038    6.2201    6.4048    6.5613    6.8155    6.9597    7.1907
  2.3475  -45.7514  -45.7511  -45.6595  -45.6591  -45.6439  -45.6436  -27.0200  -27.0116  -27.0083  -27.0004  -26.9884  -26.9801  -26.4637  -26.4593  -26.4510  -26.4484  -26.4297  -26.4095  -26.4034  -26.3946  -26.3641  -26.3521  -26.3479  -26.3425  -26.1470  -26.1447  -26.1084  -26.1070  -26.1014  -26.0992  -10.2999  -10.1087   -9.7269   -9.4352   -3.1506   -2.6071   -2.2266   -1.6998   -1.5347   -1.4518   -1.2057   -0.9979   -0.8330   -0.6064   -0.4819   -0.4076    1.6426    2.2263    2.6403    3.0882    4.0091    4.1748    4.7476    4.9490    5.1070    5.3887    5.6934    5.8359    6.4415    6.6322    6.6776    6.8877    7.0666    7.3495
  2.4004  -45.7514  -45.7511  -45.6595  -45.6591  -45.6439  -45.6436  -27.0200  -27.0115  -27.0082  -27.0003  -26.9883  -26.9799  -26.4640  -26.4594  -26.4520  -26.4482  -26.4289  -26.4088  -26.4034  -26.3952  -26.3645  -26.3515  -26.3477  -26.3422  -26.1470  -26.1447  -26.1083  -26.1069  -26.1014  -26.0992  -10.3239  -10.1257   -9.7414   -9.4381   -3.1777   -2.5603   -2.1450   -1.6144   -1.4529   -1.3957   -1.1830   -0.9930   -0.7405   -0.5922   -0.4671   -0.3357    1.4042    2.0769    2.5399    2.9940    3.8887    4.0799    4.6930    4.9850    5.1638    5.4252    5.7145    5.7637    6.5605    6.7224    6.9124    6.9540    7.0904    7.6127
  2.4533  -45.7514  -45.7511  -45.6595  -45.6591  -45.6439  -45.6436  -27.0200  -27.0115  -27.0082  -27.0002  -26.9883  -26.9799  -26.4642  -26.4595  -26.4527  -26.4480  -26.4285  -26.4083  -26.4035  -26.3955  -26.3647  -26.3511  -26.3477  -26.3419  -26.1469  -26.1447  -26.1082  -26.1068  -26.1014  -26.0992  -10.3385  -10.1361   -9.7504   -9.4399   -3.1949   -2.5309   -2.0862   -1.5579   -1.4044   -1.3621   -1.1616   -1.0191   -0.6590   -0.5864   -0.4571   -0.2706    1.2331    1.9821    2.4764    2.9360    3.8102    4.0171    4.6377    5.0034    5.2341    5.4592    5.7089    5.7308    6.5874    6.7822    7.0123    7.0441    7.1394    7.7273
  2.5062  -45.7514  -45.7511  -45.6595  -45.6591  -45.6439  -45.6435  -27.0200  -27.0115  -27.0082  -27.0002  -26.9882  -26.9798  -26.4643  -26.4595  -26.4529  -26.4480  -26.4283  -26.4081  -26.4035  -26.3957  -26.3648  -26.3510  -26.3476  -26.3418  -26.1469  -26.1447  -26.1082  -26.1068  -26.1014  -26.0992  -10.3434  -10.1396   -9.7534   -9.4405   -3.2007   -2.5209   -2.0644   -1.5381   -1.3855   -1.3562   -1.1459   -1.0377   -0.6161   -0.5970   -0.4535   -0.2422    1.1689    1.9497    2.4546    2.9165    3.7831    3.9952    4.6168    5.0081    5.2639    5.4766    5.6883    5.7328    6.5922    6.7950    7.0426    7.0624    7.1510    7.8877
  2.5062  -45.7514  -45.7511  -45.6595  -45.6591  -45.6439  -45.6435  -27.0200  -27.0115  -27.0082  -27.0002  -26.9882  -26.9798  -26.4643  -26.4595  -26.4529  -26.4480  -26.4283  -26.4081  -26.4035  -26.3957  -26.3648  -26.3510  -26.3476  -26.3418  -26.1469  -26.1447  -26.1082  -26.1068  -26.1014  -26.0992  -10.3434  -10.1396   -9.7534   -9.4405   -3.2007   -2.5209   -2.0644   -1.5381   -1.3855   -1.3562   -1.1459   -1.0377   -0.6161   -0.5970   -0.4535   -0.2422    1.1689    1.9497    2.4546    2.9165    3.7831    3.9952    4.6168    5.0081    5.2639    5.4766    5.6883    5.7328    6.5922    6.7950    7.0426    7.0625    7.1510    7.8900
  2.5608  -45.7514  -45.7511  -45.6595  -45.6591  -45.6439  -45.6436  -27.0201  -27.0115  -27.0082  -27.0002  -26.9882  -26.9798  -26.4642  -26.4595  -26.4526  -26.4480  -26.4285  -26.4083  -26.4034  -26.3955  -26.3647  -26.3511  -26.3477  -26.3420  -26.1470  -26.1447  -26.1082  -26.1068  -26.1014  -26.0992  -10.3392  -10.1375   -9.7506   -9.4406   -3.1964   -2.5332   -2.0875   -1.5351   -1.3941   -1.3838   -1.1828   -1.0086   -0.6601   -0.5944   -0.4583   -0.2425    1.2381    1.9850    2.4721    2.9421    3.8072    4.0016    4.6324    5.0014    5.2126    5.4715    5.7049    5.7363    6.5674    6.8342    7.0197    7.0586    7.1303    7.8392
  2.6155  -45.7514  -45.7511  -45.6595  -45.6591  -45.6439  -45.6436  -27.0201  -27.0116  -27.0082  -27.0003  -26.9882  -26.9798  -26.4637  -26.4596  -26.4520  -26.4482  -26.4289  -26.4089  -26.4031  -26.3952  -26.3645  -26.3514  -26.3478  -26.3425  -26.1470  -26.1447  -26.1082  -26.1068  -26.1014  -26.0992  -10.3268  -10.1311   -9.7422   -9.4410   -3.1843   -2.5694   -2.1537   -1.5261   -1.4901   -1.3787   -1.2452   -1.0125   -0.7392   -0.5867   -0.4671   -0.2433    1.4194    2.0805    2.5244    3.0149    3.8765    4.0219    4.6750    4.9854    5.1042    5.4563    5.7294    5.7454    6.4971    6.9038    6.9198    7.0208    7.1717    7.7470
  2.6701  -45.7514  -45.7511  -45.6595  -45.6591  -45.6439  -45.6436  -27.0201  -27.0116  -27.0083  -27.0003  -26.9882  -26.9798  -26.4630  -26.4596  -26.4510  -26.4484  -26.4296  -26.4099  -26.4027  -26.3946  -26.3642  -26.3519  -26.3480  -26.3433  -26.1471  -26.1448  -26.1082  -26.1068  -26.1015  -26.0993  -10.3068  -10.1207   -9.7289   -9.4418   -3.1681   -2.6274   -2.2543   -1.6163   -1.5116   -1.3706   -1.3099   -1.1417   -0.7523   -0.5744   -0.4760   -0.2449    1.6635    2.2076    2.6133    3.1241    3.9769    4.0648    4.7294    4.9502    5.0258    5.4355    5.7419    5.7545    6.3935    6.7428    6.8902    7.0099    7.3307    7.4802
  2.7247  -45.7514  -45.7511  -45.6595  -45.6591  -45.6439  -45.6435  -27.0202  -27.0117  -27.0084  -27.0004  -26.9881  -26.9798  -26.4620  -26.4595  -26.4498  -26.4486  -26.4306  -26.4112  -26.4020  -26.3938  -26.3638  -26.3525  -26.3484  -26.3443  -26.1472  -26.1449  -26.1082  -26.1068  -26.1015  -26.0993  -10.2800  -10.1068   -9.7116   -9.4434   -3.1543   -2.7017   -2.3767   -1.7574   -1.4924   -1.3683   -1.3599   -1.3302   -0.7365   -0.5580   -0.4822   -0.2474    1.9289    2.3299    2.7424    3.2552    4.0603    4.1680    4.7671    4.8858    5.0406    5.4297    5.7414    5.7537    6.2754    6.5649    6.7387    7.0742    7.3565    7.5949
  2.7794  -45.7514  -45.7511  -45.6595  -45.6591  -45.6439  -45.6435  -27.0203  -27.0118  -27.0086  -27.0005  -26.9880  -26.9797  -26.4608  -26.4593  -26.4495  -26.4477  -26.4319  -26.4129  -26.4013  -26.3928  -26.3634  -26.3533  -26.3489  -26.3454  -26.1473  -26.1450  -26.1082  -26.1068  -26.1016  -26.0994  -10.2478  -10.0902   -9.6914   -9.4461   -3.1527   -2.7829   -2.5075   -1.9104   -1.5074   -1.4693   -1.4126   -1.3476   -0.7361   -0.5383   -0.4847   -0.2514    2.1805    2.4308    2.9051    3.3948    4.1206    4.3152    4.7779    4.8619    5.0771    5.4704    5.7271    5.7372    6.1645    6.3890    6.5927    7.0336    7.1421    7.5982
  2.8340  -45.7514  -45.7511  -45.6595  -45.6591  -45.6439  -45.6435  -27.0204  -27.0120  -27.0087  -27.0006  -26.9879  -26.9797  -26.4594  -26.4589  -26.4499  -26.4459  -26.4333  -26.4149  -26.4005  -26.3916  -26.3628  -26.3542  -26.3497  -26.3465  -26.1474  -26.1451  -26.1082  -26.1068  -26.1016  -26.0995  -10.2118  -10.0719   -9.6695   -9.4504   -3.1747   -2.8586   -2.6353   -2.0776   -1.6339   -1.4444   -1.4408   -1.3344   -0.7578   -0.5161   -0.4897   -0.2570    2.3642    2.5495    3.0800    3.5335    4.1686    4.4415    4.8194    4.8625    5.0937    5.5316    5.6758    5.7622    6.0750    6.2259    6.4911    6.8782    7.2198    7.5642
  2.8886  -45.7514  -45.7511  -45.6595  -45.6591  -45.6439  -45.6435  -27.0205  -27.0121  -27.0089  -27.0008  -26.9878  -26.9797  -26.4587  -26.4576  -26.4505  -26.4438  -26.4350  -26.4171  -26.3996  -26.3904  -26.3623  -26.3551  -26.3508  -26.3474  -26.1475  -26.1452  -26.1082  -26.1068  -26.1017  -26.0995  -10.1738  -10.0535   -9.6468   -9.4567   -3.2239   -2.9203   -2.7513   -2.2533   -1.6972   -1.4548   -1.4164   -1.3217   -0.7957   -0.5078   -0.4922   -0.2647    2.4484    2.7231    3.2470    3.6651    4.1878    4.5060    4.8169    4.9810    5.0841    5.5267    5.6005    5.8875    6.0026    6.0835    6.4652    6.7145    7.3200    7.4822
  2.9433  -45.7514  -45.7511  -45.6595  -45.6591  -45.6438  -45.6435  -27.0206  -27.0122  -27.0090  -27.0009  -26.9878  -26.9796  -26.4581  -26.4558  -26.4512  -26.4416  -26.4368  -26.4195  -26.3988  -26.3891  -26.3617  -26.3559  -26.3521  -26.3481  -26.1476  -26.1453  -26.1082  -26.1068  -26.1017  -26.0996  -10.1359  -10.0368   -9.6240   -9.4655   -3.2893   -2.9701   -2.8491   -2.4228   -1.7046   -1.4536   -1.3896   -1.3107   -0.8415   -0.5457   -0.4676   -0.2746    2.5034    2.8923    3.3924    3.7846    4.1816    4.5064    4.7845    5.0325    5.1873    5.4771    5.5219    5.9274    5.9750    6.0652    6.5063    6.5500    7.3788    7.6810
  2.9979  -45.7514  -45.7511  -45.6595  -45.6591  -45.6438  -45.6435  -27.0206  -27.0123  -27.0092  -27.0009  -26.9877  -26.9796  -26.4576  -26.4539  -26.4519  -26.4394  -26.4385  -26.4220  -26.3980  -26.3880  -26.3612  -26.3567  -26.3534  -26.3486  -26.1478  -26.1454  -26.1082  -26.1068  -26.1018  -26.0996  -10.1003  -10.0239   -9.6016   -9.4768   -3.3544   -3.0118   -2.9245   -2.5723   -1.6732   -1.4411   -1.3645   -1.3027   -0.8879   -0.6030   -0.4433   -0.2867    2.5637    3.0259    3.5048    3.8911    4.1691    4.4645    4.7362    4.9746    5.3818    5.4291    5.4544    5.8413    5.9097    6.2401    6.4022    6.5638    7.3269    7.6270
  3.0525  -45.7514  -45.7511  -45.6595  -45.6591  -45.6438  -45.6435  -27.0207  -27.0123  -27.0093  -27.0010  -26.9877  -26.9796  -26.4570  -26.4526  -26.4520  -26.4405  -26.4368  -26.4245  -26.3974  -26.3870  -26.3608  -26.3573  -26.3546  -26.3489  -26.1478  -26.1455  -26.1082  -26.1068  -26.1018  -26.0997  -10.0691  -10.0168   -9.5802   -9.4905   -3.4072   -3.0446   -2.9750   -2.6916   -1.6245   -1.4213   -1.3426   -1.2987   -0.9275   -0.6704   -0.4207   -0.3002    2.6325    3.1087    3.5809    3.9897    4.1498    4.4342    4.6651    4.9050    5.3520    5.4051    5.6000    5.7713    5.8656    6.2864    6.3710    6.5889    7.3890    7.8098
  3.1072  -45.7514  -45.7511  -45.6595  -45.6591  -45.6438  -45.6435  -27.0207  -27.0124  -27.0094  -27.0010  -26.9876  -26.9796  -26.4565  -26.4531  -26.4505  -26.4420  -26.4346  -26.4267  -26.3970  -26.3863  -26.3606  -26.3577  -26.3553  -26.3491  -26.1479  -26.1455  -26.1082  -26.1068  -26.1018  -26.0997  -10.0443  -10.0171   -9.5612   -9.5050   -3.4410   -3.0659   -3.0014   -2.7707   -1.5821   -1.4013   -1.3259   -1.2990   -0.9533   -0.7290   -0.4027   -0.3125    2.6953    3.1379    3.6309    4.0621    4.1301    4.4340    4.6147    4.8162    5.3273    5.3759    5.7234    5.7476    5.8386    6.2126    6.4496    6.5697    7.4554    7.8397
  3.1618  -45.7514  -45.7511  -45.6595  -45.6590  -45.6438  -45.6435  -27.0207  -27.0124  -27.0094  -27.0011  -26.9876  -26.9796  -26.4563  -26.4533  -26.4499  -26.4427  -26.4335  -26.4279  -26.3969  -26.3861  -26.3605  -26.3578  -26.3556  -26.3492  -26.1479  -26.1456  -26.1082  -26.1068  -26.1018  -26.0997  -10.0298  -10.0232   -9.5514   -9.5132   -3.4525   -3.0733   -3.0088   -2.7990   -1.5654   -1.3922   -1.3184   -1.3008   -0.9618   -0.7533   -0.3952   -0.3181    2.7225    3.1400    3.6514    4.0646    4.1504    4.4243    4.6247    4.7556    5.3222    5.3664    5.7109    5.7996    5.8296    6.1872    6.4885    6.5398    7.4771    7.8356
  3.1618  -45.7514  -45.7510  -45.6595  -45.6591  -45.6441  -45.6438  -27.0206  -27.0129  -27.0106  -27.0026  -26.9908  -26.9832  -26.4680  -26.4671  -26.4546  -26.4519  -26.4133  -26.4125  -26.4103  -26.4092  -26.3537  -26.3534  -26.3402  -26.3401  -26.1476  -26.1453  -26.1115  -26.1100  -26.1014  -26.0993   -9.6505   -9.6500   -9.3735   -9.3661   -3.6384   -3.6368   -2.5435   -2.5376   -2.0116   -2.0068   -1.6447   -1.6415   -1.4224   -1.4181   -1.2431   -1.2378    1.8883    1.8929    3.0063    3.0133    3.6642    3.6758    5.1338    5.1440    5.5514    5.5529    6.0789    6.0803    7.5998    7.6030    8.3228    8.3368    8.5788    8.5979
  3.2169  -45.7514  -45.7511  -45.6595  -45.6591  -45.6441  -45.6438  -27.0206  -27.0128  -27.0106  -27.0026  -26.9908  -26.9832  -26.4679  -26.4667  -26.4546  -26.4519  -26.4135  -26.4127  -26.4104  -26.4087  -26.3540  -26.3532  -26.3405  -26.3402  -26.1476  -26.1453  -26.1114  -26.1100  -26.1014  -26.0993   -9.6572   -9.6534   -9.3764   -9.3674   -3.6356   -3.6198   -2.5480   -2.5319   -2.0581   -2.0048   -1.6462   -1.5883   -1.4574   -1.3893   -1.2399   -1.2188    1.8891    1.9488    2.9634    3.0812    3.6549    3.7178    5.0409    5.1503    5.4671    5.6996    5.9686    6.2495    7.5279    7.5705    8.2048    8.4099    8.4917    8.5796
  3.2719  -45.7514  -45.7511  -45.6595  -45.6591  -45.6441  -45.6438  -27.0205  -27.0128  -27.0105  -27.0025  -26.9907  -26.9831  -26.4677  -26.4657  -26.4546  -26.4518  -26.4144  -26.4129  -26.4104  -26.4075  -26.3545  -26.3530  -26.3414  -26.3403  -26.1476  -26.1452  -26.1114  -26.1099  -26.1014  -26.0993   -9.6757   -9.6652   -9.3861   -9.3703   -3.6156   -3.5813   -2.5564   -2.5223   -2.1094   -2.0456   -1.5985   -1.5551   -1.5001   -1.3263   -1.2224   -1.1716    1.9418    2.0625    2.9435    3.1731    3.6722    3.7970    4.9061    5.0786    5.4457    5.8493    5.9348    6.4448    7.3306    7.4854    7.9692    8.1460    8.3283    8.4057
  3.3270  -45.7514  -45.7511  -45.6595  -45.6591  -45.6441  -45.6438  -27.0205  -27.0127  -27.0104  -27.0025  -26.9906  -26.9830  -26.4674  -26.4640  -26.4547  -26.4517  -26.4161  -26.4130  -26.4102  -26.4057  -26.3550  -26.3528  -26.3427  -26.3405  -26.1475  -26.1452  -26.1112  -26.1098  -26.1014  -26.0993   -9.7055   -9.6850   -9.4025   -9.3739   -3.5795   -3.5220   -2.5693   -2.5123   -2.1398   -2.0871   -1.6248   -1.5678   -1.4616   -1.2389   -1.1766   -1.0976    2.0435    2.2264    2.9501    3.2777    3.7188    3.9036    4.7738    4.9891    5.4469    5.8598    6.0463    6.6004    7.0539    7.3834    7.5977    7.9396    8.0521    8.2418
  3.3821  -45.7514  -45.7511  -45.6595  -45.6591  -45.6441  -45.6438  -27.0204  -27.0126  -27.0103  -27.0023  -26.9905  -26.9828  -26.4670  -26.4617  -26.4549  -26.4515  -26.4184  -26.4131  -26.4097  -26.4035  -26.3557  -26.3527  -26.3445  -26.3407  -26.1475  -26.1452  -26.1111  -26.1096  -26.1014  -26.0993   -9.7456   -9.7124   -9.4241   -9.3783   -3.5296   -3.4430   -2.5846   -2.5043   -2.1436   -2.1059   -1.7091   -1.5909   -1.3822   -1.1860   -1.0758   -0.9988    2.1877    2.4298    2.9835    3.3840    3.7926    4.0245    4.6665    4.9260    5.4470    5.8345    6.1053    6.6425    6.7487    7.1679    7.3233    7.6999    7.8441    7.9896
  3.4371  -45.7514  -45.7511  -45.6595  -45.6591  -45.6441  -45.6438  -27.0204  -27.0125  -27.0102  -27.0022  -26.9903  -26.9825  -26.4666  -26.4591  -26.4551  -26.4510  -26.4212  -26.4132  -26.4092  -26.4010  -26.3564  -26.3528  -26.3463  -26.3410  -26.1475  -26.1451  -26.1108  -26.1094  -26.1014  -26.0993   -9.7948   -9.7464   -9.4500   -9.3834   -3.4679   -3.3469   -2.5959   -2.4961   -2.1220   -2.1081   -1.7890   -1.6092   -1.3071   -1.1405   -0.9629   -0.8883    2.3655    2.6572    3.0441    3.4800    3.8894    4.1379    4.5974    4.9033    5.4380    5.7749    6.0447    6.4661    6.5241    6.8422    7.1574    7.4353    7.5706    7.8509
  3.4922  -45.7514  -45.7511  -45.6595  -45.6591  -45.6441  -45.6438  -27.0203  -27.0124  -27.0100  -27.0020  -26.9901  -26.9823  -26.4660  -26.4566  -26.4552  -26.4501  -26.4244  -26.4133  -26.4085  -26.3984  -26.3573  -26.3532  -26.3479  -26.3413  -26.1474  -26.1451  -26.1106  -26.1091  -26.1014  -26.0993   -9.8512   -9.7859   -9.4793   -9.3890   -3.3971   -3.2375   -2.5981   -2.4799   -2.1314   -2.0693   -1.8313   -1.6085   -1.2375   -1.0895   -0.8575   -0.7829    2.5630    2.8853    3.1318    3.5552    3.9982    4.2265    4.5704    4.8877    5.4410    5.6524    5.9253    6.2226    6.2907    6.5949    6.9330    7.1985    7.2887    7.7299
  3.5473  -45.7514  -45.7511  -45.6595  -45.6591  -45.6440  -45.6437  -27.0202  -27.0122  -27.0098  -27.0018  -26.9898  -26.9820  -26.4655  -26.4563  -26.4536  -26.4485  -26.4279  -26.4133  -26.4077  -26.3958  -26.3582  -26.3541  -26.3489  -26.3416  -26.1473  -26.1450  -26.1103  -26.1089  -26.1014  -26.0993   -9.9126   -9.8291   -9.5113   -9.3948   -3.3196   -3.1211   -2.5929   -2.4469   -2.1742   -2.0031   -1.8206   -1.5780   -1.1709   -1.0327   -0.7666   -0.6939    2.7558    3.0787    3.2445    3.6051    4.0850    4.3037    4.5810    4.8032    5.4983    5.5150    5.7766    5.9754    6.1846    6.3516    6.6877    6.9820    7.0282    7.4955
  3.6023  -45.7514  -45.7511  -45.6595  -45.6591  -45.6440  -45.6437  -27.0202  -27.0121  -27.0096  -27.0015  -26.9896  -26.9817  -26.4649  -26.4568  -26.4521  -26.4461  -26.4315  -26.4133  -26.4068  -26.3937  -26.3592  -26.3552  -26.3492  -26.3420  -26.1473  -26.1450  -26.1100  -26.1086  -26.1014  -26.0993   -9.9767   -9.8746   -9.5449   -9.4009   -3.2378   -3.0078   -2.5908   -2.3907   -2.2027   -1.9317   -1.7687   -1.5140   -1.1066   -0.9723   -0.6941   -0.6261    2.8969    3.1992    3.3593    3.6368    4.0982    4.3886    4.6145    4.6902    5.3926    5.5374    5.6631    5.8891    6.0964    6.1703    6.4656    6.7820    6.8094    7.2801
  3.6574  -45.7514  -45.7511  -45.6595  -45.6591  -45.6440  -45.6437  -27.0201  -27.0120  -27.0093  -27.0013  -26.9893  -26.9814  -26.4644  -26.4573  -26.4511  -26.4433  -26.4349  -26.4131  -26.4060  -26.3923  -26.3602  -26.3560  -26.3492  -26.3423  -26.1472  -26.1449  -26.1097  -26.1083  -26.1014  -26.0993  -10.0410   -9.9204   -9.5794   -9.4071   -3.1542   -2.9160   -2.5958   -2.3089   -2.1777   -1.8656   -1.6825   -1.4224   -1.0464   -0.9114   -0.6396   -0.5792    2.9127    3.2215    3.4329    3.6489    4.0599    4.4025    4.6533    4.7172    5.3528    5.4022    5.6084    5.9455    6.0019    6.1909    6.2732    6.5712    6.6951    7.0772
  3.7125  -45.7514  -45.7511  -45.6595  -45.6591  -45.6440  -45.6436  -27.0201  -27.0119  -27.0091  -27.0011  -26.9891  -26.9811  -26.4639  -26.4579  -26.4504  -26.4420  -26.4366  -26.4127  -26.4052  -26.3916  -26.3611  -26.3560  -26.3490  -26.3426  -26.1472  -26.1449  -26.1094  -26.1080  -26.1014  -26.0993  -10.1033   -9.9651   -9.6136   -9.4132   -3.0754   -2.8727   -2.5753   -2.2043   -2.0946   -1.8024   -1.5695   -1.3140   -0.9950   -0.8543   -0.5984   -0.5487    2.7753    3.1236    3.4309    3.5839    4.0864    4.3790    4.6901    4.8770    5.1583    5.4183    5.5527    5.9903    6.0811    6.1123    6.2947    6.4045    6.6710    6.9404
  3.7675  -45.7514  -45.7511  -45.6595  -45.6591  -45.6439  -45.6436  -27.0201  -27.0118  -27.0089  -27.0009  -26.9889  -26.9808  -26.4636  -26.4584  -26.4498  -26.4438  -26.4352  -26.4122  -26.4046  -26.3919  -26.3620  -26.3554  -26.3487  -26.3428  -26.1471  -26.1448  -26.1091  -26.1077  -26.1014  -26.0992  -10.1616  -10.0071   -9.6463   -9.4193   -3.0252   -2.8601   -2.5076   -2.0845   -1.9707   -1.7346   -1.4412   -1.2008   -0.9580   -0.8049   -0.5622   -0.5278    2.5375    2.9346    3.2769    3.4990    4.1874    4.3826    4.7185    4.9216    5.0860    5.3082    5.6986    5.9356    6.0830    6.2079    6.3285    6.3990    6.7400    6.9569
  3.8226  -45.7514  -45.7511  -45.6595  -45.6591  -45.6439  -45.6436  -27.0200  -27.0117  -27.0087  -27.0007  -26.9887  -26.9805  -26.4634  -26.4588  -26.4493  -26.4464  -26.4331  -26.4114  -26.4040  -26.3926  -26.3628  -26.3544  -26.3484  -26.3429  -26.1471  -26.1448  -26.1089  -26.1074  -26.1014  -26.0992  -10.2140  -10.0450   -9.6764   -9.4250   -3.0392   -2.8087   -2.4155   -1.9579   -1.8260   -1.6597   -1.3105   -1.0972   -0.9364   -0.7624   -0.5237   -0.5085    2.2537    2.7034    3.0628    3.3831    4.2735    4.3658    4.7058    4.7910    5.1918    5.2715    5.7594    5.9687    6.0346    6.2799    6.4100    6.6270    6.8827    7.0359
  3.8777  -45.7514  -45.7511  -45.6595  -45.6591  -45.6439  -45.6436  -27.0200  -27.0116  -27.0085  -27.0005  -26.9885  -26.9803  -26.4635  -26.4591  -26.4492  -26.4485  -26.4313  -26.4105  -26.4036  -26.3936  -26.3635  -26.3532  -26.3481  -26.3428  -26.1470  -26.1447  -26.1086  -26.1072  -26.1014  -26.0992  -10.2589  -10.0777   -9.7027   -9.4302   -3.0855   -2.7294   -2.3172   -1.8327   -1.6805   -1.5789   -1.2013   -1.0217   -0.9123   -0.7172   -0.4972   -0.4689    1.9573    2.4683    2.8596    3.2440    4.2026    4.3021    4.7190    4.7971    5.1521    5.3382    5.7060    5.9569    6.1735    6.4313    6.5266    6.8345    6.9846    7.1469
  3.9327  -45.7514  -45.7511  -45.6595  -45.6591  -45.6439  -45.6436  -27.0200  -27.0116  -27.0084  -27.0004  -26.9884  -26.9801  -26.4637  -26.4593  -26.4507  -26.4484  -26.4299  -26.4096  -26.4035  -26.3945  -26.3640  -26.3522  -26.3479  -26.3426  -26.1470  -26.1447  -26.1084  -26.1070  -26.1014  -26.0992  -10.2951  -10.1042   -9.7243   -9.4345   -3.1324   -2.6495   -2.2227   -1.7177   -1.5544   -1.4952   -1.1521   -0.9885   -0.8482   -0.6616   -0.4803   -0.4113    1.6715    2.2574    2.6889    3.1117    4.0438    4.1989    4.7341    4.8784    5.1370    5.3790    5.6803    5.8592    6.4086    6.6119    6.6799    6.9304    7.0167    7.4345
  3.9878  -45.7514  -45.7511  -45.6595  -45.6591  -45.6439  -45.6436  -27.0200  -27.0115  -27.0082  -27.0003  -26.9883  -26.9800  -26.4640  -26.4594  -26.4519  -26.4482  -26.4290  -26.4088  -26.4034  -26.3951  -26.3645  -26.3515  -26.3477  -26.3422  -26.1470  -26.1447  -26.1083  -26.1069  -26.1014  -26.0992  -10.3217  -10.1237   -9.7403   -9.4378   -3.1695   -2.5821   -2.1415   -1.6232   -1.4637   -1.4165   -1.1515   -0.9954   -0.7499   -0.6105   -0.4668   -0.3425    1.4203    2.0916    2.5609    3.0064    3.9050    4.0935    4.6887    4.9579    5.1907    5.4021    5.6990    5.7761    6.5440    6.7121    6.9091    6.9802    7.1061    7.4978
  4.0429  -45.7514  -45.7511  -45.6595  -45.6591  -45.6439  -45.6436  -27.0200  -27.0115  -27.0082  -27.0002  -26.9883  -26.9799  -26.4642  -26.4595  -26.4527  -26.4480  -26.4285  -26.4083  -26.4035  -26.3955  -26.3647  -26.3511  -26.3477  -26.3419  -26.1469  -26.1447  -26.1082  -26.1068  -26.1014  -26.0992  -10.3379  -10.1356   -9.7501   -9.4398   -3.1928   -2.5369   -2.0849   -1.5603   -1.4073   -1.3676   -1.1522   -1.0214   -0.6628   -0.5882   -0.4572   -0.2737    1.2379    1.9860    2.4815    2.9394    3.8144    4.0208    4.6372    4.9984    5.2443    5.4474    5.7030    5.7352    6.5820    6.7783    7.0161    7.0421    7.1251    7.7933
  4.0979  -45.7514  -45.7511  -45.6595  -45.6591  -45.6439  -45.6435  -27.0200  -27.0115  -27.0082  -27.0002  -26.9882  -26.9798  -26.4643  -26.4595  -26.4529  -26.4480  -26.4283  -26.4081  -26.4035  -26.3957  -26.3648  -26.3510  -26.3476  -26.3418  -26.1469  -26.1447  -26.1082  -26.1068  -26.1014  -26.0992  -10.3434  -10.1396   -9.7534   -9.4405   -3.2007   -2.5209   -2.0644   -1.5381   -1.3855   -1.3562   -1.1459   -1.0377   -0.6161   -0.5970   -0.4535   -0.2422    1.1689    1.9497    2.4546    2.9165    3.7831    3.9952    4.6168    5.0081    5.2639    5.4766    5.6883    5.7328    6.5922    6.7950    7.0426    7.0625    7.1510    7.8909
  4.0979  -45.7514  -45.7511  -45.6595  -45.6591  -45.6439  -45.6435  -27.0200  -27.0115  -27.0082  -27.0002  -26.9882  -26.9798  -26.4643  -26.4595  -26.4529  -26.4480  -26.4283  -26.4081  -26.4035  -26.3957  -26.3648  -26.3510  -26.3476  -26.3418  -26.1469  -26.1447  -26.1082  -26.1068  -26.1014  -26.0992  -10.3434  -10.1396   -9.7534   -9.4405   -3.2007   -2.5209   -2.0644   -1.5381   -1.3855   -1.3562   -1.1459   -1.0377   -0.6161   -0.5970   -0.4535   -0.2422    1.1689    1.9497    2.4546    2.9165    3.7831    3.9952    4.6168    5.0081    5.2639    5.4766    5.6883    5.7328    6.5922    6.7950    7.0426    7.0625    7.1511    7.8910
  4.1539  -45.7514  -45.7511  -45.6595  -45.6591  -45.6439  -45.6436  -27.0200  -27.0115  -27.0082  -27.0002  -26.9883  -26.9799  -26.4642  -26.4595  -26.4527  -26.4480  -26.4285  -26.4083  -26.4035  -26.3956  -26.3647  -26.3511  -26.3476  -26.3419  -26.1469  -26.1446  -26.1082  -26.1068  -26.1014  -26.0992  -10.3371  -10.1358   -9.7491   -9.4398   -3.1920   -2.5371   -2.0795   -1.5778   -1.4135   -1.3402   -1.1450   -1.0300   -0.6643   -0.5734   -0.4626   -0.2957    1.2386    1.9822    2.4777    2.9258    3.8155    4.0304    4.6474    5.0041    5.2504    5.4630    5.7020    5.7382    6.5955    6.7195    7.0016    7.0676    7.1059    7.8417
  4.2100  -45.7514  -45.7511  -45.6595  -45.6591  -45.6439  -45.6436  -27.0200  -27.0115  -27.0082  -27.0003  -26.9884  -26.9801  -26.4640  -26.4592  -26.4523  -26.4482  -26.4289  -26.4087  -26.4034  -26.3954  -26.3644  -26.3515  -26.3477  -26.3421  -26.1469  -26.1446  -26.1084  -26.1070  -26.1014  -26.0992  -10.3184  -10.1244   -9.7363   -9.4376   -3.1669   -2.5846   -2.1320   -1.6840   -1.4621   -1.3200   -1.1432   -1.0106   -0.7476   -0.5703   -0.5028   -0.3952    1.4145    2.0668    2.5459    2.9483    3.9109    4.1342    4.7257    4.9765    5.2430    5.4357    5.6862    5.8025    6.5310    6.6077    6.8936    6.9993    7.0520    7.6272
  4.2660  -45.7514  -45.7511  -45.6595  -45.6591  -45.6439  -45.6436  -27.0199  -27.0115  -27.0083  -27.0004  -26.9886  -26.9803  -26.4637  -26.4589  -26.4515  -26.4484  -26.4297  -26.4095  -26.4033  -26.3952  -26.3640  -26.3520  -26.3477  -26.3425  -26.1469  -26.1446  -26.1086  -26.1072  -26.1014  -26.0992  -10.2878  -10.1054   -9.7161   -9.4343   -3.1300   -2.6605   -2.2348   -1.8264   -1.5187   -1.3021   -1.1406   -0.9881   -0.8549   -0.6633   -0.5214   -0.4454    1.6397    2.1742    2.6539    2.9730    4.0634    4.2959    4.8044    4.9200    5.2777    5.4410    5.6425    5.9080    6.3131    6.6149    6.6812    6.8783    6.9429    7.4990
  4.3220  -45.7514  -45.7511  -45.6595  -45.6591  -45.6439  -45.6436  -27.0199  -27.0115  -27.0085  -27.0005  -26.9889  -26.9806  -26.4633  -26.4584  -26.4505  -26.4487  -26.4307  -26.4106  -26.4031  -26.3949  -26.3634  -26.3527  -26.3479  -26.3430  -26.1469  -26.1446  -26.1089  -26.1075  -26.1013  -26.0991  -10.2464  -10.0792   -9.6902   -9.4305   -3.0936   -2.7573   -2.3869   -1.9714   -1.6007   -1.2862   -1.1341   -1.0165   -0.9353   -0.7505   -0.5266   -0.4668    1.8735    2.2786    2.7864    2.9942    4.2566    4.4798    4.8120    4.8979    5.3268    5.4857    5.6488    5.9933    6.1233    6.4372    6.6453    6.7517    6.8046    7.2953
  4.3780  -45.7514  -45.7511  -45.6595  -45.6591  -45.6440  -45.6436  -27.0198  -27.0115  -27.0086  -27.0007  -26.9892  -26.9810  -26.4627  -26.4579  -26.4493  -26.4489  -26.4318  -26.4119  -26.4029  -26.3946  -26.3626  -26.3534  -26.3481  -26.3436  -26.1469  -26.1446  -26.1093  -26.1078  -26.1013  -26.0991  -10.1954  -10.0462   -9.6607   -9.4268   -3.0950   -2.8488   -2.5653   -2.0947   -1.7325   -1.2646   -1.1804   -1.0789   -0.9120   -0.7842   -0.5551   -0.4643    2.0882    2.3685    2.9109    3.0299    4.4167    4.6192    4.7871    4.9681    5.3749    5.4311    5.8148    5.9416    6.0513    6.2396    6.6168    6.6541    6.7526    7.0586
  4.4340  -45.7514  -45.7511  -45.6595  -45.6591  -45.6440  -45.6437  -27.0197  -27.0115  -27.0088  -27.0008  -26.9895  -26.9815  -26.4620  -26.4571  -26.4495  -26.4476  -26.4332  -26.4135  -26.4025  -26.3944  -26.3617  -26.3541  -26.3483  -26.3443  -26.1468  -26.1445  -26.1097  -26.1082  -26.1012  -26.0990  -10.1366  -10.0071   -9.6301   -9.4242   -3.1837   -2.9260   -2.7126   -2.1831   -1.9034   -1.3112   -1.2090   -1.0451   -0.8764   -0.7981   -0.5929   -0.4528    2.2551    2.4472    2.9806    3.1336    4.4055    4.6731    4.8952    5.0187    5.3486    5.5115    5.7673    5.9457    6.0397    6.1441    6.5174    6.5952    6.6825    7.0008
  4.4900  -45.7514  -45.7511  -45.6595  -45.6591  -45.6440  -45.6437  -27.0196  -27.0115  -27.0090  -27.0010  -26.9899  -26.9819  -26.4612  -26.4563  -26.4500  -26.4460  -26.4346  -26.4153  -26.4021  -26.3943  -26.3608  -26.3547  -26.3487  -26.3452  -26.1468  -26.1445  -26.1101  -26.1086  -26.1012  -26.0990  -10.0725   -9.9630   -9.6011   -9.4235   -3.3255   -3.0754   -2.7667   -2.2408   -2.0656   -1.3958   -1.1593   -0.9997   -0.8502   -0.8059   -0.6280   -0.4430    2.3380    2.5396    3.0409    3.2777    4.3090    4.6273    4.9925    5.0352    5.3036    5.6026    5.6410    5.8838    6.0833    6.1577    6.3749    6.4744    6.6837    7.0377
  4.5461  -45.7514  -45.7511  -45.6595  -45.6591  -45.6441  -45.6437  -27.0195  -27.0115  -27.0091  -27.0011  -26.9903  -26.9823  -26.4603  -26.4554  -26.4506  -26.4445  -26.4359  -26.4174  -26.4015  -26.3943  -26.3598  -26.3551  -26.3491  -26.3461  -26.1468  -26.1445  -26.1104  -26.1090  -26.1011  -26.0990  -10.0059   -9.9155   -9.5762   -9.4257   -3.4733   -3.2569   -2.8030   -2.3556   -2.0985   -1.4451   -1.1095   -0.9632   -0.8605   -0.7797   -0.6620   -0.4398    2.3562    2.6368    3.1235    3.4334    4.2076    4.5280    4.9666    5.0335    5.2725    5.4329    5.5775    5.8559    6.1036    6.1788    6.2665    6.4262    6.7607    7.0776
  4.6021  -45.7514  -45.7511  -45.6595  -45.6591  -45.6441  -45.6438  -27.0194  -27.0115  -27.0093  -27.0013  -26.9906  -26.9827  -26.4594  -26.4544  -26.4511  -26.4435  -26.4365  -26.4196  -26.4008  -26.3945  -26.3588  -26.3553  -26.3495  -26.3471  -26.1467  -26.1444  -26.1108  -26.1093  -26.1011  -26.0989   -9.9404   -9.8668   -9.5568   -9.4319   -3.6059   -3.4277   -2.8539   -2.5179   -2.0100   -1.4588   -1.0930   -0.9474   -0.8543   -0.7444   -0.7016   -0.4455    2.3632    2.7060    3.2235    3.5947    4.1262    4.4315    4.8057    5.0329    5.2132    5.2955    5.4880    5.7240    6.0115    6.0356    6.3311    6.6036    6.7889    7.0898
  4.6581  -45.7514  -45.7511  -45.6595  -45.6591  -45.6441  -45.6438  -27.0194  -27.0115  -27.0094  -27.0014  -26.9909  -26.9831  -26.4584  -26.4537  -26.4513  -26.4436  -26.4359  -26.4219  -26.4000  -26.3949  -26.3578  -26.3554  -26.3500  -26.3481  -26.1467  -26.1444  -26.1111  -26.1096  -26.1011  -26.0989   -9.8797   -9.8208   -9.5430   -9.4427   -3.7118   -3.5742   -2.9055   -2.6672   -1.8748   -1.4405   -1.1395   -0.9228   -0.8540   -0.7327   -0.7070   -0.4611    2.3866    2.7318    3.3376    3.7515    4.0733    4.3716    4.5904    5.0000    5.0973    5.2208    5.4328    5.5395    5.8743    5.9798    6.3624    6.6734    6.8712    7.1674
  4.7141  -45.7514  -45.7511  -45.6595  -45.6591  -45.6441  -45.6438  -27.0193  -27.0115  -27.0095  -27.0015  -26.9911  -26.9833  -26.4574  -26.4537  -26.4507  -26.4447  -26.4343  -26.4243  -26.3992  -26.3955  -26.3570  -26.3554  -26.3504  -26.3491  -26.1467  -26.1444  -26.1113  -26.1099  -26.1011  -26.0989   -9.8276   -9.7836   -9.5320   -9.4586   -3.7842   -3.6902   -2.9420   -2.7892   -1.7215   -1.3935   -1.2199   -0.9667   -0.8408   -0.7361   -0.6633   -0.4863    2.4343    2.7118    3.4697    3.8811    4.0464    4.2793    4.4714    4.9060    5.0549    5.1279    5.3154    5.3722    5.8602    5.9857    6.3259    6.5740    7.0599    7.2871
  4.7701  -45.7514  -45.7511  -45.6595  -45.6591  -45.6441  -45.6438  -27.0193  -27.0115  -27.0095  -27.0015  -26.9913  -26.9835  -26.4565  -26.4542  -26.4495  -26.4462  -26.4322  -26.4267  -26.3983  -26.3962  -26.3562  -26.3554  -26.3506  -26.3499  -26.1467  -26.1444  -26.1115  -26.1100  -26.1010  -26.0989   -9.7879   -9.7631   -9.5190   -9.4786   -3.8191   -3.7712   -2.9534   -2.8784   -1.5694   -1.3381   -1.2952   -1.0805   -0.7998   -0.7434   -0.6131   -0.5208    2.5025    2.6561    3.6238    3.9245    4.0455    4.1071    4.5525    4.8072    5.0271    5.0501    5.1843    5.2402    5.9427    6.0191    6.2828    6.4368    7.2289    7.3828
  4.8261  -45.7514  -45.7511  -45.6595  -45.6591  -45.6441  -45.6438  -27.0193  -27.0115  -27.0095  -27.0015  -26.9913  -26.9836  -26.4561  -26.4546  -26.4483  -26.4475  -26.4306  -26.4284  -26.3978  -26.3967  -26.3559  -26.3554  -26.3505  -26.3503  -26.1467  -26.1444  -26.1115  -26.1101  -26.1010  -26.0988   -9.7659   -9.7637   -9.5041   -9.4966   -3.8167   -3.8127   -2.9368   -2.9293   -1.4369   -1.4336   -1.2075   -1.2009   -0.7673   -0.7628   -0.5674   -0.5605    2.5783    2.5837    3.7953    3.7963    4.0540    4.0595    4.6889    4.6908    5.0031    5.0097    5.1658    5.1687    6.0148    6.0179    6.3137    6.3169    7.3524    7.3584
