#K-Path     Band-1    Band-2    Band-3    Band-4      ...     Band-n
  0.0000  -37.6045  -37.5938  -37.5933  -37.5931  -18.5474  -18.5148  -18.4933  -18.4460  -18.4275  -18.4237  -18.3987  -18.3968  -18.3916  -18.3439  -18.3112  -18.2962  -16.3897  -16.3880  -16.3635  -16.3346  -16.3216  -16.2878  -16.2833  -16.2824  -16.2712  -16.2505  -16.2210  -16.2029  -16.1843  -16.1834  -16.1722  -16.1605  -16.1582  -16.1489  -16.0821  -16.0811  -12.0678  -10.9893  -10.9348  -10.3358  -10.2781  -10.1760  -10.1041  -10.0753   -6.3994   -5.5888   -5.4914   -4.7840   -3.7426   -3.6595   -3.5598   -3.3803   -3.2610   -2.7111   -2.6828   -2.3571   -2.2649   -2.1735   -1.9460   -1.8461   -1.6714   -1.5758   -1.4784   -1.4280   -1.2060   -0.3294   -0.2976   -0.2378    1.8635    2.0012    2.1417    3.1924    3.2466    3.3614    3.7222    3.7778    3.7940    3.8776    3.9687    4.1858    4.4212    4.5877    4.6113    4.7633    4.8543    4.9949    5.1035    5.3149    5.4851    5.6473    5.9926    6.2037    6.2736    6.4287    6.4962    6.7930
  0.0606  -37.6044  -37.5944  -37.5930  -37.5929  -18.5460  -18.5130  -18.4908  -18.4445  -18.4340  -18.4241  -18.4012  -18.3912  -18.3902  -18.3458  -18.3118  -18.2988  -16.3897  -16.3880  -16.3629  -16.3342  -16.3219  -16.2948  -16.2833  -16.2763  -16.2711  -16.2491  -16.2215  -16.2034  -16.1844  -16.1835  -16.1721  -16.1612  -16.1576  -16.1489  -16.0821  -16.0811  -12.0571  -11.0875  -10.8449  -10.3334  -10.2790  -10.1835  -10.1014  -10.0760   -6.3855   -5.6055   -5.4757   -4.7735   -3.8307   -3.6562   -3.4668   -3.3789   -3.2599   -2.7041   -2.6950   -2.3435   -2.2531   -2.1607   -1.9633   -1.8916   -1.6774   -1.5279   -1.4924   -1.4622   -1.1935   -0.3848   -0.3432   -0.2673    1.9348    2.0622    2.1683    3.1868    3.2585    3.3625    3.7103    3.7175    3.8524    3.9152    4.0145    4.2366    4.3658    4.5591    4.6673    4.7037    4.8806    5.0070    5.0959    5.2420    5.5509    5.6803    5.9551    6.1838    6.2670    6.3547    6.5585    6.8811
  0.1212  -37.6040  -37.5954  -37.5929  -37.5924  -18.5420  -18.5077  -18.4838  -18.4464  -18.4399  -18.4283  -18.4026  -18.3900  -18.3812  -18.3506  -18.3135  -18.3064  -16.3897  -16.3881  -16.3611  -16.3330  -16.3229  -16.3035  -16.2833  -16.2755  -16.2650  -16.2457  -16.2228  -16.2052  -16.1844  -16.1837  -16.1718  -16.1625  -16.1565  -16.1492  -16.0820  -16.0811  -12.0253  -11.2140  -10.7417  -10.3266  -10.2812  -10.2056  -10.0949  -10.0780   -6.3450   -5.6515   -5.4296   -4.7545   -3.9521   -3.6519   -3.3767   -3.3580   -3.2156   -2.7181   -2.6841   -2.3121   -2.2393   -2.1235   -2.0354   -1.9491   -1.6566   -1.5619   -1.5212   -1.4686   -1.1436   -0.6119   -0.4037   -0.3327    2.1345    2.2078    2.2395    3.1741    3.2750    3.3759    3.6524    3.6898    3.8979    4.0406    4.1405    4.2950    4.3508    4.4776    4.5932    4.7663    4.9065    5.0144    5.0630    5.1381    5.6211    5.7151    5.8798    6.0764    6.1366    6.2802    6.3976    6.6896
  0.1818  -37.6033  -37.5965  -37.5927  -37.5921  -18.5356  -18.4993  -18.4731  -18.4606  -18.4352  -18.4320  -18.4051  -18.3880  -18.3752  -18.3557  -18.3176  -18.3164  -16.3897  -16.3884  -16.3581  -16.3313  -16.3252  -16.3114  -16.2834  -16.2777  -16.2567  -16.2410  -16.2250  -16.2082  -16.1844  -16.1840  -16.1712  -16.1639  -16.1553  -16.1496  -16.0818  -16.0811  -11.9733  -11.3439  -10.6470  -10.3173  -10.2835  -10.2407  -10.0876  -10.0802   -6.2808   -5.7188   -5.3556   -4.7561   -4.0367   -3.6641   -3.3757   -3.3314   -3.0694   -2.7241   -2.6503   -2.2865   -2.2725   -2.1301   -2.0666   -1.9672   -1.6844   -1.5838   -1.5645   -1.4562   -1.0527   -0.9060   -0.5393   -0.3937    2.3284    2.3325    2.4691    3.1646    3.2678    3.4161    3.6041    3.6877    3.8728    4.2048    4.2378    4.3220    4.4192    4.4447    4.6077    4.7800    4.8391    4.8614    5.1494    5.1699    5.6387    5.6574    5.8891    6.0181    6.1652    6.2681    6.3416    6.5652
  0.2425  -37.6024  -37.5977  -37.5925  -37.5920  -18.5268  -18.4887  -18.4754  -18.4600  -18.4438  -18.4211  -18.4102  -18.3850  -18.3776  -18.3566  -18.3295  -18.3204  -16.3896  -16.3887  -16.3539  -16.3295  -16.3291  -16.3172  -16.2834  -16.2798  -16.2489  -16.2354  -16.2280  -16.2123  -16.1845  -16.1843  -16.1704  -16.1654  -16.1541  -16.1503  -16.0816  -16.0811  -11.9023  -11.4727  -10.5606  -10.3088  -10.2859  -10.2856  -10.0823  -10.0816   -6.1974   -5.8018   -5.2576   -4.8042   -4.0578   -3.7167   -3.3689   -3.3247   -2.8909   -2.6893   -2.5970   -2.3603   -2.2984   -2.2137   -1.9977   -1.9479   -1.7931   -1.5969   -1.5003   -1.4491   -1.2384   -0.9113   -0.7179   -0.4653    2.4201    2.4415    2.8295    3.1665    3.2510    3.4710    3.5813    3.7128    3.7934    4.1141    4.2443    4.4561    4.4961    4.5164    4.6505    4.7139    4.7675    4.8721    5.2143    5.3092    5.5861    5.6210    5.8869    5.8918    6.1091    6.2487    6.4363    6.6237
  0.3031  -37.6014  -37.5990  -37.5923  -37.5920  -18.5160  -18.4899  -18.4769  -18.4539  -18.4457  -18.4192  -18.4081  -18.3854  -18.3801  -18.3616  -18.3341  -18.3252  -16.3895  -16.3890  -16.3486  -16.3357  -16.3266  -16.3210  -16.2831  -16.2814  -16.2422  -16.2318  -16.2294  -16.2174  -16.1845  -16.1844  -16.1694  -16.1668  -16.1530  -16.1510  -16.0814  -16.0812  -11.8142  -11.5964  -10.4818  -10.3459  -10.2967  -10.2879  -10.0816  -10.0802   -6.1010   -5.8965   -5.1420   -4.8984   -4.0127   -3.8116   -3.3520   -3.3242   -2.7205   -2.6103   -2.5188   -2.4676   -2.3641   -2.2926   -1.9189   -1.9168   -1.8495   -1.6007   -1.5844   -1.4889   -1.2939   -0.9141   -0.7838   -0.5550    2.4832    2.5018    3.1487    3.1782    3.2761    3.5322    3.5647    3.7052    3.7731    3.9738    4.2718    4.3334    4.4286    4.4865    4.6186    4.7558    5.0042    5.0057    5.3598    5.3950    5.4983    5.6894    5.7684    5.8545    6.0038    6.1888    6.3111    6.5994
  0.3637  -37.6002  -37.6002  -37.5921  -37.5921  -18.5036  -18.5036  -18.4651  -18.4651  -18.4316  -18.4316  -18.3954  -18.3954  -18.3721  -18.3721  -18.3305  -18.3305  -16.3893  -16.3893  -16.3424  -16.3424  -16.3239  -16.3239  -16.2825  -16.2825  -16.2365  -16.2365  -16.2233  -16.2232  -16.1845  -16.1845  -16.1682  -16.1682  -16.1520  -16.1519  -16.0813  -16.0812  -11.7113  -11.7113  -10.4100  -10.4100  -10.2913  -10.2913  -10.0806  -10.0805   -5.9983   -5.9983   -5.0177   -5.0177   -3.9213   -3.9213   -3.3340   -3.3340   -2.5832   -2.5832   -2.5094   -2.5094   -2.3774   -2.3774   -1.8911   -1.8911   -1.7749   -1.7749   -1.5674   -1.5674   -1.1109   -1.1109   -0.6623   -0.6623    2.5129    2.5129    3.1900    3.1900    3.4806    3.4808    3.6081    3.6081    3.8671    3.8672    4.2910    4.2911    4.3499    4.3499    4.7223    4.7223    5.1937    5.1937    5.2760    5.2767    5.7011    5.7040    5.7445    5.7500    5.9573    5.9658    6.1393    6.1652
  0.3637  -37.5989  -37.5988  -37.5935  -37.5935  -18.5452  -18.5452  -18.4387  -18.4386  -18.4307  -18.4307  -18.4073  -18.4073  -18.3585  -18.3585  -18.3161  -18.3161  -16.3889  -16.3889  -16.3544  -16.3544  -16.3093  -16.3092  -16.2822  -16.2822  -16.2571  -16.2571  -16.2087  -16.2087  -16.1836  -16.1836  -16.1659  -16.1659  -16.1531  -16.1531  -16.0808  -16.0808  -11.5718  -11.5718  -10.6265  -10.6265  -10.3232  -10.3232  -10.0826  -10.0825   -5.6784   -5.6784   -5.2408   -5.2408   -3.9112   -3.9112   -2.9960   -2.9960   -2.7534   -2.7534   -2.4579   -2.4579   -2.1942   -2.1942   -2.0022   -2.0022   -1.7132   -1.7132   -1.4076   -1.4076   -1.0261   -1.0261   -0.9602   -0.9602    1.6097    1.6098    2.5895    2.5895    3.0188    3.0188    3.4951    3.4951    4.2477    4.2477    4.5837    4.5838    4.7866    4.7869    5.1335    5.1343    5.3336    5.3339    5.4826    5.4964    5.7753    5.7791    6.1074    6.1469    6.2434    6.4734    6.7236    6.8119
  0.4242  -37.6001  -37.5976  -37.5936  -37.5934  -18.5440  -18.5433  -18.4597  -18.4414  -18.4267  -18.4149  -18.4074  -18.4033  -18.3608  -18.3584  -18.3212  -18.3115  -16.3892  -16.3886  -16.3575  -16.3508  -16.3118  -16.3065  -16.2828  -16.2812  -16.2594  -16.2552  -16.2108  -16.2069  -16.1838  -16.1834  -16.1672  -16.1646  -16.1542  -16.1521  -16.0809  -16.0807  -11.6908  -11.4471  -10.6956  -10.5609  -10.3350  -10.3015  -10.0834  -10.0823   -5.7921   -5.5925   -5.3120   -5.1613   -3.9865   -3.8088   -3.2524   -2.8209   -2.7417   -2.6831   -2.5486   -2.4530   -2.1968   -2.1608   -2.0623   -1.8899   -1.7723   -1.6530   -1.4368   -1.3934   -1.1734   -1.0921   -0.8600   -0.8395    1.6524    1.6775    2.4790    2.6877    2.9190    3.1243    3.4982    3.4985    4.1751    4.3046    4.5110    4.6305    4.7451    4.8396    5.0615    5.1108    5.1894    5.1917    5.5152    5.6472    5.7347    5.8239    6.0042    6.1383    6.1865    6.4758    6.6524    6.7610
  0.4846  -37.6013  -37.5964  -37.5936  -37.5934  -18.5400  -18.5385  -18.4823  -18.4470  -18.4208  -18.4114  -18.4072  -18.3872  -18.3657  -18.3583  -18.3267  -18.3074  -16.3894  -16.3883  -16.3599  -16.3470  -16.3143  -16.3037  -16.2831  -16.2799  -16.2622  -16.2537  -16.2130  -16.2055  -16.1840  -16.1833  -16.1685  -16.1635  -16.1552  -16.1512  -16.0811  -16.0808  -11.7988  -11.3235  -10.7619  -10.5066  -10.3309  -10.2748  -10.0851  -10.0822   -5.9263   -5.5349   -5.3751   -5.0779   -4.0248   -3.7033   -3.4566   -2.8342   -2.7430   -2.6644   -2.5621   -2.4674   -2.1807   -2.1556   -2.0653   -1.8063   -1.6762   -1.6082   -1.4751   -1.3902   -1.3416   -1.1781   -0.7319   -0.6925    1.7738    1.8446    2.4097    2.6807    2.8796    3.2234    3.4970    3.5180    4.0934    4.3159    4.4181    4.6617    4.7191    4.7966    4.9255    4.9358    5.0601    5.1787    5.5748    5.5995    5.6845    5.6961    6.0863    6.1602    6.2430    6.4119    6.4556    6.5469
  0.5451  -37.6024  -37.5953  -37.5937  -37.5933  -18.5339  -18.5319  -18.5017  -18.4513  -18.4167  -18.4119  -18.4062  -18.3793  -18.3727  -18.3510  -18.3318  -18.3037  -16.3895  -16.3881  -16.3617  -16.3432  -16.3166  -16.3007  -16.2831  -16.2787  -16.2653  -16.2526  -16.2153  -16.2044  -16.1841  -16.1833  -16.1697  -16.1625  -16.1562  -16.1504  -16.0814  -16.0809  -11.8920  -11.2092  -10.8208  -10.4663  -10.3103  -10.2469  -10.0879  -10.0818   -6.0671   -5.5022   -5.4340   -4.9948   -4.0225   -3.6961   -3.4989   -2.8550   -2.8432   -2.7366   -2.6965   -2.3674   -2.1851   -2.1448   -2.0261   -1.7625   -1.5923   -1.5124   -1.4933   -1.4269   -1.3841   -1.2111   -0.6019   -0.5606    1.8855    2.0584    2.4538    2.5646    2.8942    3.3122    3.4837    3.5369    4.0266    4.2791    4.3547    4.5173    4.5201    4.6619    4.9090    4.9862    5.0363    5.1892    5.4064    5.4473    5.6609    5.8801    5.9748    6.0561    6.2334    6.3059    6.4610    6.5157
  0.6055  -37.6033  -37.5944  -37.5937  -37.5933  -18.5294  -18.5269  -18.5114  -18.4533  -18.4163  -18.4135  -18.4037  -18.3831  -18.3806  -18.3397  -18.3332  -18.3006  -16.3896  -16.3880  -16.3627  -16.3398  -16.3186  -16.2974  -16.2829  -16.2779  -16.2684  -16.2517  -16.2175  -16.2036  -16.1842  -16.1833  -16.1707  -16.1616  -16.1570  -16.1497  -16.0816  -16.0810  -11.9673  -11.1136  -10.8693  -10.4318  -10.2853  -10.2204  -10.0920  -10.0806   -6.1985   -5.4905   -5.4887   -4.9158   -3.9802   -3.7629   -3.4137   -3.0029   -2.9677   -2.8375   -2.6575   -2.4217   -2.2054   -2.0322   -2.0066   -1.7147   -1.6863   -1.5890   -1.4809   -1.3937   -1.3389   -0.9736   -0.4820   -0.4502    1.9111    2.2022    2.4202    2.6546    2.9713    3.3845    3.4653    3.4972    4.0274    4.1851    4.2426    4.3377    4.3491    4.5673    4.9566    4.9819    5.0905    5.1091    5.3426    5.3842    5.6779    5.7657    5.8612    5.9335    6.1374    6.1731    6.4855    6.5983
  0.6660  -37.6040  -37.5938  -37.5937  -37.5932  -18.5377  -18.5206  -18.5053  -18.4522  -18.4197  -18.4163  -18.4009  -18.3898  -18.3871  -18.3413  -18.3223  -18.2982  -16.3897  -16.3880  -16.3633  -16.3370  -16.3202  -16.2939  -16.2827  -16.2785  -16.2705  -16.2510  -16.2193  -16.2032  -16.1843  -16.1834  -16.1716  -16.1610  -16.1577  -16.1493  -16.0819  -16.0811  -12.0226  -11.0438  -10.9052  -10.3943  -10.2703  -10.1979  -10.0970  -10.0785   -6.3053   -5.5406   -5.4871   -4.8478   -3.8988   -3.7832   -3.3450   -3.1901   -3.1600   -2.8168   -2.5775   -2.5147   -2.2053   -2.0462   -1.9297   -1.8233   -1.6885   -1.5942   -1.4540   -1.4339   -1.2831   -0.6410   -0.3844   -0.3657    1.8920    2.1757    2.2781    2.9205    3.1813    3.3959    3.4290    3.5100    3.9699    4.0583    4.1248    4.1683    4.4093    4.5781    4.8003    4.9483    4.9960    5.0832    5.3468    5.3892    5.4498    5.7037    5.8449    5.9134    6.2564    6.4024    6.4608    6.6417
  0.7264  -37.6044  -37.5938  -37.5934  -37.5931  -18.5448  -18.5163  -18.4969  -18.4486  -18.4249  -18.4208  -18.3992  -18.3950  -18.3907  -18.3433  -18.3141  -18.2967  -16.3897  -16.3880  -16.3635  -16.3352  -16.3212  -16.2902  -16.2824  -16.2811  -16.2712  -16.2506  -16.2206  -16.2029  -16.1843  -16.1834  -16.1721  -16.1606  -16.1581  -16.1490  -16.0821  -16.0811  -12.0564  -11.0027  -10.9273  -10.3562  -10.2713  -10.1820  -10.1019  -10.0763   -6.3751   -5.5760   -5.4898   -4.8008   -3.7791   -3.7622   -3.4062   -3.3414   -3.2553   -2.7686   -2.6094   -2.4612   -2.1946   -2.1488   -1.9139   -1.8664   -1.6761   -1.5826   -1.4665   -1.4347   -1.2283   -0.3911   -0.3201   -0.2983    1.8714    2.0616    2.1775    3.1249    3.2648    3.3724    3.5654    3.6419    3.8470    3.9557    4.0322    4.1488    4.4952    4.6053    4.6190    4.8412    4.8927    4.9809    5.2258    5.3304    5.4431    5.6966    5.9566    6.0027    6.3654    6.3926    6.4837    6.7150
  0.7869  -37.6045  -37.5938  -37.5933  -37.5931  -18.5474  -18.5148  -18.4933  -18.4460  -18.4275  -18.4237  -18.3987  -18.3968  -18.3916  -18.3439  -18.3112  -18.2962  -16.3897  -16.3880  -16.3635  -16.3346  -16.3216  -16.2878  -16.2833  -16.2824  -16.2712  -16.2505  -16.2210  -16.2029  -16.1843  -16.1834  -16.1722  -16.1605  -16.1582  -16.1489  -16.0821  -16.0811  -12.0678  -10.9893  -10.9348  -10.3358  -10.2781  -10.1760  -10.1041  -10.0753   -6.3994   -5.5888   -5.4914   -4.7840   -3.7426   -3.6595   -3.5598   -3.3803   -3.2610   -2.7111   -2.6828   -2.3571   -2.2649   -2.1735   -1.9460   -1.8461   -1.6714   -1.5758   -1.4784   -1.4280   -1.2060   -0.3294   -0.2976   -0.2378    1.8635    2.0012    2.1417    3.1924    3.2466    3.3617    3.7222    3.7777    3.7938    3.8776    3.9687    4.1858    4.4212    4.5877    4.6113    4.7633    4.8543    4.9947    5.1037    5.3150    5.4881    5.6454    5.9845    6.2107    6.3502    6.4474    6.6015    6.8803
  0.7869  -37.6045  -37.5938  -37.5933  -37.5931  -18.5474  -18.5148  -18.4933  -18.4460  -18.4275  -18.4237  -18.3987  -18.3968  -18.3916  -18.3439  -18.3112  -18.2962  -16.3897  -16.3880  -16.3635  -16.3346  -16.3216  -16.2878  -16.2833  -16.2824  -16.2712  -16.2505  -16.2210  -16.2029  -16.1843  -16.1834  -16.1722  -16.1605  -16.1582  -16.1489  -16.0821  -16.0811  -12.0678  -10.9893  -10.9348  -10.3358  -10.2781  -10.1760  -10.1041  -10.0753   -6.3994   -5.5888   -5.4914   -4.7840   -3.7426   -3.6595   -3.5598   -3.3803   -3.2610   -2.7111   -2.6828   -2.3571   -2.2649   -2.1735   -1.9460   -1.8461   -1.6714   -1.5758   -1.4784   -1.4280   -1.2060   -0.3294   -0.2976   -0.2378    1.8635    2.0012    2.1417    3.1924    3.2466    3.3613    3.7222    3.7777    3.7938    3.8776    3.9687    4.1858    4.4212    4.5877    4.6113    4.7633    4.8543    4.9948    5.1033    5.3175    5.4851    5.6464    5.9931    6.2190    6.2391    6.4463    6.5469    6.7403
  0.8494  -37.6045  -37.5938  -37.5933  -37.5931  -18.5473  -18.5149  -18.4932  -18.4460  -18.4275  -18.4237  -18.3987  -18.3968  -18.3916  -18.3440  -18.3112  -18.2962  -16.3898  -16.3880  -16.3633  -16.3345  -16.3215  -16.2878  -16.2835  -16.2825  -16.2712  -16.2506  -16.2210  -16.2028  -16.1844  -16.1834  -16.1724  -16.1607  -16.1581  -16.1487  -16.0819  -16.0815  -12.0563  -10.9915  -10.9431  -10.3437  -10.2699  -10.1764  -10.1179  -10.0726   -6.3973   -5.6061   -5.4614   -4.7902   -3.7377   -3.6864   -3.5208   -3.4157   -3.2110   -2.7083   -2.6703   -2.3858   -2.2840   -2.1180   -1.9215   -1.8449   -1.6765   -1.5718   -1.4533   -1.4168   -1.2066   -0.4287   -0.3184   -0.2648    1.8688    2.0735    2.1533    3.0813    3.2638    3.4204    3.7152    3.7442    3.8068    3.8124    4.0258    4.0873    4.4252    4.5901    4.6386    4.7629    4.8246    4.9710    5.1850    5.3723    5.4019    5.6907    5.8446    5.8854    6.3744    6.4687    6.5599    6.7610
  0.9119  -37.6045  -37.5938  -37.5933  -37.5931  -18.5470  -18.5151  -18.4932  -18.4462  -18.4274  -18.4237  -18.3987  -18.3968  -18.3916  -18.3440  -18.3112  -18.2962  -16.3900  -16.3879  -16.3627  -16.3344  -16.3210  -16.2880  -16.2841  -16.2830  -16.2711  -16.2509  -16.2210  -16.2028  -16.1845  -16.1834  -16.1729  -16.1611  -16.1576  -16.1483  -16.0824  -16.0813  -12.0224  -10.9976  -10.9687  -10.3590  -10.2542  -10.1797  -10.1534  -10.0647   -6.3906   -5.6545   -5.3779   -4.8074   -3.7236   -3.7144   -3.4669   -3.4543   -3.1179   -2.7240   -2.6101   -2.4619   -2.2683   -2.0351   -1.8689   -1.8489   -1.6749   -1.5452   -1.3943   -1.3837   -1.2051   -0.6939   -0.3778   -0.3291    1.8846    2.1230    2.2969    2.8893    3.3233    3.4550    3.6616    3.6683    3.6963    3.8240    3.9581    4.0823    4.4300    4.5418    4.5993    4.7271    4.9648    4.9698    5.2528    5.2861    5.4829    5.5749    5.6685    5.7433    6.2627    6.4905    6.6210    6.7653
  0.9744  -37.6045  -37.5938  -37.5933  -37.5931  -18.5466  -18.5154  -18.4930  -18.4464  -18.4274  -18.4237  -18.3987  -18.3968  -18.3915  -18.3440  -18.3112  -18.2962  -16.3902  -16.3879  -16.3617  -16.3342  -16.3204  -16.2882  -16.2850  -16.2836  -16.2710  -16.2514  -16.2209  -16.2027  -16.1846  -16.1833  -16.1734  -16.1617  -16.1570  -16.1477  -16.0838  -16.0805  -11.9685  -11.0127  -11.0062  -10.3738  -10.2396  -10.2136  -10.1722  -10.0525   -6.3785   -5.7253   -5.2589   -4.8318   -3.7077   -3.7022   -3.5083   -3.3885   -3.0121   -2.7550   -2.5410   -2.5109   -2.2279   -1.9837   -1.8693   -1.8113   -1.6544   -1.4685   -1.3298   -1.3243   -1.1947   -1.0397   -0.4686   -0.4233    1.9115    2.1247    2.4843    2.6951    3.3565    3.4250    3.5041    3.5203    3.6797    3.8233    3.9400    4.0665    4.3221    4.4856    4.6035    4.8208    4.9898    5.0253    5.2279    5.3339    5.4121    5.4697    5.7200    5.7514    6.1572    6.4752    6.6100    6.7812
  1.0370  -37.6045  -37.5938  -37.5933  -37.5931  -18.5462  -18.5157  -18.4929  -18.4466  -18.4273  -18.4237  -18.3987  -18.3967  -18.3915  -18.3441  -18.3112  -18.2962  -16.3905  -16.3879  -16.3605  -16.3341  -16.3198  -16.2884  -16.2860  -16.2844  -16.2710  -16.2519  -16.2209  -16.2026  -16.1848  -16.1833  -16.1740  -16.1622  -16.1565  -16.1472  -16.0853  -16.0795  -11.8990  -11.0744  -11.0157  -10.3858  -10.2653  -10.2289  -10.1741  -10.0380   -6.3605   -5.8064   -5.1312   -4.8582   -3.6765   -3.6494   -3.5393   -3.3289   -2.9039   -2.7947   -2.6060   -2.3891   -2.1772   -1.9938   -1.9068   -1.7429   -1.6539   -1.3856   -1.3503   -1.2563   -1.2553   -1.1579   -0.5808   -0.5393    1.9523    2.1216    2.5344    2.5972    3.1507    3.3288    3.3311    3.5266    3.6774    3.8645    4.0065    4.0083    4.0453    4.6133    4.7348    4.8593    4.9865    5.0388    5.2847    5.2975    5.4025    5.5239    5.6524    5.9354    6.0928    6.4636    6.5140    6.7715
  1.0995  -37.6045  -37.5938  -37.5933  -37.5931  -18.5459  -18.5159  -18.4928  -18.4467  -18.4272  -18.4238  -18.3986  -18.3967  -18.3914  -18.3441  -18.3112  -18.2962  -16.3908  -16.3878  -16.3594  -16.3339  -16.3193  -16.2886  -16.2869  -16.2852  -16.2709  -16.2523  -16.2208  -16.2025  -16.1850  -16.1832  -16.1743  -16.1626  -16.1561  -16.1468  -16.0867  -16.0787  -11.8224  -11.1472  -11.0241  -10.3943  -10.3082  -10.2221  -10.1746  -10.0244   -6.3380   -5.8841   -5.0229   -4.8819   -3.6501   -3.5632   -3.5341   -3.2782   -2.8360   -2.8066   -2.6502   -2.2631   -2.1312   -2.0314   -1.9762   -1.8402   -1.6825   -1.5036   -1.2314   -1.1958   -1.1631   -1.1045   -0.7041   -0.6668    2.0139    2.1159    2.4268    2.6355    2.9268    3.1363    3.1985    3.5063    3.6294    3.8122    3.8503    4.0440    4.2761    4.7710    4.8024    4.8175    5.0167    5.1605    5.1913    5.2812    5.5515    5.6134    5.6825    6.0439    6.0948    6.3431    6.4121    6.6716
  1.1620  -37.6045  -37.5938  -37.5933  -37.5931  -18.5456  -18.5161  -18.4927  -18.4468  -18.4272  -18.4238  -18.3986  -18.3967  -18.3914  -18.3441  -18.3112  -18.2962  -16.3909  -16.3878  -16.3586  -16.3338  -16.3189  -16.2887  -16.2876  -16.2858  -16.2709  -16.2525  -16.2208  -16.2025  -16.1852  -16.1832  -16.1745  -16.1629  -16.1558  -16.1466  -16.0876  -16.0781  -11.7553  -11.2135  -11.0299  -10.3994  -10.3354  -10.2185  -10.1749  -10.0148   -6.3166   -5.9429   -4.9522   -4.8995   -3.6255   -3.5834   -3.3875   -3.2446   -2.8693   -2.7435   -2.6665   -2.1886   -2.1419   -2.1199   -2.0454   -1.9697   -1.6458   -1.4997   -1.1539   -1.1429   -1.0597   -1.0244   -0.8286   -0.7964    2.1014    2.1099    2.3689    2.6366    2.7273    2.9640    3.1244    3.4603    3.5716    3.7241    3.8236    4.0716    4.5987    4.7847    4.8013    4.8693    4.9996    5.1802    5.2244    5.4302    5.6231    5.6850    5.7984    6.0005    6.0663    6.1231    6.2363    6.5682
  1.2245  -37.6045  -37.5938  -37.5933  -37.5931  -18.5455  -18.5162  -18.4926  -18.4469  -18.4271  -18.4238  -18.3986  -18.3967  -18.3914  -18.3442  -18.3112  -18.2962  -16.3910  -16.3878  -16.3583  -16.3338  -16.3188  -16.2887  -16.2878  -16.2860  -16.2709  -16.2526  -16.2208  -16.2025  -16.1852  -16.1832  -16.1746  -16.1630  -16.1557  -16.1465  -16.0879  -16.0779  -11.7264  -11.2424  -11.0319  -10.4010  -10.3446  -10.2174  -10.1750  -10.0113   -6.3070   -5.9656   -4.9242   -4.9099   -3.6063   -3.6006   -3.3012   -3.2406   -2.8824   -2.7290   -2.6618   -2.3019   -2.1287   -2.0805   -2.0391   -2.0212   -1.6342   -1.4955   -1.1392   -1.1074   -0.9692   -0.9297   -0.9195   -0.9182    2.1072    2.1647    2.3415    2.6321    2.6329    2.8971    3.1016    3.4394    3.5505    3.6995    3.8128    4.0855    4.7684    4.7849    4.8042    4.8622    5.0031    5.1605    5.2262    5.5762    5.6671    5.7866    5.8029    5.8433    5.9490    6.0939    6.1597    6.7222
  1.2245  -37.5967  -37.5967  -37.5957  -37.5957  -18.4924  -18.4924  -18.4679  -18.4679  -18.4201  -18.4201  -18.4192  -18.4192  -18.3670  -18.3670  -18.3319  -18.3319  -16.3893  -16.3893  -16.3396  -16.3396  -16.3306  -16.3305  -16.2873  -16.2873  -16.2317  -16.2317  -16.2222  -16.2222  -16.1839  -16.1839  -16.1683  -16.1683  -16.1512  -16.1512  -16.0823  -16.0822  -11.3949  -11.3949  -10.7950  -10.7950  -10.3012  -10.3012  -10.2045  -10.2045   -5.5313   -5.5313   -5.3478   -5.3478   -3.2933   -3.2933   -3.2912   -3.2911   -2.7875   -2.7875   -2.3337   -2.3337   -2.2135   -2.2135   -1.8720   -1.8720   -1.4950   -1.4950   -1.4871   -1.4871   -1.2704   -1.2704   -1.2600   -1.2600    2.2974    2.2974    2.6663    2.6663    3.1443    3.1444    3.3199    3.3199    3.4115    3.4115    3.7764    3.7764    4.5632    4.5632    4.6731    4.6731    5.0505    5.0506    5.0593    5.0602    5.5306    5.5359    5.9802    6.0422    6.2271    6.2737    6.3638    6.4296
  1.2789  -37.5972  -37.5967  -37.5956  -37.5952  -18.4965  -18.4931  -18.4684  -18.4629  -18.4238  -18.4203  -18.4186  -18.4154  -18.3682  -18.3669  -18.3317  -18.3308  -16.3893  -16.3892  -16.3406  -16.3396  -16.3302  -16.3296  -16.2873  -16.2871  -16.2329  -16.2321  -16.2220  -16.2212  -16.1839  -16.1838  -16.1685  -16.1682  -16.1513  -16.1512  -16.0824  -16.0820  -11.4024  -11.3921  -10.8028  -10.7867  -10.3142  -10.3045  -10.2002  -10.1842   -5.5639   -5.5562   -5.3195   -5.3131   -3.3504   -3.2933   -3.2722   -3.2233   -2.8226   -2.7984   -2.4089   -2.3396   -2.2051   -2.1376   -1.8812   -1.8717   -1.5503   -1.5185   -1.4997   -1.4652   -1.3068   -1.2957   -1.2116   -1.1859    2.2912    2.2989    2.5967    2.6718    3.1066    3.1385    3.2634    3.3946    3.4609    3.4921    3.7993    3.8354    4.4695    4.5527    4.7040    4.7996    4.9421    4.9672    5.1610    5.2074    5.5083    5.5573    5.9555    6.0086    6.1898    6.2849    6.3870    6.5418
  1.3333  -37.5980  -37.5966  -37.5955  -37.5946  -18.5037  -18.4948  -18.4704  -18.4535  -18.4278  -18.4204  -18.4172  -18.4110  -18.3714  -18.3666  -18.3314  -18.3281  -16.3893  -16.3892  -16.3427  -16.3396  -16.3294  -16.3273  -16.2874  -16.2865  -16.2357  -16.2333  -16.2216  -16.2190  -16.1839  -16.1837  -16.1688  -16.1680  -16.1516  -16.1510  -16.0826  -16.0815  -11.4257  -11.3838  -10.8227  -10.7626  -10.3313  -10.3120  -10.1898  -10.1472   -5.6288   -5.6017   -5.2635   -5.2441   -3.3982   -3.2996   -3.2235   -3.1432   -2.9106   -2.8193   -2.5194   -2.3528   -2.1917   -2.0425   -1.9132   -1.8776   -1.5991   -1.5635   -1.5269   -1.4552   -1.3321   -1.2849   -1.1630   -1.1096    2.2519    2.2900    2.5148    2.6822    3.0758    3.1036    3.2887    3.4254    3.5382    3.6059    3.8667    4.0134    4.4335    4.5250    4.7568    4.8634    4.9023    5.0181    5.2687    5.3780    5.4605    5.5971    5.8640    6.0162    6.1327    6.3276    6.3720    6.6298
  1.3878  -37.5988  -37.5966  -37.5952  -37.5940  -18.5104  -18.4974  -18.4741  -18.4453  -18.4306  -18.4197  -18.4151  -18.4058  -18.3758  -18.3660  -18.3313  -18.3245  -16.3894  -16.3892  -16.3452  -16.3395  -16.3280  -16.3245  -16.2875  -16.2856  -16.2391  -16.2350  -16.2211  -16.2166  -16.1840  -16.1836  -16.1694  -16.1677  -16.1520  -16.1508  -16.0830  -16.0808  -11.4668  -11.3701  -10.8455  -10.7244  -10.3361  -10.3199  -10.1770  -10.1153   -5.7014   -5.6405   -5.2094   -5.1690   -3.4405   -3.3301   -3.1652   -3.0846   -2.9808   -2.8238   -2.6252   -2.3692   -2.1928   -2.0477   -1.9154   -1.8854   -1.6330   -1.5747   -1.5427   -1.4173   -1.3607   -1.2742   -1.1294   -1.0646    2.1398    2.2966    2.5448    2.6911    3.0541    3.0942    3.3754    3.4257    3.5324    3.7072    3.9557    4.2407    4.4659    4.5627    4.7755    4.8617    4.9538    5.1419    5.3620    5.4560    5.5521    5.6567    5.7580    6.0189    6.0925    6.2588    6.4403    6.5584
  1.4422  -37.5997  -37.5965  -37.5950  -37.5935  -18.5156  -18.5007  -18.4795  -18.4426  -18.4308  -18.4181  -18.4122  -18.3985  -18.3803  -18.3648  -18.3319  -18.3206  -16.3894  -16.3891  -16.3479  -16.3393  -16.3263  -16.3217  -16.2875  -16.2846  -16.2428  -16.2369  -16.2208  -16.2141  -16.1841  -16.1835  -16.1699  -16.1671  -16.1526  -16.1505  -16.0834  -16.0800  -11.5263  -11.3513  -10.8613  -10.6748  -10.3290  -10.3242  -10.1643  -10.0963   -5.7772   -5.6637   -5.1701   -5.0966   -3.4930   -3.3850   -3.1811   -3.1017   -2.9193   -2.7877   -2.6867   -2.4053   -2.2108   -2.1119   -1.9213   -1.8593   -1.6898   -1.5658   -1.4965   -1.4051   -1.3625   -1.2666   -1.1060   -1.0512    2.0495    2.3235    2.6232    2.7006    3.0295    3.1294    3.3374    3.5038    3.5424    3.8166    4.0374    4.3005    4.5836    4.6858    4.8369    4.9145    4.9945    5.1859    5.4139    5.5457    5.6081    5.6990    5.7333    5.9756    6.0804    6.3056    6.3962    6.6243
  1.4966  -37.6006  -37.5963  -37.5947  -37.5931  -18.5188  -18.5046  -18.4860  -18.4442  -18.4291  -18.4168  -18.4092  -18.3902  -18.3829  -18.3629  -18.3334  -18.3168  -16.3894  -16.3891  -16.3506  -16.3389  -16.3245  -16.3188  -16.2872  -16.2835  -16.2467  -16.2389  -16.2206  -16.2118  -16.1843  -16.1835  -16.1703  -16.1664  -16.1533  -16.1502  -16.0838  -16.0795  -11.6011  -11.3276  -10.8646  -10.6169  -10.3289  -10.3087  -10.1527  -10.0918   -5.8563   -5.6706   -5.1524   -5.0313   -3.5754   -3.4445   -3.2547   -3.0952   -2.9201   -2.7257   -2.6095   -2.4872   -2.2061   -2.1466   -1.9252   -1.8517   -1.7251   -1.5850   -1.4635   -1.4225   -1.3698   -1.2229   -1.0822   -1.0227    2.0265    2.3621    2.6663    2.7352    2.9875    3.1999    3.2779    3.5078    3.6897    3.9282    4.1097    4.2462    4.7222    4.7408    4.8916    4.9597    5.0911    5.1919    5.3865    5.4760    5.7105    5.7439    5.8868    6.0510    6.2010    6.3460    6.5016    6.7288
  1.5511  -37.6014  -37.5961  -37.5944  -37.5928  -18.5203  -18.5097  -18.4920  -18.4466  -18.4275  -18.4164  -18.4067  -18.3903  -18.3764  -18.3598  -18.3354  -18.3131  -16.3893  -16.3890  -16.3532  -16.3384  -16.3228  -16.3159  -16.2868  -16.2821  -16.2506  -16.2410  -16.2206  -16.2096  -16.1844  -16.1835  -16.1707  -16.1656  -16.1539  -16.1499  -16.0840  -16.0792  -11.6852  -11.2988  -10.8564  -10.5540  -10.3290  -10.2852  -10.1422  -10.0988   -5.9397   -5.6642   -5.1598   -4.9757   -3.6745   -3.5022   -3.2868   -3.1504   -2.9303   -2.6643   -2.6199   -2.4504   -2.1697   -2.1594   -1.9012   -1.8387   -1.7551   -1.6077   -1.5404   -1.4215   -1.3658   -1.2294   -0.9923   -0.9408    2.0764    2.3948    2.6137    2.7876    2.9681    3.2598    3.2938    3.5238    3.8273    3.9855    4.1733    4.2930    4.6681    4.7729    4.8789    4.9966    5.0551    5.2205    5.3636    5.4675    5.6061    5.8581    5.8783    6.1579    6.2653    6.3662    6.4861    6.8090
  1.6055  -37.6022  -37.5958  -37.5941  -37.5927  -18.5207  -18.5158  -18.4963  -18.4487  -18.4261  -18.4173  -18.4047  -18.3923  -18.3711  -18.3539  -18.3370  -18.3097  -16.3893  -16.3889  -16.3557  -16.3377  -16.3216  -16.3127  -16.2862  -16.2805  -16.2548  -16.2430  -16.2207  -16.2077  -16.1845  -16.1835  -16.1710  -16.1647  -16.1546  -16.1496  -16.0839  -16.0793  -11.7714  -11.2649  -10.8418  -10.4898  -10.3286  -10.2611  -10.1320  -10.1108   -6.0272   -5.6494   -5.1931   -4.9295   -3.7647   -3.5463   -3.2952   -3.2298   -2.9438   -2.7216   -2.6022   -2.3698   -2.1876   -2.1137   -1.8580   -1.7958   -1.7333   -1.6652   -1.5901   -1.4400   -1.3846   -1.2454   -0.8583   -0.8214    2.1826    2.3946    2.5080    2.8160    3.0028    3.2424    3.4067    3.5748    3.8092    4.1191    4.1954    4.4601    4.5510    4.7411    4.7531    4.9541    5.0721    5.1425    5.3174    5.4370    5.5724    5.8030    5.9922    6.2353    6.3251    6.4919    6.6102    6.8019
  1.6599  -37.6028  -37.5955  -37.5938  -37.5926  -18.5247  -18.5181  -18.4984  -18.4500  -18.4251  -18.4192  -18.4033  -18.3933  -18.3711  -18.3481  -18.3349  -18.3066  -16.3894  -16.3887  -16.3580  -16.3370  -16.3209  -16.3090  -16.2856  -16.2787  -16.2591  -16.2449  -16.2207  -16.2062  -16.1846  -16.1835  -16.1713  -16.1638  -16.1553  -16.1493  -16.0836  -16.0797  -11.8534  -11.2256  -10.8283  -10.4281  -10.3296  -10.2410  -10.1242  -10.1165   -6.1169   -5.6317   -5.2479   -4.8909   -3.8295   -3.5743   -3.3188   -3.2789   -2.9984   -2.7720   -2.5779   -2.3312   -2.2113   -2.0859   -1.8882   -1.7987   -1.7252   -1.6020   -1.5535   -1.4573   -1.3668   -1.2455   -0.7168   -0.6872    2.2463    2.3736    2.4434    2.8185    3.0542    3.2414    3.5169    3.6132    3.7732    4.1797    4.2647    4.4109    4.5365    4.5690    4.7841    4.9014    5.0425    5.1395    5.2012    5.3538    5.6681    5.7383    6.0520    6.1381    6.2971    6.3756    6.5415    6.6088
  1.7143  -37.6034  -37.5951  -37.5936  -37.5926  -18.5319  -18.5170  -18.4986  -18.4503  -18.4253  -18.4208  -18.4023  -18.3935  -18.3749  -18.3462  -18.3279  -18.3038  -16.3895  -16.3884  -16.3600  -16.3362  -16.3208  -16.3048  -16.2849  -16.2770  -16.2634  -16.2467  -16.2208  -16.2049  -16.1846  -16.1835  -16.1717  -16.1629  -16.1560  -16.1491  -16.0831  -16.0803  -11.9263  -11.1810  -10.8240  -10.3734  -10.3320  -10.2264  -10.1219  -10.1068   -6.2041   -5.6153   -5.3151   -4.8575   -3.8611   -3.5990   -3.3570   -3.2940   -3.0874   -2.7847   -2.5845   -2.3247   -2.2207   -2.0659   -1.9480   -1.8498   -1.6929   -1.5979   -1.5201   -1.4598   -1.2429   -1.1434   -0.5824   -0.5546    2.1416    2.3455    2.4779    2.8233    3.1167    3.3045    3.5217    3.6072    3.8763    4.1286    4.2409    4.2962    4.3601    4.5491    4.8680    4.9199    4.9768    5.0439    5.3128    5.3934    5.5636    5.7670    5.9257    6.0907    6.1445    6.3787    6.4404    6.7602
  1.7688  -37.6039  -37.5947  -37.5934  -37.5927  -18.5383  -18.5159  -18.4973  -18.4496  -18.4268  -18.4212  -18.4015  -18.3933  -18.3808  -18.3454  -18.3207  -18.3011  -16.3896  -16.3882  -16.3616  -16.3355  -16.3210  -16.3003  -16.2843  -16.2760  -16.2676  -16.2482  -16.2209  -16.2040  -16.1845  -16.1835  -16.1719  -16.1621  -16.1567  -16.1489  -16.0824  -16.0809  -11.9864  -11.1316  -10.8349  -10.3387  -10.3255  -10.2132  -10.1154  -10.0949   -6.2825   -5.6026   -5.3830   -4.8284   -3.8579   -3.6292   -3.3794   -3.3152   -3.1812   -2.7856   -2.5945   -2.3545   -2.2185   -2.0715   -1.9638   -1.8923   -1.6810   -1.5750   -1.5070   -1.4633   -1.2343   -0.8550   -0.4663   -0.4341    2.0271    2.2742    2.3903    2.9298    3.2212    3.3912    3.4799    3.5796    4.0113    4.0590    4.1123    4.1865    4.2465    4.5573    4.8056    4.8976    4.9596    5.0901    5.3748    5.4813    5.5117    5.6996    5.8060    5.9414    6.1840    6.2970    6.3850    6.8047
  1.8232  -37.6042  -37.5943  -37.5932  -37.5929  -18.5432  -18.5152  -18.4954  -18.4481  -18.4281  -18.4216  -18.4008  -18.3931  -18.3871  -18.3447  -18.3153  -18.2987  -16.3896  -16.3881  -16.3627  -16.3350  -16.3213  -16.2955  -16.2837  -16.2767  -16.2704  -16.2494  -16.2209  -16.2033  -16.1844  -16.1835  -16.1721  -16.1613  -16.1574  -16.1489  -16.0818  -16.0815  -12.0311  -11.0786  -10.8628  -10.3371  -10.2983  -10.1974  -10.1087  -10.0845   -6.3451   -5.5944   -5.4402   -4.8050   -3.8234   -3.6576   -3.4180   -3.3481   -3.2435   -2.7744   -2.6083   -2.3795   -2.2284   -2.1146   -1.9450   -1.8938   -1.6810   -1.5689   -1.4705   -1.4667   -1.2230   -0.5875   -0.3769   -0.3355    1.9375    2.1940    2.2299    3.0502    3.2993    3.4463    3.5195    3.5818    3.9093    3.9851    4.0613    4.1701    4.2788    4.5679    4.7596    4.8390    4.9213    5.0170    5.3406    5.4416    5.5348    5.5928    5.8838    5.9516    6.1884    6.3025    6.4686    6.7420
  1.8776  -37.6044  -37.5940  -37.5932  -37.5931  -18.5463  -18.5149  -18.4939  -18.4466  -18.4281  -18.4227  -18.3999  -18.3945  -18.3911  -18.3441  -18.3122  -18.2969  -16.3897  -16.3880  -16.3633  -16.3347  -16.3215  -16.2908  -16.2832  -16.2799  -16.2712  -16.2502  -16.2210  -16.2030  -16.1844  -16.1835  -16.1722  -16.1608  -16.1580  -16.1488  -16.0820  -16.0813  -12.0585  -11.0250  -10.9032  -10.3363  -10.2829  -10.1824  -10.1050  -10.0777   -6.3854   -5.5901   -5.4781   -4.7894   -3.7708   -3.6707   -3.5004   -3.3727   -3.2594   -2.7451   -2.6442   -2.3721   -2.2488   -2.1572   -1.9445   -1.8617   -1.6755   -1.5728   -1.4759   -1.4376   -1.2113   -0.3950   -0.3195   -0.2668    1.8819    2.0617    2.1608    3.1436    3.2639    3.4104    3.6567    3.6961    3.8213    3.9200    3.9935    4.1535    4.4014    4.6023    4.6725    4.7619    4.8805    4.9612    5.2123    5.3393    5.5069    5.6234    5.9652    6.1060    6.2270    6.4111    6.5281    6.6739
  1.9320  -37.6045  -37.5938  -37.5933  -37.5931  -18.5474  -18.5148  -18.4933  -18.4460  -18.4275  -18.4237  -18.3987  -18.3968  -18.3916  -18.3439  -18.3112  -18.2962  -16.3897  -16.3880  -16.3635  -16.3346  -16.3216  -16.2878  -16.2833  -16.2824  -16.2712  -16.2505  -16.2210  -16.2029  -16.1843  -16.1834  -16.1722  -16.1605  -16.1582  -16.1489  -16.0821  -16.0811  -12.0678  -10.9893  -10.9348  -10.3358  -10.2781  -10.1760  -10.1041  -10.0753   -6.3994   -5.5888   -5.4914   -4.7840   -3.7426   -3.6595   -3.5598   -3.3803   -3.2610   -2.7111   -2.6828   -2.3571   -2.2649   -2.1735   -1.9460   -1.8461   -1.6714   -1.5758   -1.4784   -1.4280   -1.2060   -0.3294   -0.2976   -0.2378    1.8635    2.0012    2.1417    3.1924    3.2466    3.3613    3.7222    3.7780    3.7938    3.8776    3.9687    4.1858    4.4212    4.5877    4.6113    4.7633    4.8543    4.9950    5.1034    5.3158    5.4846    5.6458    5.9835    6.2273    6.2681    6.4327    6.5420    6.7053
  1.9320  -37.6045  -37.5938  -37.5933  -37.5931  -18.5474  -18.5148  -18.4933  -18.4460  -18.4275  -18.4237  -18.3987  -18.3968  -18.3916  -18.3439  -18.3112  -18.2962  -16.3897  -16.3880  -16.3635  -16.3346  -16.3216  -16.2878  -16.2833  -16.2824  -16.2712  -16.2505  -16.2210  -16.2029  -16.1843  -16.1834  -16.1722  -16.1605  -16.1582  -16.1489  -16.0821  -16.0811  -12.0678  -10.9893  -10.9348  -10.3358  -10.2781  -10.1760  -10.1041  -10.0753   -6.3994   -5.5888   -5.4914   -4.7840   -3.7426   -3.6595   -3.5598   -3.3803   -3.2610   -2.7111   -2.6828   -2.3571   -2.2649   -2.1735   -1.9460   -1.8461   -1.6714   -1.5758   -1.4784   -1.4280   -1.2060   -0.3294   -0.2976   -0.2378    1.8635    2.0012    2.1417    3.1924    3.2466    3.3613    3.7222    3.7776    3.7938    3.8776    3.9687    4.1858    4.4212    4.5878    4.6113    4.7633    4.8543    4.9948    5.1033    5.3171    5.4857    5.6473    5.9812    6.2208    6.2519    6.4380    6.5533    6.6732
  1.9872  -37.6045  -37.5938  -37.5934  -37.5931  -18.5463  -18.5155  -18.4948  -18.4472  -18.4263  -18.4223  -18.3989  -18.3961  -18.3913  -18.3437  -18.3124  -18.2964  -16.3897  -16.3880  -16.3634  -16.3348  -16.3214  -16.2892  -16.2824  -16.2823  -16.2711  -16.2505  -16.2209  -16.2028  -16.1844  -16.1834  -16.1722  -16.1606  -16.1581  -16.1488  -16.0819  -16.0814  -12.0580  -10.9924  -10.9349  -10.3372  -10.2843  -10.1828  -10.1061  -10.0784   -6.3841   -5.5856   -5.4776   -4.7951   -3.7422   -3.6901   -3.5028   -3.3703   -3.2599   -2.7544   -2.6300   -2.3826   -2.2482   -2.1535   -1.9392   -1.8519   -1.6735   -1.5896   -1.4707   -1.4306   -1.2170   -0.4132   -0.3063   -0.2681    1.8674    2.0660    2.1607    3.1301    3.2666    3.4252    3.6535    3.6599    3.8230    3.9181    3.9893    4.1406    4.4165    4.5747    4.7086    4.7747    4.8816    4.9500    5.2550    5.3750    5.4936    5.6086    5.9826    6.0867    6.2696    6.3736    6.5548    6.8162
  2.0424  -37.6043  -37.5937  -37.5935  -37.5932  -18.5431  -18.5174  -18.4989  -18.4498  -18.4234  -18.4194  -18.3994  -18.3939  -18.3901  -18.3428  -18.3158  -18.2970  -16.3896  -16.3881  -16.3631  -16.3356  -16.3207  -16.2919  -16.2826  -16.2807  -16.2707  -16.2506  -16.2204  -16.2028  -16.1844  -16.1834  -16.1722  -16.1609  -16.1577  -16.1487  -16.0820  -16.0814  -12.0292  -11.0027  -10.9359  -10.3401  -10.3019  -10.1997  -10.1136  -10.0873   -6.3404   -5.5776   -5.4397   -4.8284   -3.7369   -3.7223   -3.3946   -3.3413   -3.2614   -2.7964   -2.5572   -2.4182   -2.2375   -2.0960   -1.9177   -1.8664   -1.6798   -1.6216   -1.4499   -1.4382   -1.2463   -0.6465   -0.3346   -0.3322    1.8785    2.1891    2.2403    3.0205    3.3063    3.4286    3.4665    3.5444    3.9231    3.9757    4.0455    4.1843    4.3614    4.4517    4.7916    4.8642    4.8899    5.0738    5.4342    5.4684    5.5637    5.5840    5.8216    5.9724    6.2555    6.2946    6.4494    6.8847
  2.0976  -37.6040  -37.5937  -37.5937  -37.5932  -18.5381  -18.5205  -18.5044  -18.4521  -18.4200  -18.4165  -18.4005  -18.3905  -18.3878  -18.3415  -18.3213  -18.2980  -16.3895  -16.3882  -16.3624  -16.3369  -16.3197  -16.2949  -16.2829  -16.2795  -16.2702  -16.2508  -16.2197  -16.2028  -16.1845  -16.1834  -16.1721  -16.1615  -16.1571  -16.1487  -16.0830  -16.0806  -11.9825  -11.0232  -10.9396  -10.3409  -10.3295  -10.2196  -10.1271  -10.1004   -6.2748   -5.5687   -5.3873   -4.8821   -3.7347   -3.7173   -3.2958   -3.2758   -3.2652   -2.8217   -2.4754   -2.4371   -2.2475   -2.0203   -1.8837   -1.8787   -1.6908   -1.6469   -1.4499   -1.4233   -1.2832   -0.9549   -0.4297   -0.3748    1.8960    2.2640    2.3887    2.8876    3.2019    3.2348    3.4129    3.5920    4.0305    4.0650    4.1430    4.2979    4.3096    4.3391    4.8224    4.8468    4.8922    5.1523    5.3388    5.4675    5.7365    5.7413    5.8775    5.9877    6.1769    6.2238    6.4314    6.8047
  2.1527  -37.6036  -37.5941  -37.5937  -37.5933  -18.5320  -18.5243  -18.5096  -18.4535  -18.4172  -18.4144  -18.4021  -18.3862  -18.3841  -18.3399  -18.3284  -18.2994  -16.3894  -16.3885  -16.3615  -16.3386  -16.3183  -16.2977  -16.2834  -16.2787  -16.2695  -16.2511  -16.2188  -16.2029  -16.1846  -16.1833  -16.1719  -16.1621  -16.1565  -16.1487  -16.0840  -16.0796  -11.9201  -11.0561  -10.9474  -10.3688  -10.3328  -10.2376  -10.1436  -10.1155   -6.1957   -5.5637   -5.3356   -4.9523   -3.7280   -3.6749   -3.3086   -3.2366   -3.1235   -2.8279   -2.4356   -2.3850   -2.2811   -1.9367   -1.9043   -1.8190   -1.7131   -1.6406   -1.4629   -1.4135   -1.3092   -1.2540   -0.5475   -0.4328    1.9178    2.3209    2.4765    2.7228    3.0627    3.0944    3.4473    3.5703    4.0885    4.1278    4.1633    4.3177    4.3221    4.3879    4.7427    4.8021    4.9471    4.9956    5.2874    5.5587    5.7891    5.8008    6.1034    6.1201    6.2416    6.2786    6.4747    6.8492
  2.2079  -37.6031  -37.5946  -37.5937  -37.5933  -18.5286  -18.5277  -18.5111  -18.4537  -18.4158  -18.4129  -18.4040  -18.3822  -18.3795  -18.3408  -18.3340  -18.3011  -16.3893  -16.3888  -16.3602  -16.3404  -16.3166  -16.3002  -16.2842  -16.2786  -16.2686  -16.2514  -16.2177  -16.2031  -16.1846  -16.1832  -16.1717  -16.1630  -16.1557  -16.1487  -16.0849  -16.0788  -11.8454  -11.1011  -10.9590  -10.4183  -10.3149  -10.2539  -10.1555  -10.1307   -6.1116   -5.5655   -5.3036   -5.0327   -3.7005   -3.6090   -3.3502   -3.1704   -2.9799   -2.8180   -2.4179   -2.3342   -2.2905   -1.9686   -1.8473   -1.7585   -1.7388   -1.5993   -1.5222   -1.4690   -1.3760   -1.2831   -0.6798   -0.5036    1.9407    2.2938    2.5173    2.5476    3.0135    3.0229    3.4456    3.4847    4.0422    4.1176    4.1398    4.1711    4.3411    4.4139    4.5513    4.8035    5.0611    5.0983    5.4125    5.5493    5.7758    5.7877    6.1782    6.2902    6.4331    6.4943    6.5676    6.7213
  2.2631  -37.6026  -37.5951  -37.5937  -37.5933  -18.5329  -18.5294  -18.5044  -18.4528  -18.4161  -18.4119  -18.4056  -18.3796  -18.3745  -18.3486  -18.3326  -18.3031  -16.3892  -16.3891  -16.3588  -16.3424  -16.3148  -16.3023  -16.2851  -16.2791  -16.2675  -16.2519  -16.2165  -16.2035  -16.1846  -16.1832  -16.1715  -16.1640  -16.1549  -16.1488  -16.0854  -16.0781  -11.7627  -11.1546  -10.9710  -10.4775  -10.2893  -10.2725  -10.1548  -10.1446   -6.0282   -5.5738   -5.3091   -5.1137   -3.6489   -3.5466   -3.3625   -3.1057   -2.8503   -2.7981   -2.3936   -2.3860   -2.2595   -2.0947   -1.7841   -1.7611   -1.6499   -1.5943   -1.5457   -1.4395   -1.3642   -1.2419   -0.8183   -0.5834    1.9589    2.1833    2.3995    2.5580    2.9704    3.0104    3.3564    3.4088    3.8089    3.8729    4.0750    4.1659    4.3802    4.3910    4.4576    4.8781    5.1826    5.2357    5.4638    5.5855    5.6976    5.8232    6.1132    6.2371    6.3164    6.3904    6.4467    6.7222
  2.3183  -37.6019  -37.5958  -37.5936  -37.5934  -18.5368  -18.5336  -18.4931  -18.4508  -18.4181  -18.4113  -18.4065  -18.3809  -18.3697  -18.3558  -18.3296  -18.3054  -16.3894  -16.3891  -16.3572  -16.3444  -16.3128  -16.3037  -16.2860  -16.2803  -16.2660  -16.2527  -16.2151  -16.2042  -16.1844  -16.1831  -16.1714  -16.1651  -16.1541  -16.1490  -16.0854  -16.0779  -11.6778  -11.2118  -10.9770  -10.5436  -10.2932  -10.2661  -10.1522  -10.1408   -5.9484   -5.5845   -5.3596   -5.1872   -3.5780   -3.5460   -3.2808   -3.0513   -2.7802   -2.7504   -2.4601   -2.4443   -2.3425   -2.0325   -1.7929   -1.6960   -1.6050   -1.5895   -1.4598   -1.3543   -1.3147   -1.1944   -0.9512   -0.6677    1.9615    2.0708    2.3107    2.5582    2.9401    2.9451    3.2091    3.3826    3.4730    3.6157    3.9714    4.2463    4.3034    4.4575    4.5385    4.8793    5.1572    5.2881    5.3410    5.5856    5.5948    5.8312    6.0479    6.1394    6.1757    6.3667    6.4583    6.7796
  2.3734  -37.6012  -37.5965  -37.5936  -37.5934  -18.5400  -18.5376  -18.4798  -18.4479  -18.4215  -18.4112  -18.4070  -18.3885  -18.3655  -18.3587  -18.3262  -18.3078  -16.3896  -16.3892  -16.3557  -16.3463  -16.3109  -16.3047  -16.2867  -16.2819  -16.2643  -16.2538  -16.2137  -16.2051  -16.1841  -16.1831  -16.1712  -16.1663  -16.1532  -16.1493  -16.0849  -16.0780  -11.5971  -11.2681  -10.9697  -10.6145  -10.3111  -10.2610  -10.1438  -10.1205   -5.8726   -5.5898   -5.4397   -5.2574   -3.5703   -3.5062   -3.1444   -3.0127   -2.7652   -2.7542   -2.6019   -2.4849   -2.2811   -1.9519   -1.8042   -1.6751   -1.5894   -1.5443   -1.3357   -1.2487   -1.2447   -1.1579   -1.0455   -0.7519    1.9437    1.9947    2.3004    2.4877    2.8177    2.8921    3.0808    3.1588    3.3808    3.4064    3.8939    4.1514    4.3858    4.5509    4.6900    4.8227    5.0298    5.1365    5.2564    5.4801    5.5108    5.7004    5.9518    5.9867    6.2642    6.5780    6.7439    6.9336
  2.4286  -37.6004  -37.5972  -37.5936  -37.5934  -18.5424  -18.5408  -18.4653  -18.4444  -18.4256  -18.4124  -18.4072  -18.3993  -18.3623  -18.3589  -18.3228  -18.3105  -16.3897  -16.3893  -16.3542  -16.3481  -16.3091  -16.3054  -16.2872  -16.2837  -16.2625  -16.2552  -16.2121  -16.2062  -16.1838  -16.1831  -16.1709  -16.1676  -16.1523  -16.1497  -16.0838  -16.0787  -11.5264  -11.3210  -10.9432  -10.6881  -10.3217  -10.2751  -10.1220  -10.1014   -5.8019   -5.5793   -5.5266   -5.3319   -3.5792   -3.4638   -3.0073   -2.9875   -2.8875   -2.7527   -2.5883   -2.5145   -2.2006   -1.9213   -1.7939   -1.6926   -1.5726   -1.5172   -1.2184   -1.1919   -1.1536   -1.1416   -1.0392   -0.8311    1.9259    1.9663    2.3488    2.3624    2.7113    2.7673    2.8404    3.1245    3.1858    3.3958    3.8466    4.0094    4.5051    4.6545    4.7478    4.8695    4.9307    4.9816    5.2212    5.3690    5.3831    5.6164    5.7527    5.7888    6.3755    6.8308    6.9108    6.9864
  2.4838  -37.5996  -37.5980  -37.5935  -37.5935  -18.5437  -18.5429  -18.4506  -18.4405  -18.4298  -18.4199  -18.4072  -18.4058  -18.3601  -18.3586  -18.3194  -18.3133  -16.3897  -16.3894  -16.3527  -16.3497  -16.3076  -16.3059  -16.2871  -16.2853  -16.2605  -16.2568  -16.2106  -16.2075  -16.1835  -16.1832  -16.1704  -16.1687  -16.1515  -16.1502  -16.0825  -16.0797  -11.4675  -11.3699  -10.8964  -10.7624  -10.3225  -10.2956  -10.1009  -10.0897   -5.7375   -5.6066   -5.5441   -5.4098   -3.5616   -3.4744   -2.9846   -2.9624   -2.8847   -2.7638   -2.5665   -2.5355   -2.1048   -1.9448   -1.7666   -1.7199   -1.5673   -1.5420   -1.1486   -1.1334   -1.1019   -1.0963   -0.9922   -0.8990    1.9312    1.9713    2.2620    2.3663    2.6457    2.6526    2.7125    2.9750    3.1868    3.3561    3.8293    3.9017    4.5384    4.6763    4.8384    4.8494    4.9654    5.0553    5.1648    5.2773    5.2902    5.5441    5.5679    5.6350    6.5018    6.8507    7.0030    7.0619
  2.5390  -37.5988  -37.5988  -37.5935  -37.5935  -18.5439  -18.5439  -18.4388  -18.4388  -18.4309  -18.4309  -18.4071  -18.4071  -18.3589  -18.3589  -18.3163  -18.3163  -16.3896  -16.3895  -16.3512  -16.3512  -16.3066  -16.3066  -16.2865  -16.2865  -16.2586  -16.2586  -16.2090  -16.2090  -16.1833  -16.1833  -16.1697  -16.1697  -16.1508  -16.1508  -16.0811  -16.0811  -11.4172  -11.4172  -10.8338  -10.8338  -10.3131  -10.3131  -10.0892  -10.0892   -5.6754   -5.6754   -5.4842   -5.4842   -3.5199   -3.5199   -2.9819   -2.9819   -2.8049   -2.8049   -2.5510   -2.5510   -2.0104   -2.0104   -1.7441   -1.7441   -1.5642   -1.5642   -1.1020   -1.1020   -1.0922   -1.0922   -0.9483   -0.9483    1.9585    1.9585    2.2775    2.2775    2.6299    2.6299    2.7857    2.7857    3.2749    3.2749    3.8445    3.8445    4.5857    4.5858    4.9154    4.9155    5.0153    5.0153    5.1898    5.1899    5.3716    5.3716    5.5524    5.5524    6.6230    6.6543    6.9834    7.0329
  2.5390  -37.6002  -37.6002  -37.5921  -37.5921  -18.5024  -18.5024  -18.4664  -18.4664  -18.4313  -18.4313  -18.3954  -18.3954  -18.3718  -18.3718  -18.3304  -18.3304  -16.3899  -16.3899  -16.3400  -16.3400  -16.3240  -16.3240  -16.2843  -16.2843  -16.2373  -16.2372  -16.2242  -16.2242  -16.1841  -16.1841  -16.1702  -16.1702  -16.1498  -16.1498  -16.0828  -16.0828  -11.5383  -11.5383  -10.6223  -10.6223  -10.3415  -10.3415  -10.1102  -10.1102   -6.0425   -6.0425   -4.7857   -4.7857   -3.5758   -3.5758   -3.0116   -3.0116   -2.8577   -2.8577   -2.6610   -2.6610   -2.2616   -2.2616   -1.7903   -1.7903   -1.7023   -1.7023   -1.4445   -1.4445   -1.3739   -1.3739   -1.0829   -1.0829    2.4641    2.4641    2.9831    2.9831    3.2294    3.2295    3.7304    3.7304    4.0550    4.0550    4.0830    4.0830    4.2937    4.2937    4.6686    4.6688    4.9952    4.9954    5.2596    5.2617    5.4881    5.5085    5.5877    5.6022    6.1573    6.2943    6.4768    6.5876
  2.5959  -37.6009  -37.5995  -37.5922  -37.5920  -18.5100  -18.4945  -18.4736  -18.4595  -18.4397  -18.4235  -18.4028  -18.3891  -18.3771  -18.3655  -18.3330  -18.3273  -16.3901  -16.3896  -16.3434  -16.3365  -16.3256  -16.3223  -16.2850  -16.2834  -16.2406  -16.2342  -16.2280  -16.2204  -16.1843  -16.1840  -16.1710  -16.1693  -16.1505  -16.1492  -16.0835  -16.0820  -11.5781  -11.5073  -10.6736  -10.5568  -10.3625  -10.3171  -10.1307  -10.0914   -6.0701   -6.0176   -4.7986   -4.7883   -3.6212   -3.5538   -3.0808   -2.9895   -2.9002   -2.8043   -2.6983   -2.5579   -2.3403   -2.1881   -1.8573   -1.7951   -1.7122   -1.6373   -1.5145   -1.4177   -1.3734   -1.2858   -1.1308   -1.0250    2.4560    2.4880    2.9192    2.9967    3.1663    3.2947    3.6774    3.7307    3.9255    4.0748    4.1158    4.1531    4.2951    4.3376    4.6558    4.7246    4.9331    5.0464    5.1118    5.3209    5.3707    5.5343    5.6753    5.7352    6.1292    6.2449    6.4296    6.5791
  2.6528  -37.6016  -37.5987  -37.5923  -37.5920  -18.5171  -18.4862  -18.4806  -18.4528  -18.4483  -18.4168  -18.4108  -18.3838  -18.3810  -18.3597  -18.3338  -18.3242  -16.3903  -16.3894  -16.3467  -16.3330  -16.3271  -16.3204  -16.2855  -16.2823  -16.2443  -16.2318  -16.2314  -16.2169  -16.1844  -16.1839  -16.1715  -16.1682  -16.1514  -16.1488  -16.0840  -16.0813  -11.6327  -11.4759  -10.7078  -10.4841  -10.3769  -10.2924  -10.1505  -10.0763   -6.1067   -5.9876   -4.8372   -4.7942   -3.6875   -3.5516   -3.1653   -3.0405   -2.9232   -2.7716   -2.5826   -2.5011   -2.3901   -2.1238   -1.9134   -1.8178   -1.7621   -1.5903   -1.5366   -1.3809   -1.3345   -1.1969   -1.1598   -0.9413    2.4553    2.5246    2.7996    3.0014    3.1277    3.3277    3.6005    3.7151    3.8230    4.0334    4.1192    4.2209    4.3413    4.4170    4.6051    4.7778    4.8637    4.9759    5.1385    5.3095    5.3691    5.5506    5.7829    5.9570    6.1303    6.2916    6.4196    6.6925
  2.7097  -37.6022  -37.5980  -37.5925  -37.5920  -18.5236  -18.4876  -18.4777  -18.4569  -18.4465  -18.4187  -18.4114  -18.3839  -18.3792  -18.3568  -18.3310  -18.3213  -16.3903  -16.3890  -16.3499  -16.3298  -16.3283  -16.3181  -16.2857  -16.2811  -16.2482  -16.2354  -16.2290  -16.2136  -16.1845  -16.1839  -16.1720  -16.1671  -16.1523  -16.1486  -16.0843  -16.0808  -11.7012  -11.4378  -10.7279  -10.4154  -10.3794  -10.2700  -10.1668  -10.0661   -6.1529   -5.9477   -4.9022   -4.7986   -3.7644   -3.5606   -3.2758   -3.0826   -2.9494   -2.6784   -2.5909   -2.4786   -2.3088   -2.0739   -1.9476   -1.8455   -1.7794   -1.6027   -1.5057   -1.3561   -1.3274   -1.1788   -1.0687   -0.8283    2.4520    2.5384    2.6963    2.9765    3.1323    3.3266    3.5436    3.6897    3.7609    4.0135    4.1090    4.2489    4.3560    4.4271    4.5680    4.6337    4.8610    5.0044    5.2858    5.3127    5.3767    5.6268    5.8543    6.0122    6.2456    6.3493    6.4720    6.5301
  2.7666  -37.6028  -37.5972  -37.5926  -37.5920  -18.5295  -18.4941  -18.4690  -18.4652  -18.4407  -18.4260  -18.4075  -18.3862  -18.3758  -18.3565  -18.3249  -18.3186  -16.3903  -16.3887  -16.3530  -16.3300  -16.3265  -16.3153  -16.2856  -16.2797  -16.2525  -16.2388  -16.2268  -16.2107  -16.1846  -16.1838  -16.1722  -16.1660  -16.1532  -16.1485  -16.0841  -16.0805  -11.7777  -11.3902  -10.7403  -10.3873  -10.3408  -10.2519  -10.1763  -10.0613   -6.2049   -5.8965   -4.9917   -4.7981   -3.8361   -3.5719   -3.3894   -3.1114   -2.9482   -2.7064   -2.5835   -2.4489   -2.2068   -2.0863   -1.9789   -1.7859   -1.7208   -1.6160   -1.4871   -1.3864   -1.3521   -1.1475   -0.9334   -0.7023    2.4193    2.4838    2.6735    2.9097    3.1751    3.3363    3.5026    3.6822    3.7333    4.0184    4.0767    4.2350    4.3185    4.3682    4.5032    4.7015    4.8420    5.0172    5.2945    5.3362    5.4460    5.7543    5.9181    6.0496    6.1783    6.3172    6.4559    6.5819
  2.8235  -37.6033  -37.5965  -37.5927  -37.5921  -18.5347  -18.5000  -18.4729  -18.4603  -18.4355  -18.4322  -18.4049  -18.3879  -18.3753  -18.3556  -18.3175  -18.3164  -16.3902  -16.3885  -16.3559  -16.3312  -16.3243  -16.3117  -16.2853  -16.2782  -16.2571  -16.2419  -16.2250  -16.2082  -16.1846  -16.1838  -16.1724  -16.1649  -16.1542  -16.1484  -16.0837  -16.0806  -11.8545  -11.3327  -10.7526  -10.3765  -10.2934  -10.2379  -10.1758  -10.0610   -6.2575   -5.8355   -5.0993   -4.7929   -3.8877   -3.5833   -3.4764   -3.1403   -2.9579   -2.7808   -2.5915   -2.3604   -2.1951   -2.1203   -2.0214   -1.7147   -1.6164   -1.5484   -1.4924   -1.4195   -1.3674   -1.1370   -0.7829   -0.5791    2.3405    2.3965    2.6882    2.8128    3.2349    3.3883    3.4943    3.6556    3.7569    3.9789    4.0395    4.2609    4.2787    4.3147    4.5177    4.7946    4.8539    5.0333    5.2619    5.2886    5.3996    5.7439    5.8355    6.0159    6.1233    6.2996    6.5385    6.5900
  2.8804  -37.6037  -37.5958  -37.5928  -37.5923  -18.5392  -18.5051  -18.4798  -18.4518  -18.4373  -18.4309  -18.4032  -18.3893  -18.3782  -18.3529  -18.3145  -18.3105  -16.3901  -16.3882  -16.3585  -16.3323  -16.3229  -16.3072  -16.2848  -16.2768  -16.2619  -16.2446  -16.2235  -16.2062  -16.1846  -16.1837  -16.1725  -16.1638  -16.1552  -16.1484  -16.0831  -16.0808  -11.9254  -11.2663  -10.7707  -10.3651  -10.2667  -10.2224  -10.1645  -10.0638   -6.3057   -5.7685   -5.2142   -4.7864   -3.9082   -3.6069   -3.5124   -3.1833   -3.0275   -2.7897   -2.6102   -2.3363   -2.1814   -2.1338   -2.0442   -1.7377   -1.6241   -1.5139   -1.4736   -1.3961   -1.2070   -1.1419   -0.6354   -0.4683    2.2588    2.2640    2.6175    2.8011    3.2915    3.4762    3.4797    3.6776    3.7625    3.9031    4.0675    4.1923    4.2762    4.4083    4.5846    4.7958    4.8534    5.0849    5.1886    5.2933    5.3460    5.6358    5.7315    5.9898    6.2027    6.3815    6.4339    6.7715
  2.9373  -37.6041  -37.5952  -37.5929  -37.5925  -18.5427  -18.5093  -18.4854  -18.4436  -18.4412  -18.4273  -18.4023  -18.3903  -18.3830  -18.3495  -18.3131  -18.3045  -16.3900  -16.3881  -16.3607  -16.3332  -16.3221  -16.3021  -16.2842  -16.2755  -16.2667  -16.2470  -16.2224  -16.2047  -16.1845  -16.1836  -16.1725  -16.1627  -16.1562  -16.1485  -16.0824  -16.0813  -11.9852  -11.1932  -10.7988  -10.3550  -10.2612  -10.2034  -10.1458  -10.0677   -6.3457   -5.7018   -5.3231   -4.7821   -3.8932   -3.6383   -3.5025   -3.2573   -3.1147   -2.7597   -2.6293   -2.3704   -2.2135   -2.0675   -2.0475   -1.7936   -1.6637   -1.4917   -1.4719   -1.4297   -1.1727   -0.8897   -0.5038   -0.3760    2.1092    2.1979    2.4425    2.8944    3.3142    3.4493    3.5805    3.7029    3.7771    3.8977    4.0315    4.2052    4.2674    4.4984    4.6661    4.7535    4.8521    5.0250    5.1469    5.3278    5.4671    5.5215    5.6988    5.8886    6.2662    6.3523    6.4448    6.8678
  2.9942  -37.6043  -37.5946  -37.5930  -37.5928  -18.5453  -18.5123  -18.4897  -18.4439  -18.4362  -18.4247  -18.4015  -18.3910  -18.3884  -18.3465  -18.3121  -18.2999  -16.3898  -16.3880  -16.3623  -16.3339  -16.3218  -16.2967  -16.2837  -16.2757  -16.2705  -16.2488  -16.2216  -16.2037  -16.1844  -16.1835  -16.1724  -16.1617  -16.1572  -16.1487  -16.0818  -16.0817  -12.0303  -11.1165  -10.8391  -10.3464  -10.2663  -10.1880  -10.1255  -10.0715   -6.3753   -5.6436   -5.4124   -4.7815   -3.8462   -3.6589   -3.4772   -3.3563   -3.1821   -2.7262   -2.6572   -2.3792   -2.2560   -2.0908   -1.9718   -1.8509   -1.6830   -1.5090   -1.4578   -1.4527   -1.1909   -0.6040   -0.3992   -0.3059    1.9781    2.1460    2.2568    3.0131    3.2906    3.4322    3.6692    3.7071    3.8019    3.8867    4.0552    4.1291    4.3406    4.5647    4.6781    4.7167    4.9053    4.9402    5.1406    5.3763    5.4303    5.6853    5.7356    5.8329    6.2812    6.4606    6.6436    6.9358
  3.0511  -37.6045  -37.5941  -37.5931  -37.5930  -18.5468  -18.5142  -18.4924  -18.4455  -18.4302  -18.4236  -18.4003  -18.3936  -18.3915  -18.3446  -18.3114  -18.2971  -16.3897  -16.3880  -16.3632  -16.3344  -16.3216  -16.2913  -16.2834  -16.2792  -16.2713  -16.2500  -16.2212  -16.2031  -16.1844  -16.1835  -16.1723  -16.1609  -16.1579  -16.1488  -16.0820  -16.0813  -12.0583  -11.0411  -10.8911  -10.3391  -10.2742  -10.1789  -10.1099  -10.0742   -6.3933   -5.6033   -5.4710   -4.7830   -3.7814   -3.6654   -3.5061   -3.3960   -3.2348   -2.7084   -2.6810   -2.3644   -2.2733   -2.1396   -1.9413   -1.8611   -1.6784   -1.5536   -1.4709   -1.4353   -1.2023   -0.3958   -0.3296   -0.2590    1.8923    2.0596    2.1569    3.1296    3.2591    3.3962    3.7117    3.7432    3.8133    3.8639    4.0171    4.1484    4.4002    4.6002    4.6312    4.7445    4.8488    4.9786    5.1349    5.3237    5.4645    5.6816    5.9020    5.9818    6.3076    6.4475    6.5513    6.7522
  3.1080  -37.6045  -37.5938  -37.5933  -37.5931  -18.5474  -18.5148  -18.4933  -18.4460  -18.4275  -18.4237  -18.3987  -18.3968  -18.3916  -18.3439  -18.3112  -18.2962  -16.3897  -16.3880  -16.3635  -16.3346  -16.3216  -16.2878  -16.2833  -16.2824  -16.2712  -16.2505  -16.2210  -16.2029  -16.1843  -16.1834  -16.1722  -16.1605  -16.1582  -16.1489  -16.0821  -16.0811  -12.0678  -10.9893  -10.9348  -10.3358  -10.2781  -10.1760  -10.1041  -10.0753   -6.3994   -5.5888   -5.4914   -4.7840   -3.7426   -3.6595   -3.5598   -3.3803   -3.2610   -2.7111   -2.6828   -2.3571   -2.2649   -2.1735   -1.9460   -1.8461   -1.6714   -1.5758   -1.4784   -1.4280   -1.2060   -0.3294   -0.2976   -0.2378    1.8635    2.0012    2.1417    3.1924    3.2466    3.3613    3.7222    3.7776    3.7939    3.8776    3.9687    4.1858    4.4212    4.5877    4.6113    4.7633    4.8543    4.9947    5.1033    5.3157    5.4839    5.6441    5.9843    6.2025    6.2314    6.4383    6.4729    6.6643
  3.1080  -37.6045  -37.5938  -37.5933  -37.5931  -18.5474  -18.5148  -18.4933  -18.4460  -18.4275  -18.4237  -18.3987  -18.3968  -18.3916  -18.3439  -18.3112  -18.2962  -16.3897  -16.3880  -16.3635  -16.3346  -16.3216  -16.2878  -16.2833  -16.2824  -16.2712  -16.2505  -16.2210  -16.2029  -16.1843  -16.1834  -16.1722  -16.1605  -16.1582  -16.1489  -16.0821  -16.0811  -12.0678  -10.9893  -10.9348  -10.3358  -10.2781  -10.1760  -10.1041  -10.0753   -6.3994   -5.5888   -5.4914   -4.7840   -3.7426   -3.6595   -3.5598   -3.3803   -3.2610   -2.7111   -2.6828   -2.3571   -2.2649   -2.1735   -1.9460   -1.8461   -1.6714   -1.5758   -1.4784   -1.4280   -1.2060   -0.3294   -0.2976   -0.2378    1.8635    2.0012    2.1417    3.1924    3.2466    3.3613    3.7222    3.7777    3.7938    3.8776    3.9687    4.1858    4.4212    4.5877    4.6113    4.7633    4.8543    4.9948    5.1034    5.3152    5.4844    5.6443    5.9814    6.2325    6.2708    6.4295    6.5749    6.7174
  3.1638  -37.6044  -37.5941  -37.5932  -37.5930  -18.5456  -18.5149  -18.4943  -18.4470  -18.4283  -18.4223  -18.4002  -18.3938  -18.3903  -18.3443  -18.3129  -18.2973  -16.3897  -16.3880  -16.3633  -16.3347  -16.3215  -16.2920  -16.2831  -16.2787  -16.2713  -16.2500  -16.2210  -16.2031  -16.1843  -16.1835  -16.1721  -16.1608  -16.1579  -16.1489  -16.0821  -16.0811  -12.0584  -11.0421  -10.8879  -10.3458  -10.2744  -10.1813  -10.1021  -10.0760   -6.3824   -5.5886   -5.4848   -4.7882   -3.8095   -3.6935   -3.4630   -3.3421   -3.2629   -2.7464   -2.6449   -2.4120   -2.2028   -2.1680   -1.9367   -1.8735   -1.6766   -1.5609   -1.4768   -1.4443   -1.2121   -0.3648   -0.3476   -0.2709    1.8937    2.0526    2.1697    3.1556    3.2614    3.3675    3.6298    3.6875    3.8390    3.9434    4.0155    4.1717    4.4529    4.5677    4.6533    4.7820    4.8782    4.9918    5.1652    5.2901    5.4906    5.6759    5.9541    6.0835    6.3453    6.4368    6.5795    6.7111
  3.2196  -37.6040  -37.5946  -37.5933  -37.5928  -18.5407  -18.5153  -18.4966  -18.4490  -18.4275  -18.4214  -18.4013  -18.3932  -18.3833  -18.3451  -18.3182  -18.3001  -16.3897  -16.3880  -16.3626  -16.3352  -16.3214  -16.2979  -16.2833  -16.2757  -16.2693  -16.2489  -16.2208  -16.2038  -16.1843  -16.1835  -16.1717  -16.1615  -16.1573  -16.1492  -16.0820  -16.0811  -12.0304  -11.1160  -10.8333  -10.3668  -10.2735  -10.1929  -10.0979  -10.0779   -6.3323   -5.5878   -5.4650   -4.8003   -3.9229   -3.6889   -3.4119   -3.2750   -3.1853   -2.7673   -2.6462   -2.4325   -2.1791   -2.1082   -1.9534   -1.8977   -1.6737   -1.5553   -1.4894   -1.4635   -1.2185   -0.5703   -0.4271   -0.3072    1.9836    2.1558    2.2581    3.0255    3.2821    3.3877    3.5025    3.5846    3.9353    4.0496    4.1017    4.1733    4.3689    4.5921    4.7321    4.8475    4.9539    5.0393    5.2280    5.2751    5.4988    5.7040    5.8886    5.9139    6.1819    6.3768    6.4933    6.6026
  3.2754  -37.6035  -37.5951  -37.5935  -37.5926  -18.5330  -18.5165  -18.4986  -18.4501  -18.4256  -18.4210  -18.4023  -18.3934  -18.3753  -18.3461  -18.3272  -18.3035  -16.3897  -16.3881  -16.3612  -16.3360  -16.3214  -16.3037  -16.2836  -16.2766  -16.2640  -16.2471  -16.2206  -16.2051  -16.1843  -16.1836  -16.1711  -16.1623  -16.1566  -16.1496  -16.0818  -16.0809  -11.9846  -11.1888  -10.7962  -10.3902  -10.2863  -10.2016  -10.0935  -10.0797   -6.2515   -5.5854   -5.4323   -4.8200   -4.0069   -3.6691   -3.3866   -3.2989   -3.0072   -2.7619   -2.6904   -2.3902   -2.1669   -2.1014   -1.9952   -1.8707   -1.6470   -1.6155   -1.5157   -1.4350   -1.2127   -0.8604   -0.5466   -0.3517    2.1166    2.2309    2.3934    2.8412    3.2506    3.4216    3.4852    3.5095    4.0473    4.1227    4.1751    4.2498    4.3062    4.6327    4.7754    4.9385    4.9819    5.1396    5.2409    5.3585    5.4729    5.6744    5.8569    5.8682    6.0528    6.3156    6.3893    6.6184
  3.3312  -37.6027  -37.5955  -37.5939  -37.5926  -18.5242  -18.5179  -18.4981  -18.4494  -18.4254  -18.4191  -18.4037  -18.3930  -18.3706  -18.3489  -18.3359  -18.3072  -16.3896  -16.3882  -16.3593  -16.3370  -16.3219  -16.3091  -16.2839  -16.2786  -16.2580  -16.2449  -16.2203  -16.2067  -16.1843  -16.1837  -16.1704  -16.1631  -16.1560  -16.1502  -16.0816  -16.0807  -11.9222  -11.2567  -10.7824  -10.4228  -10.3034  -10.2051  -10.0891  -10.0806   -6.1438   -5.5785   -5.3888   -4.8484   -4.0513   -3.6322   -3.4036   -3.2920   -2.9193   -2.7434   -2.6606   -2.3607   -2.1774   -2.1401   -2.0024   -1.8431   -1.7009   -1.6118   -1.5152   -1.3892   -1.2185   -1.1521   -0.6944   -0.4117    2.1564    2.3340    2.5187    2.7489    3.1913    3.4193    3.4621    3.5628    4.0740    4.1144    4.2540    4.3176    4.4863    4.7053    4.8023    4.8679    5.0961    5.2418    5.3006    5.3981    5.4300    5.6049    5.7803    5.9152    6.0446    6.3148    6.3986    6.7362
  3.3870  -37.6018  -37.5959  -37.5942  -37.5927  -18.5208  -18.5133  -18.4943  -18.4471  -18.4269  -18.4171  -18.4058  -18.3911  -18.3730  -18.3572  -18.3364  -18.3114  -16.3895  -16.3883  -16.3567  -16.3380  -16.3232  -16.3139  -16.2842  -16.2806  -16.2520  -16.2424  -16.2201  -16.2089  -16.1842  -16.1838  -16.1694  -16.1639  -16.1555  -16.1510  -16.0814  -16.0805  -11.8453  -11.3171  -10.7899  -10.4821  -10.3022  -10.2069  -10.0850  -10.0806   -6.0149   -5.5636   -5.3389   -4.8880   -4.0539   -3.5722   -3.4669   -3.2497   -2.9501   -2.7119   -2.5508   -2.3857   -2.2518   -2.1116   -2.0061   -1.8656   -1.7486   -1.6012   -1.4810   -1.4699   -1.3090   -1.1795   -0.8532   -0.4887    2.0522    2.4852    2.6081    2.8117    3.1443    3.3460    3.5105    3.6349    4.0417    4.1517    4.3125    4.4532    4.5642    4.7728    4.7961    4.9750    5.1596    5.1684    5.3540    5.4382    5.5248    5.6364    5.6785    5.9084    6.1793    6.2828    6.4597    6.6661
  3.4428  -37.6007  -37.5963  -37.5946  -37.5931  -18.5197  -18.5064  -18.4872  -18.4438  -18.4288  -18.4170  -18.4087  -18.3894  -18.3823  -18.3623  -18.3337  -18.3160  -16.3893  -16.3883  -16.3536  -16.3389  -16.3254  -16.3182  -16.2845  -16.2823  -16.2465  -16.2397  -16.2200  -16.2114  -16.1841  -16.1838  -16.1684  -16.1645  -16.1552  -16.1520  -16.0811  -16.0804  -11.7569  -11.3683  -10.8104  -10.5669  -10.2834  -10.2085  -10.0825  -10.0796   -5.8718   -5.5382   -5.2881   -4.9408   -4.0170   -3.5455   -3.4815   -3.2126   -2.9997   -2.7145   -2.4811   -2.4200   -2.2902   -2.1137   -2.0493   -1.8996   -1.8225   -1.6347   -1.5743   -1.4116   -1.2516   -1.1740   -1.0014   -0.5818    1.9746    2.5513    2.6692    2.9813    3.1196    3.2857    3.5691    3.6956    4.0592    4.2288    4.3521    4.4241    4.6703    4.7806    4.8356    4.9708    5.0173    5.3161    5.4233    5.5285    5.5452    5.6764    5.7858    5.8804    6.1627    6.3783    6.5000    6.7443
  3.4986  -37.5996  -37.5965  -37.5950  -37.5936  -18.5158  -18.5013  -18.4791  -18.4419  -18.4308  -18.4186  -18.4124  -18.3995  -18.3796  -18.3647  -18.3317  -18.3209  -16.3890  -16.3884  -16.3500  -16.3396  -16.3280  -16.3223  -16.2847  -16.2835  -16.2414  -16.2370  -16.2201  -16.2142  -16.1840  -16.1838  -16.1675  -16.1650  -16.1550  -16.1530  -16.0807  -16.0802  -11.6619  -11.4092  -10.8349  -10.6654  -10.2585  -10.2101  -10.0818  -10.0785   -5.7239   -5.5027   -5.2434   -5.0057   -3.9478   -3.6182   -3.3701   -3.1935   -3.0478   -2.7636   -2.5472   -2.3833   -2.3113   -2.1867   -2.0830   -1.9543   -1.8470   -1.6799   -1.5377   -1.3600   -1.2498   -1.1635   -1.0812   -0.6891    1.9922    2.5478    2.6936    3.0590    3.1997    3.2801    3.6520    3.7219    4.1316    4.2059    4.3928    4.4255    4.7095    4.7597    4.8280    4.9598    5.0024    5.2714    5.4858    5.5929    5.7351    5.7741    5.8521    5.9195    6.2043    6.3302    6.4581    6.7789
  3.5544  -37.5985  -37.5966  -37.5953  -37.5943  -18.5088  -18.4974  -18.4727  -18.4482  -18.4292  -18.4203  -18.4156  -18.4081  -18.3737  -18.3661  -18.3311  -18.3258  -16.3888  -16.3885  -16.3461  -16.3399  -16.3304  -16.3265  -16.2848  -16.2843  -16.2369  -16.2346  -16.2204  -16.2171  -16.1839  -16.1838  -16.1666  -16.1654  -16.1549  -16.1539  -16.0804  -16.0802  -11.5687  -11.4389  -10.8565  -10.7641  -10.2352  -10.2114  -10.0815  -10.0790   -5.5827   -5.4613   -5.2115   -5.0789   -3.8597   -3.6805   -3.2635   -3.1734   -3.0911   -2.8361   -2.6280   -2.5007   -2.2913   -2.1727   -2.0906   -2.0102   -1.8141   -1.7132   -1.5144   -1.3828   -1.2674   -1.1407   -1.0618   -0.8071    2.1162    2.5245    2.6884    2.9709    3.3171    3.3529    3.6958    3.7621    4.0522    4.2404    4.4673    4.5221    4.6824    4.8034    4.8504    4.9518    4.9946    5.2478    5.4319    5.5913    5.6578    5.7706    5.8233    6.1109    6.2548    6.4299    6.5429    6.6886
  3.6102  -37.5974  -37.5967  -37.5956  -37.5951  -18.4996  -18.4947  -18.4693  -18.4607  -18.4245  -18.4205  -18.4175  -18.4139  -18.3688  -18.3667  -18.3314  -18.3299  -16.3886  -16.3885  -16.3422  -16.3399  -16.3323  -16.3306  -16.2849  -16.2847  -16.2335  -16.2327  -16.2208  -16.2197  -16.1839  -16.1838  -16.1660  -16.1657  -16.1548  -16.1546  -16.0802  -16.0801  -11.4936  -11.4569  -10.8709  -10.8437  -10.2186  -10.2122  -10.0814  -10.0805   -5.4648   -5.4247   -5.1956   -5.1519   -3.7757   -3.7226   -3.2320   -3.1979   -3.0103   -2.8875   -2.7181   -2.6517   -2.2185   -2.1580   -2.0998   -2.0581   -1.7586   -1.7213   -1.5329   -1.4872   -1.1860   -1.1139   -1.0335   -0.9299    2.3200    2.5040    2.6760    2.8219    3.3927    3.4122    3.6460    3.6847    4.1802    4.3474    4.4961    4.6088    4.6866    4.7485    4.8950    4.9436    5.0484    5.2101    5.3594    5.4830    5.6216    5.7136    5.7822    5.9242    6.5269    6.5955    6.6483    6.8000
  3.6660  -37.5967  -37.5967  -37.5957  -37.5957  -18.4936  -18.4936  -18.4683  -18.4683  -18.4202  -18.4202  -18.4183  -18.4183  -18.3668  -18.3668  -18.3316  -18.3316  -16.3885  -16.3885  -16.3399  -16.3399  -16.3330  -16.3330  -16.2849  -16.2848  -16.2320  -16.2320  -16.2210  -16.2210  -16.1839  -16.1838  -16.1658  -16.1657  -16.1548  -16.1548  -16.0802  -16.0801  -11.4629  -11.4629  -10.8760  -10.8760  -10.2125  -10.2125  -10.0814  -10.0814   -5.4092   -5.4092   -5.1919   -5.1919   -3.7375   -3.7375   -3.2289   -3.2289   -2.9025   -2.9025   -2.7604   -2.7603   -2.1439   -2.1439   -2.1181   -2.1181   -1.7132   -1.7132   -1.5515   -1.5515   -1.1029   -1.1029   -1.0227   -1.0227    2.4962    2.4962    2.6704    2.6704    3.4335    3.4335    3.6132    3.6132    4.4028    4.4028    4.4929    4.4929    4.6960    4.6961    4.9480    4.9485    5.1708    5.1751    5.3202    5.3206    5.7225    5.7284    5.7398    5.7408    6.5890    6.6390    6.7096    6.7584
