#K-Path(1/A)         Spin-Up(eV)   Spin-down(eV)
# NKPTS & NBANDS:  75  32
# Band-Index    1
   0.00000    -28.119411    -28.119503
   0.06018    -28.119408    -28.119500
   0.12036    -28.119399    -28.119491
   0.18054    -28.119386    -28.119478
   0.24073    -28.119373    -28.119465
   0.30091    -28.119366    -28.119458
   0.36109    -28.119363    -28.119455
   0.36109    -28.119363    -28.119455
   0.41836    -28.119382    -28.119474
   0.47564    -28.119441    -28.119533
   0.53292    -28.119548    -28.119640
   0.59019    -28.119717    -28.119809
   0.64747    -28.119954    -28.120045
   0.70474    -28.120252    -28.120344
   0.76202    -28.120615    -28.120706
   0.81929    -28.121027    -28.121119
   0.87657    -28.121477    -28.121569
   0.93385    -28.121952    -28.122043
   0.99112    -28.122440    -28.122531
   1.04840    -28.122926    -28.123018
   1.04840    -28.123163    -28.123255
   1.10868    -28.123675    -28.123767
   1.16897    -28.124172    -28.124264
   1.22926    -28.124639    -28.124732
   1.28955    -28.125054    -28.125147
   1.34983    -28.125387    -28.125479
   1.41012    -28.125602    -28.125694
   1.47041    -28.125676    -28.125769
   1.47041    -28.125676    -28.125769
   1.52471    -28.125562    -28.125655
   1.57902    -28.125231    -28.125323
   1.63333    -28.124703    -28.124795
   1.68763    -28.124018    -28.124110
   1.74194    -28.123227    -28.123319
   1.79625    -28.122387    -28.122479
   1.85055    -28.121566    -28.121658
   1.90486    -28.120824    -28.120915
   1.95917    -28.120211    -28.120303
   2.01347    -28.119764    -28.119856
   2.06778    -28.119498    -28.119590
   2.12209    -28.119411    -28.119503
   2.12209    -28.119411    -28.119503
   2.17678    -28.119428    -28.119520
   2.23147    -28.119487    -28.119579
   2.28616    -28.119595    -28.119687
   2.34085    -28.119759    -28.119851
   2.39554    -28.119986    -28.120077
   2.45023    -28.120275    -28.120367
   2.50492    -28.120624    -28.120715
   2.55961    -28.121023    -28.121114
   2.61430    -28.121465    -28.121556
   2.66899    -28.121936    -28.122027
   2.72368    -28.122425    -28.122516
   2.77837    -28.122921    -28.123012
   2.83306    -28.123410    -28.123502
   2.88775    -28.123877    -28.123970
   2.88775    -28.123016    -28.123107
   2.95648    -28.121799    -28.121891
   3.02521    -28.120645    -28.120737
   3.09394    -28.119710    -28.119802
   3.16267    -28.119110    -28.119202
   3.23141    -28.118904    -28.118995
   3.23141    -28.118904    -28.118995
   3.28842    -28.118910    -28.119001
   3.34544    -28.118927    -28.119018
   3.40246    -28.118958    -28.119049
   3.45948    -28.118999    -28.119091
   3.51649    -28.119052    -28.119144
   3.57351    -28.119115    -28.119207
   3.63053    -28.119183    -28.119275
   3.68755    -28.119252    -28.119343
   3.74456    -28.119315    -28.119406
   3.80158    -28.119366    -28.119458
   3.85860    -28.119400    -28.119492
   3.91562    -28.119411    -28.119503
 
# Band-Index    2
   3.91562    -28.115431    -28.115524
   3.85860    -28.115328    -28.115421
   3.80158    -28.115030    -28.115123
   3.74456    -28.114563    -28.114656
   3.68755    -28.113960    -28.114053
   3.63053    -28.113271    -28.113364
   3.57351    -28.112551    -28.112643
   3.51649    -28.111849    -28.111940
   3.45948    -28.111213    -28.111304
   3.40246    -28.110683    -28.110773
   3.34544    -28.110286    -28.110375
   3.28842    -28.110043    -28.110132
   3.23141    -28.109962    -28.110050
   3.23141    -28.109962    -28.110050
   3.16267    -28.110067    -28.110155
   3.09394    -28.110370    -28.110457
   3.02521    -28.110847    -28.110930
   2.95648    -28.111484    -28.111557
   2.88775    -28.112264    -28.112322
   2.88775    -28.112801    -28.112842
   2.83306    -28.112756    -28.112816
   2.77837    -28.112812    -28.112886
   2.72368    -28.112958    -28.113041
   2.66899    -28.113172    -28.113259
   2.61430    -28.113432    -28.113523
   2.55961    -28.113724    -28.113815
   2.50492    -28.114034    -28.114126
   2.45023    -28.114346    -28.114439
   2.39554    -28.114644    -28.114737
   2.34085    -28.114912    -28.115005
   2.28616    -28.115134    -28.115227
   2.23147    -28.115297    -28.115390
   2.17678    -28.115397    -28.115490
   2.12209    -28.115431    -28.115524
   2.12209    -28.115431    -28.115524
   2.06778    -28.115456    -28.115549
   2.01347    -28.115519    -28.115612
   1.95917    -28.115599    -28.115692
   1.90486    -28.115675    -28.115768
   1.85055    -28.115738    -28.115830
   1.79625    -28.115788    -28.115878
   1.74194    -28.115839    -28.115927
   1.68763    -28.115900    -28.115985
   1.63333    -28.115973    -28.116053
   1.57902    -28.116050    -28.116125
   1.52471    -28.116111    -28.116181
   1.47041    -28.116135    -28.116204
   1.47041    -28.116135    -28.116204
   1.41012    -28.116013    -28.116081
   1.34983    -28.115651    -28.115718
   1.28955    -28.115081    -28.115146
   1.22926    -28.114368    -28.114430
   1.16897    -28.113588    -28.113644
   1.10868    -28.112820    -28.112871
   1.04840    -28.112130    -28.112178
   1.04840    -28.112527    -28.112594
   0.99112    -28.112661    -28.112740
   0.93385    -28.112881    -28.112966
   0.87657    -28.113162    -28.113252
   0.81929    -28.113484    -28.113576
   0.76202    -28.113831    -28.113923
   0.70474    -28.114183    -28.114276
   0.64747    -28.114526    -28.114619
   0.59019    -28.114835    -28.114928
   0.53292    -28.115091    -28.115184
   0.47564    -28.115281    -28.115374
   0.41836    -28.115397    -28.115490
   0.36109    -28.115434    -28.115527
   0.36109    -28.115434    -28.115527
   0.30091    -28.115433    -28.115526
   0.24073    -28.115432    -28.115525
   0.18054    -28.115432    -28.115525
   0.12036    -28.115432    -28.115525
   0.06018    -28.115432    -28.115525
   0.00000    -28.115431    -28.115524
 
# Band-Index    3
   0.00000    -28.106034    -28.105959
   0.06018    -28.106029    -28.105954
   0.12036    -28.106014    -28.105940
   0.18054    -28.105994    -28.105919
   0.24073    -28.105974    -28.105899
   0.30091    -28.105961    -28.105887
   0.36109    -28.105958    -28.105883
   0.36109    -28.105958    -28.105883
   0.41836    -28.106048    -28.105993
   0.47564    -28.106244    -28.106204
   0.53292    -28.106480    -28.106445
   0.59019    -28.106745    -28.106710
   0.64747    -28.107036    -28.106998
   0.70474    -28.107354    -28.107312
   0.76202    -28.107704    -28.107659
   0.81929    -28.108078    -28.108030
   0.87657    -28.108465    -28.108415
   0.93385    -28.108848    -28.108798
   0.99112    -28.109203    -28.109156
   1.04840    -28.109495    -28.109458
   1.04840    -28.109425    -28.109409
   1.10868    -28.110044    -28.110023
   1.16897    -28.110665    -28.110638
   1.22926    -28.111233    -28.111201
   1.28955    -28.111709    -28.111673
   1.34983    -28.112069    -28.112029
   1.41012    -28.112292    -28.112251
   1.47041    -28.112366    -28.112325
   1.47041    -28.112366    -28.112325
   1.52471    -28.112281    -28.112238
   1.57902    -28.112020    -28.111973
   1.63333    -28.111582    -28.111531
   1.68763    -28.110982    -28.110927
   1.74194    -28.110254    -28.110197
   1.79625    -28.109447    -28.109390
   1.85055    -28.108629    -28.108574
   1.90486    -28.107852    -28.107800
   1.95917    -28.107163    -28.107113
   2.01347    -28.106601    -28.106550
   2.06778    -28.106199    -28.106139
   2.12209    -28.106034    -28.105959
   2.12209    -28.106034    -28.105959
   2.17678    -28.106104    -28.106042
   2.23147    -28.106277    -28.106231
   2.28616    -28.106506    -28.106468
   2.34085    -28.106773    -28.106737
   2.39554    -28.107071    -28.107036
   2.45023    -28.107400    -28.107363
   2.50492    -28.107758    -28.107718
   2.55961    -28.108140    -28.108098
   2.61430    -28.108539    -28.108494
   2.66899    -28.108940    -28.108894
   2.72368    -28.109323    -28.109279
   2.77837    -28.109661    -28.109622
   2.83306    -28.109922    -28.109895
   2.88775    -28.110080    -28.110069
   2.88775    -28.109442    -28.109414
   2.95648    -28.108444    -28.108407
   3.02521    -28.107472    -28.107439
   3.09394    -28.106739    -28.106726
   3.16267    -28.106351    -28.106361
   3.23141    -28.106242    -28.106260
   3.23141    -28.106242    -28.106260
   3.28842    -28.106237    -28.106255
   3.34544    -28.106225    -28.106243
   3.40246    -28.106207    -28.106224
   3.45948    -28.106181    -28.106195
   3.51649    -28.106148    -28.106159
   3.57351    -28.106113    -28.106117
   3.63053    -28.106077    -28.106071
   3.68755    -28.106046    -28.106026
   3.74456    -28.106029    -28.105989
   3.80158    -28.106026    -28.105968
   3.85860    -28.106031    -28.105961
   3.91562    -28.106034    -28.105959
 
# Band-Index    4
   3.91562    -28.105386    -28.105471
   3.85860    -28.105385    -28.105466
   3.80158    -28.105372    -28.105440
   3.74456    -28.105336    -28.105385
   3.68755    -28.105266    -28.105295
   3.63053    -28.105164    -28.105178
   3.57351    -28.105042    -28.105045
   3.51649    -28.104908    -28.104906
   3.45948    -28.104778    -28.104772
   3.40246    -28.104660    -28.104653
   3.34544    -28.104563    -28.104556
   3.28842    -28.104502    -28.104495
   3.23141    -28.104481    -28.104474
   3.23141    -28.104481    -28.104474
   3.16267    -28.104579    -28.104581
   3.09394    -28.104785    -28.104812
   3.02521    -28.104947    -28.104997
   2.95648    -28.105022    -28.105085
   2.88775    -28.105047    -28.105116
   2.88775    -28.105715    -28.105785
   2.83306    -28.105644    -28.105712
   2.77837    -28.105565    -28.105630
   2.72368    -28.105482    -28.105544
   2.66899    -28.105397    -28.105455
   2.61430    -28.105313    -28.105368
   2.55961    -28.105236    -28.105287
   2.50492    -28.105173    -28.105221
   2.45023    -28.105130    -28.105175
   2.39554    -28.105115    -28.105158
   2.34085    -28.105131    -28.105175
   2.28616    -28.105182    -28.105230
   2.23147    -28.105261    -28.105317
   2.17678    -28.105345    -28.105416
   2.12209    -28.105386    -28.105471
   2.12209    -28.105386    -28.105471
   2.06778    -28.105331    -28.105401
   2.01347    -28.105252    -28.105313
   1.95917    -28.105213    -28.105274
   1.90486    -28.105219    -28.105282
   1.85055    -28.105261    -28.105327
   1.79625    -28.105324    -28.105392
   1.74194    -28.105397    -28.105467
   1.68763    -28.105471    -28.105543
   1.63333    -28.105537    -28.105610
   1.57902    -28.105589    -28.105662
   1.52471    -28.105622    -28.105696
   1.47041    -28.105633    -28.105707
   1.47041    -28.105633    -28.105707
   1.41012    -28.105634    -28.105708
   1.34983    -28.105632    -28.105705
   1.28955    -28.105624    -28.105696
   1.22926    -28.105610    -28.105681
   1.16897    -28.105590    -28.105660
   1.10868    -28.105562    -28.105631
   1.04840    -28.105530    -28.105599
   1.04840    -28.104684    -28.104754
   0.99112    -28.104708    -28.104775
   0.93385    -28.104731    -28.104795
   0.87657    -28.104754    -28.104815
   0.81929    -28.104779    -28.104836
   0.76202    -28.104809    -28.104862
   0.70474    -28.104849    -28.104898
   0.64747    -28.104909    -28.104954
   0.59019    -28.104990    -28.105033
   0.53292    -28.105098    -28.105142
   0.47564    -28.105231    -28.105280
   0.41836    -28.105368    -28.105432
   0.36109    -28.105440    -28.105524
   0.36109    -28.105440    -28.105524
   0.30091    -28.105434    -28.105518
   0.24073    -28.105427    -28.105511
   0.18054    -28.105417    -28.105501
   0.12036    -28.105404    -28.105489
   0.06018    -28.105392    -28.105477
   0.00000    -28.105386    -28.105471
 
# Band-Index    5
   0.00000    -28.098873    -28.098807
   0.06018    -28.098878    -28.098812
   0.12036    -28.098891    -28.098825
   0.18054    -28.098907    -28.098842
   0.24073    -28.098924    -28.098859
   0.30091    -28.098938    -28.098873
   0.36109    -28.098944    -28.098879
   0.36109    -28.098944    -28.098879
   0.41836    -28.098896    -28.098831
   0.47564    -28.098754    -28.098689
   0.53292    -28.098527    -28.098463
   0.59019    -28.098233    -28.098170
   0.64747    -28.097891    -28.097829
   0.70474    -28.097521    -28.097459
   0.76202    -28.097147    -28.097086
   0.81929    -28.096779    -28.096718
   0.87657    -28.096429    -28.096368
   0.93385    -28.096101    -28.096040
   0.99112    -28.095800    -28.095739
   1.04840    -28.095526    -28.095465
   1.04840    -28.095059    -28.094997
   1.10868    -28.095679    -28.095617
   1.16897    -28.096412    -28.096350
   1.22926    -28.097176    -28.097113
   1.28955    -28.097882    -28.097819
   1.34983    -28.098451    -28.098387
   1.41012    -28.098815    -28.098751
   1.47041    -28.098940    -28.098876
   1.47041    -28.098940    -28.098876
   1.52471    -28.098945    -28.098880
   1.57902    -28.098958    -28.098894
   1.63333    -28.098977    -28.098912
   1.68763    -28.098996    -28.098932
   1.74194    -28.099012    -28.098948
   1.79625    -28.099020    -28.098955
   1.85055    -28.099015    -28.098950
   1.90486    -28.098993    -28.098928
   1.95917    -28.098956    -28.098891
   2.01347    -28.098916    -28.098851
   2.06778    -28.098885    -28.098819
   2.12209    -28.098873    -28.098807
   2.12209    -28.098873    -28.098807
   2.17678    -28.098830    -28.098765
   2.23147    -28.098708    -28.098643
   2.28616    -28.098514    -28.098449
   2.34085    -28.098260    -28.098196
   2.39554    -28.097965    -28.097902
   2.45023    -28.097647    -28.097584
   2.50492    -28.097322    -28.097260
   2.55961    -28.097004    -28.096942
   2.61430    -28.096703    -28.096642
   2.66899    -28.096424    -28.096363
   2.72368    -28.096170    -28.096109
   2.77837    -28.095941    -28.095879
   2.83306    -28.095736    -28.095674
   2.88775    -28.095552    -28.095490
   2.88775    -28.095231    -28.095170
   2.95648    -28.094769    -28.094708
   3.02521    -28.094369    -28.094308
   3.09394    -28.094054    -28.093993
   3.16267    -28.093849    -28.093788
   3.23141    -28.093777    -28.093716
   3.23141    -28.093777    -28.093716
   3.28842    -28.093843    -28.093782
   3.34544    -28.094042    -28.093981
   3.40246    -28.094375    -28.094314
   3.45948    -28.094831    -28.094770
   3.51649    -28.095395    -28.095334
   3.57351    -28.096038    -28.095976
   3.63053    -28.096718    -28.096655
   3.68755    -28.097385    -28.097322
   3.74456    -28.097984    -28.097920
   3.80158    -28.098458    -28.098394
   3.85860    -28.098765    -28.098700
   3.91562    -28.098873    -28.098807
 
# Band-Index    6
   3.91562    -28.088715    -28.088649
   3.85860    -28.088708    -28.088641
   3.80158    -28.088683    -28.088616
   3.74456    -28.088640    -28.088573
   3.68755    -28.088573    -28.088505
   3.63053    -28.088481    -28.088413
   3.57351    -28.088362    -28.088295
   3.51649    -28.088218    -28.088150
   3.45948    -28.088062    -28.087994
   3.40246    -28.087907    -28.087840
   3.34544    -28.087772    -28.087704
   3.28842    -28.087682    -28.087615
   3.23141    -28.087651    -28.087583
   3.23141    -28.087651    -28.087583
   3.16267    -28.087665    -28.087597
   3.09394    -28.087705    -28.087637
   3.02521    -28.087766    -28.087699
   2.95648    -28.087847    -28.087779
   2.88775    -28.087945    -28.087877
   2.88775    -28.088606    -28.088539
   2.83306    -28.088624    -28.088556
   2.77837    -28.088638    -28.088570
   2.72368    -28.088649    -28.088581
   2.66899    -28.088657    -28.088590
   2.61430    -28.088663    -28.088596
   2.55961    -28.088668    -28.088601
   2.50492    -28.088674    -28.088607
   2.45023    -28.088680    -28.088613
   2.39554    -28.088688    -28.088621
   2.34085    -28.088696    -28.088629
   2.28616    -28.088704    -28.088637
   2.23147    -28.088711    -28.088644
   2.17678    -28.088714    -28.088647
   2.12209    -28.088715    -28.088649
   2.12209    -28.088715    -28.088649
   2.06778    -28.088726    -28.088659
   2.01347    -28.088753    -28.088687
   1.95917    -28.088797    -28.088730
   1.90486    -28.088853    -28.088786
   1.85055    -28.088917    -28.088850
   1.79625    -28.088983    -28.088916
   1.74194    -28.089048    -28.088981
   1.68763    -28.089107    -28.089040
   1.63333    -28.089159    -28.089092
   1.57902    -28.089197    -28.089130
   1.52471    -28.089221    -28.089154
   1.47041    -28.089229    -28.089162
   1.47041    -28.089229    -28.089162
   1.41012    -28.089211    -28.089144
   1.34983    -28.089155    -28.089087
   1.28955    -28.089056    -28.088988
   1.22926    -28.088914    -28.088847
   1.16897    -28.088734    -28.088666
   1.10868    -28.088526    -28.088458
   1.04840    -28.088315    -28.088247
   1.04840    -28.087674    -28.087606
   0.99112    -28.087773    -28.087705
   0.93385    -28.087877    -28.087810
   0.87657    -28.087987    -28.087919
   0.81929    -28.088100    -28.088033
   0.76202    -28.088214    -28.088147
   0.70474    -28.088328    -28.088260
   0.64747    -28.088437    -28.088369
   0.59019    -28.088534    -28.088467
   0.53292    -28.088616    -28.088549
   0.47564    -28.088680    -28.088613
   0.41836    -28.088721    -28.088654
   0.36109    -28.088735    -28.088668
   0.36109    -28.088735    -28.088668
   0.30091    -28.088732    -28.088665
   0.24073    -28.088729    -28.088662
   0.18054    -28.088728    -28.088661
   0.12036    -28.088724    -28.088657
   0.06018    -28.088718    -28.088651
   0.00000    -28.088715    -28.088649
 
# Band-Index    7
   0.00000    -27.991833    -27.991831
   0.06018    -27.991834    -27.991831
   0.12036    -27.991833    -27.991831
   0.18054    -27.991830    -27.991827
   0.24073    -27.991826    -27.991823
   0.30091    -27.991824    -27.991822
   0.36109    -27.991827    -27.991824
   0.36109    -27.991827    -27.991824
   0.41836    -27.991816    -27.991814
   0.47564    -27.991786    -27.991784
   0.53292    -27.991741    -27.991738
   0.59019    -27.991683    -27.991681
   0.64747    -27.991617    -27.991614
   0.70474    -27.991544    -27.991542
   0.76202    -27.991472    -27.991469
   0.81929    -27.991400    -27.991398
   0.87657    -27.991332    -27.991329
   0.93385    -27.991267    -27.991264
   0.99112    -27.991206    -27.991203
   1.04840    -27.991149    -27.991147
   1.04840    -27.992009    -27.992007
   1.10868    -27.992072    -27.992069
   1.16897    -27.992134    -27.992132
   1.22926    -27.992192    -27.992189
   1.28955    -27.992240    -27.992238
   1.34983    -27.992277    -27.992274
   1.41012    -27.992298    -27.992296
   1.47041    -27.992304    -27.992302
   1.47041    -27.992304    -27.992302
   1.52471    -27.992297    -27.992294
   1.57902    -27.992274    -27.992271
   1.63333    -27.992238    -27.992235
   1.68763    -27.992190    -27.992188
   1.74194    -27.992135    -27.992132
   1.79625    -27.992075    -27.992073
   1.85055    -27.992015    -27.992012
   1.90486    -27.991957    -27.991954
   1.95917    -27.991907    -27.991904
   2.01347    -27.991868    -27.991865
   2.06778    -27.991843    -27.991840
   2.12209    -27.991833    -27.991831
   2.12209    -27.991833    -27.991831
   2.17678    -27.991834    -27.991832
   2.23147    -27.991837    -27.991834
   2.28616    -27.991840    -27.991838
   2.34085    -27.991847    -27.991845
   2.39554    -27.991861    -27.991858
   2.45023    -27.991880    -27.991877
   2.50492    -27.991907    -27.991905
   2.55961    -27.991942    -27.991939
   2.61430    -27.991983    -27.991980
   2.66899    -27.992029    -27.992026
   2.72368    -27.992077    -27.992074
   2.77837    -27.992126    -27.992123
   2.83306    -27.992174    -27.992171
   2.88775    -27.992218    -27.992216
   2.88775    -27.991515    -27.991512
   2.95648    -27.991517    -27.991514
   3.02521    -27.991530    -27.991528
   3.09394    -27.991546    -27.991544
   3.16267    -27.991558    -27.991555
   3.23141    -27.991562    -27.991560
   3.23141    -27.991562    -27.991560
   3.28842    -27.991567    -27.991565
   3.34544    -27.991583    -27.991581
   3.40246    -27.991609    -27.991607
   3.45948    -27.991640    -27.991638
   3.51649    -27.991675    -27.991672
   3.57351    -27.991713    -27.991710
   3.63053    -27.991747    -27.991744
   3.68755    -27.991777    -27.991774
   3.74456    -27.991802    -27.991799
   3.80158    -27.991819    -27.991817
   3.85860    -27.991831    -27.991828
   3.91562    -27.991833    -27.991831
 
# Band-Index    8
   3.91562    -27.976419    -27.976439
   3.85860    -27.976419    -27.976439
   3.80158    -27.976416    -27.976436
   3.74456    -27.976411    -27.976431
   3.68755    -27.976403    -27.976423
   3.63053    -27.976392    -27.976413
   3.57351    -27.976379    -27.976399
   3.51649    -27.976362    -27.976382
   3.45948    -27.976345    -27.976365
   3.40246    -27.976330    -27.976350
   3.34544    -27.976316    -27.976336
   3.28842    -27.976308    -27.976328
   3.23141    -27.976305    -27.976326
   3.23141    -27.976305    -27.976326
   3.16267    -27.976301    -27.976321
   3.09394    -27.976288    -27.976308
   3.02521    -27.976270    -27.976290
   2.95648    -27.976254    -27.976274
   2.88775    -27.976247    -27.976267
   2.88775    -27.976952    -27.976972
   2.83306    -27.976907    -27.976927
   2.77837    -27.976855    -27.976875
   2.72368    -27.976800    -27.976820
   2.66899    -27.976743    -27.976763
   2.61430    -27.976684    -27.976705
   2.55961    -27.976629    -27.976649
   2.50492    -27.976578    -27.976598
   2.45023    -27.976533    -27.976553
   2.39554    -27.976496    -27.976516
   2.34085    -27.976466    -27.976486
   2.28616    -27.976445    -27.976465
   2.23147    -27.976431    -27.976451
   2.17678    -27.976422    -27.976442
   2.12209    -27.976419    -27.976439
   2.12209    -27.976419    -27.976439
   2.06778    -27.976430    -27.976450
   2.01347    -27.976460    -27.976480
   1.95917    -27.976507    -27.976527
   1.90486    -27.976568    -27.976588
   1.85055    -27.976638    -27.976658
   1.79625    -27.976712    -27.976732
   1.74194    -27.976785    -27.976805
   1.68763    -27.976854    -27.976874
   1.63333    -27.976913    -27.976933
   1.57902    -27.976957    -27.976977
   1.52471    -27.976986    -27.977006
   1.47041    -27.976995    -27.977016
   1.47041    -27.976995    -27.977016
   1.41012    -27.976991    -27.977011
   1.34983    -27.976975    -27.976995
   1.28955    -27.976946    -27.976966
   1.22926    -27.976907    -27.976927
   1.16897    -27.976858    -27.976878
   1.10868    -27.976803    -27.976823
   1.04840    -27.976745    -27.976765
   1.04840    -27.975880    -27.975900
   0.99112    -27.975934    -27.975954
   0.93385    -27.975989    -27.976009
   0.87657    -27.976046    -27.976066
   0.81929    -27.976103    -27.976123
   0.76202    -27.976160    -27.976180
   0.70474    -27.976217    -27.976237
   0.64747    -27.976273    -27.976293
   0.59019    -27.976323    -27.976343
   0.53292    -27.976367    -27.976387
   0.47564    -27.976402    -27.976422
   0.41836    -27.976425    -27.976445
   0.36109    -27.976433    -27.976453
   0.36109    -27.976433    -27.976453
   0.30091    -27.976429    -27.976449
   0.24073    -27.976426    -27.976447
   0.18054    -27.976426    -27.976446
   0.12036    -27.976423    -27.976443
   0.06018    -27.976420    -27.976440
   0.00000    -27.976419    -27.976439
 
# Band-Index    9
   0.00000    -27.953135    -27.953139
   0.06018    -27.953136    -27.953140
   0.12036    -27.953137    -27.953141
   0.18054    -27.953138    -27.953142
   0.24073    -27.953137    -27.953141
   0.30091    -27.953138    -27.953142
   0.36109    -27.953138    -27.953143
   0.36109    -27.953138    -27.953143
   0.41836    -27.953165    -27.953169
   0.47564    -27.953245    -27.953249
   0.53292    -27.953379    -27.953383
   0.59019    -27.953571    -27.953575
   0.64747    -27.953821    -27.953825
   0.70474    -27.954126    -27.954130
   0.76202    -27.954489    -27.954493
   0.81929    -27.954896    -27.954900
   0.87657    -27.955342    -27.955346
   0.93385    -27.955812    -27.955817
   0.99112    -27.956299    -27.956303
   1.04840    -27.956787    -27.956792
   1.04840    -27.956984    -27.956988
   1.10868    -27.957553    -27.957557
   1.16897    -27.958110    -27.958113
   1.22926    -27.958632    -27.958635
   1.28955    -27.959090    -27.959094
   1.34983    -27.959453    -27.959457
   1.41012    -27.959685    -27.959689
   1.47041    -27.959764    -27.959767
   1.47041    -27.959764    -27.959767
   1.52471    -27.959650    -27.959653
   1.57902    -27.959315    -27.959319
   1.63333    -27.958781    -27.958784
   1.68763    -27.958087    -27.958090
   1.74194    -27.957281    -27.957284
   1.79625    -27.956416    -27.956420
   1.85055    -27.955560    -27.955563
   1.90486    -27.954765    -27.954768
   1.95917    -27.954084    -27.954088
   2.01347    -27.953566    -27.953570
   2.06778    -27.953244    -27.953248
   2.12209    -27.953135    -27.953139
   2.12209    -27.953135    -27.953139
   2.17678    -27.953160    -27.953164
   2.23147    -27.953239    -27.953243
   2.28616    -27.953372    -27.953376
   2.34085    -27.953561    -27.953565
   2.39554    -27.953807    -27.953811
   2.45023    -27.954109    -27.954113
   2.50492    -27.954463    -27.954467
   2.55961    -27.954864    -27.954868
   2.61430    -27.955305    -27.955309
   2.66899    -27.955776    -27.955780
   2.72368    -27.956267    -27.956271
   2.77837    -27.956766    -27.956770
   2.83306    -27.957261    -27.957265
   2.88775    -27.957735    -27.957739
   2.88775    -27.956862    -27.956866
   2.95648    -27.955558    -27.955563
   3.02521    -27.954307    -27.954312
   3.09394    -27.953278    -27.953282
   3.16267    -27.952606    -27.952611
   3.23141    -27.952372    -27.952377
   3.23141    -27.952372    -27.952377
   3.28842    -27.952382    -27.952387
   3.34544    -27.952412    -27.952417
   3.40246    -27.952463    -27.952467
   3.45948    -27.952530    -27.952534
   3.51649    -27.952613    -27.952618
   3.57351    -27.952708    -27.952713
   3.63053    -27.952810    -27.952814
   3.68755    -27.952910    -27.952914
   3.74456    -27.953000    -27.953004
   3.80158    -27.953072    -27.953076
   3.85860    -27.953119    -27.953123
   3.91562    -27.953135    -27.953139
 
# Band-Index   10
   3.91562    -27.943901    -27.943903
   3.85860    -27.943799    -27.943801
   3.80158    -27.943505    -27.943507
   3.74456    -27.943044    -27.943045
   3.68755    -27.942444    -27.942445
   3.63053    -27.941753    -27.941755
   3.57351    -27.941024    -27.941025
   3.51649    -27.940303    -27.940305
   3.45948    -27.939641    -27.939643
   3.40246    -27.939081    -27.939082
   3.34544    -27.938653    -27.938654
   3.28842    -27.938389    -27.938390
   3.23141    -27.938299    -27.938301
   3.23141    -27.938299    -27.938301
   3.16267    -27.938369    -27.938370
   3.09394    -27.938568    -27.938570
   3.02521    -27.938881    -27.938882
   2.95648    -27.939285    -27.939286
   2.88775    -27.939760    -27.939762
   2.88775    -27.940028    -27.940030
   2.83306    -27.940274    -27.940276
   2.77837    -27.940543    -27.940545
   2.72368    -27.940835    -27.940837
   2.66899    -27.941150    -27.941152
   2.61430    -27.941485    -27.941487
   2.55961    -27.941835    -27.941837
   2.50492    -27.942198    -27.942200
   2.45023    -27.942561    -27.942562
   2.39554    -27.942911    -27.942913
   2.34085    -27.943234    -27.943235
   2.28616    -27.943509    -27.943511
   2.23147    -27.943721    -27.943722
   2.17678    -27.943854    -27.943855
   2.12209    -27.943901    -27.943903
   2.12209    -27.943901    -27.943903
   2.06778    -27.943899    -27.943901
   2.01347    -27.943891    -27.943893
   1.95917    -27.943876    -27.943878
   1.90486    -27.943853    -27.943855
   1.85055    -27.943817    -27.943820
   1.79625    -27.943773    -27.943775
   1.74194    -27.943725    -27.943728
   1.68763    -27.943678    -27.943680
   1.63333    -27.943635    -27.943638
   1.57902    -27.943602    -27.943604
   1.52471    -27.943579    -27.943582
   1.47041    -27.943572    -27.943575
   1.47041    -27.943572    -27.943575
   1.41012    -27.943450    -27.943453
   1.34983    -27.943091    -27.943094
   1.28955    -27.942521    -27.942524
   1.22926    -27.941798    -27.941800
   1.16897    -27.940990    -27.940993
   1.10868    -27.940190    -27.940192
   1.04840    -27.939492    -27.939494
   1.04840    -27.940137    -27.940139
   0.99112    -27.940451    -27.940453
   0.93385    -27.940794    -27.940796
   0.87657    -27.941164    -27.941165
   0.81929    -27.941555    -27.941556
   0.76202    -27.941960    -27.941962
   0.70474    -27.942369    -27.942371
   0.64747    -27.942771    -27.942773
   0.59019    -27.943140    -27.943142
   0.53292    -27.943458    -27.943460
   0.47564    -27.943704    -27.943706
   0.41836    -27.943859    -27.943861
   0.36109    -27.943911    -27.943913
   0.36109    -27.943911    -27.943913
   0.30091    -27.943910    -27.943912
   0.24073    -27.943907    -27.943909
   0.18054    -27.943906    -27.943908
   0.12036    -27.943904    -27.943906
   0.06018    -27.943902    -27.943904
   0.00000    -27.943901    -27.943903
 
# Band-Index   11
   0.00000    -27.931985    -27.932009
   0.06018    -27.931985    -27.932009
   0.12036    -27.931985    -27.932008
   0.18054    -27.931982    -27.932006
   0.24073    -27.931979    -27.932003
   0.30091    -27.931978    -27.932002
   0.36109    -27.931978    -27.932002
   0.36109    -27.931978    -27.932002
   0.41836    -27.932007    -27.932031
   0.47564    -27.932092    -27.932116
   0.53292    -27.932235    -27.932258
   0.59019    -27.932436    -27.932459
   0.64747    -27.932693    -27.932717
   0.70474    -27.933005    -27.933028
   0.76202    -27.933369    -27.933393
   0.81929    -27.933777    -27.933800
   0.87657    -27.934219    -27.934242
   0.93385    -27.934684    -27.934707
   0.99112    -27.935162    -27.935185
   1.04840    -27.935640    -27.935663
   1.04840    -27.935775    -27.935797
   1.10868    -27.936402    -27.936425
   1.16897    -27.937021    -27.937045
   1.22926    -27.937605    -27.937628
   1.28955    -27.938117    -27.938141
   1.34983    -27.938521    -27.938545
   1.41012    -27.938778    -27.938803
   1.47041    -27.938866    -27.938890
   1.47041    -27.938866    -27.938890
   1.52471    -27.938750    -27.938774
   1.57902    -27.938408    -27.938432
   1.63333    -27.937862    -27.937886
   1.68763    -27.937150    -27.937174
   1.74194    -27.936320    -27.936344
   1.79625    -27.935427    -27.935451
   1.85055    -27.934537    -27.934561
   1.90486    -27.933707    -27.933731
   1.95917    -27.932992    -27.933016
   2.01347    -27.932444    -27.932468
   2.06778    -27.932101    -27.932124
   2.12209    -27.931985    -27.932007
   2.12209    -27.931985    -27.932009
   2.17678    -27.932012    -27.932035
   2.23147    -27.932095    -27.932119
   2.28616    -27.932236    -27.932259
   2.34085    -27.932433    -27.932456
   2.39554    -27.932685    -27.932709
   2.45023    -27.932992    -27.933016
   2.50492    -27.933349    -27.933372
   2.55961    -27.933749    -27.933773
   2.61430    -27.934188    -27.934211
   2.66899    -27.934653    -27.934676
   2.72368    -27.935137    -27.935160
   2.77837    -27.935626    -27.935649
   2.83306    -27.936109    -27.936132
   2.88775    -27.936570    -27.936593
   2.88775    -27.935681    -27.935704
   2.95648    -27.934317    -27.934339
   3.02521    -27.932999    -27.933022
   3.09394    -27.931909    -27.931931
   3.16267    -27.931194    -27.931216
   3.23141    -27.930944    -27.930966
   3.23141    -27.930944    -27.930966
   3.28842    -27.930959    -27.930980
   3.34544    -27.931001    -27.931022
   3.40246    -27.931071    -27.931093
   3.45948    -27.931164    -27.931186
   3.51649    -27.931279    -27.931301
   3.57351    -27.931409    -27.931432
   3.63053    -27.931547    -27.931569
   3.68755    -27.931682    -27.931705
   3.74456    -27.931803    -27.931826
   3.80158    -27.931900    -27.931923
   3.85860    -27.931963    -27.931987
   3.91562    -27.931985    -27.932009
 
# Band-Index   12
   3.91562    -27.919354    -27.919373
   3.85860    -27.919255    -27.919274
   3.80158    -27.918969    -27.918988
   3.74456    -27.918520    -27.918539
   3.68755    -27.917935    -27.917954
   3.63053    -27.917261    -27.917280
   3.57351    -27.916547    -27.916567
   3.51649    -27.915841    -27.915861
   3.45948    -27.915191    -27.915211
   3.40246    -27.914640    -27.914661
   3.34544    -27.914220    -27.914240
   3.28842    -27.913960    -27.913980
   3.23141    -27.913872    -27.913892
   3.23141    -27.913872    -27.913892
   3.16267    -27.913927    -27.913948
   3.09394    -27.914090    -27.914110
   3.02521    -27.914352    -27.914372
   2.95648    -27.914702    -27.914721
   2.88775    -27.915127    -27.915146
   2.88775    -27.915380    -27.915399
   2.83306    -27.915622    -27.915641
   2.77837    -27.915886    -27.915906
   2.72368    -27.916176    -27.916195
   2.66899    -27.916491    -27.916509
   2.61430    -27.916828    -27.916847
   2.55961    -27.917185    -27.917204
   2.50492    -27.917558    -27.917577
   2.45023    -27.917935    -27.917953
   2.39554    -27.918302    -27.918320
   2.34085    -27.918642    -27.918661
   2.28616    -27.918935    -27.918954
   2.23147    -27.919160    -27.919179
   2.17678    -27.919303    -27.919322
   2.12209    -27.919354    -27.919373
   2.12209    -27.919354    -27.919373
   2.06778    -27.919344    -27.919363
   2.01347    -27.919316    -27.919335
   1.95917    -27.919272    -27.919290
   1.90486    -27.919213    -27.919232
   1.85055    -27.919142    -27.919160
   1.79625    -27.919063    -27.919081
   1.74194    -27.918984    -27.919002
   1.68763    -27.918909    -27.918927
   1.63333    -27.918844    -27.918862
   1.57902    -27.918793    -27.918811
   1.52471    -27.918760    -27.918777
   1.47041    -27.918749    -27.918766
   1.47041    -27.918749    -27.918766
   1.41012    -27.918633    -27.918651
   1.34983    -27.918291    -27.918309
   1.28955    -27.917749    -27.917767
   1.22926    -27.917061    -27.917079
   1.16897    -27.916294    -27.916313
   1.10868    -27.915535    -27.915554
   1.04840    -27.914876    -27.914896
   1.04840    -27.915482    -27.915502
   0.99112    -27.915793    -27.915812
   0.93385    -27.916134    -27.916153
   0.87657    -27.916505    -27.916524
   0.81929    -27.916902    -27.916920
   0.76202    -27.917317    -27.917336
   0.70474    -27.917741    -27.917759
   0.64747    -27.918160    -27.918179
   0.59019    -27.918549    -27.918567
   0.53292    -27.918886    -27.918904
   0.47564    -27.919148    -27.919167
   0.41836    -27.919314    -27.919333
   0.36109    -27.919371    -27.919389
   0.36109    -27.919371    -27.919389
   0.30091    -27.919369    -27.919388
   0.24073    -27.919365    -27.919384
   0.18054    -27.919362    -27.919381
   0.12036    -27.919359    -27.919377
   0.06018    -27.919356    -27.919374
   0.00000    -27.919354    -27.919373
 
# Band-Index   13
   0.00000    -14.334650    -14.333701
   0.06018    -14.334597    -14.333647
   0.12036    -14.334427    -14.333478
   0.18054    -14.334191    -14.333241
   0.24073    -14.333954    -14.333004
   0.30091    -14.333777    -14.332828
   0.36109    -14.333721    -14.332772
   0.36109    -14.333721    -14.332772
   0.41836    -14.333530    -14.332580
   0.47564    -14.332975    -14.332024
   0.53292    -14.332082    -14.331131
   0.59019    -14.330937    -14.329986
   0.64747    -14.329633    -14.328682
   0.70474    -14.328234    -14.327282
   0.76202    -14.326895    -14.325943
   0.81929    -14.325657    -14.324705
   0.87657    -14.324618    -14.323666
   0.93385    -14.323823    -14.322870
   0.99112    -14.323296    -14.322343
   1.04840    -14.323042    -14.322089
   1.04840    -14.322931    -14.321978
   1.10868    -14.322989    -14.322036
   1.16897    -14.323241    -14.322289
   1.22926    -14.323620    -14.322667
   1.28955    -14.324036    -14.323083
   1.34983    -14.324422    -14.323470
   1.41012    -14.324678    -14.323726
   1.47041    -14.324760    -14.323808
   1.47041    -14.324760    -14.323808
   1.52471    -14.324928    -14.323976
   1.57902    -14.325421    -14.324469
   1.63333    -14.326209    -14.325257
   1.68763    -14.327233    -14.326281
   1.74194    -14.328425    -14.327474
   1.79625    -14.329707    -14.328756
   1.85055    -14.331003    -14.330053
   1.90486    -14.332197    -14.331247
   1.95917    -14.333213    -14.332263
   2.01347    -14.333998    -14.333049
   2.06778    -14.334493    -14.333544
   2.12209    -14.334650    -14.333701
   2.12209    -14.334650    -14.333701
   2.17678    -14.334467    -14.333518
   2.23147    -14.333940    -14.332991
   2.28616    -14.333085    -14.332135
   2.34085    -14.331975    -14.331025
   2.39554    -14.330693    -14.329743
   2.45023    -14.329299    -14.328348
   2.50492    -14.327900    -14.326949
   2.55961    -14.326573    -14.325621
   2.61430    -14.325406    -14.324454
   2.66899    -14.324438    -14.323486
   2.72368    -14.323709    -14.322757
   2.77837    -14.323231    -14.322278
   2.83306    -14.323003    -14.322050
   2.88775    -14.322970    -14.322017
   2.88775    -14.322949    -14.321996
   2.95648    -14.322966    -14.322012
   3.02521    -14.323141    -14.322188
   3.09394    -14.323355    -14.322402
   3.16267    -14.323523    -14.322570
   3.23141    -14.323585    -14.322632
   3.23141    -14.323585    -14.322632
   3.28842    -14.323773    -14.322820
   3.34544    -14.324317    -14.323365
   3.40246    -14.325212    -14.324259
   3.45948    -14.326355    -14.325403
   3.51649    -14.327681    -14.326730
   3.57351    -14.329115    -14.328164
   3.63053    -14.330552    -14.329602
   3.68755    -14.331891    -14.330941
   3.74456    -14.333038    -14.332088
   3.80158    -14.333909    -14.332960
   3.85860    -14.334467    -14.333518
   3.91562    -14.334650    -14.333701
 
# Band-Index   14
   3.91562    -12.698652    -12.698325
   3.85860    -12.698403    -12.698075
   3.80158    -12.697651    -12.697323
   3.74456    -12.696467    -12.696139
   3.68755    -12.694922    -12.694594
   3.63053    -12.693117    -12.692789
   3.57351    -12.691174    -12.690846
   3.51649    -12.689233    -12.688904
   3.45948    -12.687428    -12.687099
   3.40246    -12.685875    -12.685546
   3.34544    -12.684660    -12.684331
   3.28842    -12.683913    -12.683584
   3.23141    -12.683654    -12.683325
   3.23141    -12.683654    -12.683325
   3.16267    -12.683600    -12.683271
   3.09394    -12.683450    -12.683121
   3.02521    -12.683282    -12.682953
   2.95648    -12.683180    -12.682851
   2.88775    -12.683298    -12.682970
   2.88775    -12.683637    -12.683310
   2.83306    -12.683316    -12.682988
   2.77837    -12.683293    -12.682964
   2.72368    -12.683663    -12.683333
   2.66899    -12.684439    -12.684109
   2.61430    -12.685613    -12.685282
   2.55961    -12.687129    -12.686798
   2.50492    -12.688929    -12.688599
   2.45023    -12.690879    -12.690549
   2.39554    -12.692861    -12.692531
   2.34085    -12.694717    -12.694388
   2.28616    -12.696338    -12.696009
   2.23147    -12.697594    -12.697266
   2.17678    -12.698374    -12.698047
   2.12209    -12.698652    -12.698325
   2.12209    -12.698652    -12.698325
   2.06778    -12.698436    -12.698108
   2.01347    -12.697800    -12.697472
   1.95917    -12.696787    -12.696458
   1.90486    -12.695471    -12.695142
   1.85055    -12.693923    -12.693594
   1.79625    -12.692237    -12.691908
   1.74194    -12.690566    -12.690237
   1.68763    -12.689005    -12.688675
   1.63333    -12.687666    -12.687335
   1.57902    -12.686638    -12.686307
   1.52471    -12.685994    -12.685663
   1.47041    -12.685773    -12.685442
   1.47041    -12.685773    -12.685442
   1.41012    -12.685659    -12.685329
   1.34983    -12.685309    -12.684979
   1.28955    -12.684791    -12.684461
   1.22926    -12.684234    -12.683905
   1.16897    -12.683756    -12.683427
   1.10868    -12.683482    -12.683155
   1.04840    -12.683524    -12.683197
   1.04840    -12.683380    -12.683052
   0.99112    -12.683800    -12.683471
   0.93385    -12.684673    -12.684343
   0.87657    -12.685996    -12.685665
   0.81929    -12.687726    -12.687396
   0.76202    -12.689786    -12.689456
   0.70474    -12.692027    -12.691697
   0.64747    -12.694354    -12.694025
   0.59019    -12.696542    -12.696214
   0.53292    -12.698458    -12.698131
   0.47564    -12.699952    -12.699625
   0.41836    -12.700888    -12.700562
   0.36109    -12.701207    -12.700881
   0.36109    -12.701207    -12.700881
   0.30091    -12.701031    -12.700705
   0.24073    -12.700564    -12.700238
   0.18054    -12.699929    -12.699602
   0.12036    -12.699292    -12.698965
   0.06018    -12.698825    -12.698498
   0.00000    -12.698652    -12.698325
 
# Band-Index   15
   0.00000     -8.718408     -8.718419
   0.06018     -8.718407     -8.718417
   0.12036     -8.718403     -8.718413
   0.18054     -8.718396     -8.718406
   0.24073     -8.718389     -8.718399
   0.30091     -8.718385     -8.718395
   0.36109     -8.718384     -8.718394
   0.36109     -8.718384     -8.718394
   0.41836     -8.718362     -8.718372
   0.47564     -8.718308     -8.718318
   0.53292     -8.718239     -8.718249
   0.59019     -8.718165     -8.718176
   0.64747     -8.718083     -8.718094
   0.70474     -8.717989     -8.718000
   0.76202     -8.717878     -8.717888
   0.81929     -8.717744     -8.717754
   0.87657     -8.717581     -8.717592
   0.93385     -8.717386     -8.717397
   0.99112     -8.717166     -8.717177
   1.04840     -8.716946     -8.716957
   1.04840     -8.716479     -8.716489
   1.10868     -8.717046     -8.717056
   1.16897     -8.718010     -8.718020
   1.22926     -8.719332     -8.719341
   1.28955     -8.720634     -8.720643
   1.34983     -8.721695     -8.721704
   1.41012     -8.722384     -8.722393
   1.47041     -8.722621     -8.722630
   1.47041     -8.722621     -8.722630
   1.52471     -8.722543     -8.722552
   1.57902     -8.722312     -8.722321
   1.63333     -8.721945     -8.721955
   1.68763     -8.721470     -8.721479
   1.74194     -8.720918     -8.720927
   1.79625     -8.720329     -8.720339
   1.85055     -8.719751     -8.719761
   1.90486     -8.719233     -8.719243
   1.95917     -8.718828     -8.718838
   2.01347     -8.718570     -8.718580
   2.06778     -8.718444     -8.718455
   2.12209     -8.718408     -8.718419
   2.12209     -8.718408     -8.718419
   2.17678     -8.718389     -8.718400
   2.23147     -8.718345     -8.718355
   2.28616     -8.718290     -8.718301
   2.34085     -8.718232     -8.718242
   2.39554     -8.718166     -8.718177
   2.45023     -8.718093     -8.718104
   2.50492     -8.718008     -8.718018
   2.55961     -8.717904     -8.717914
   2.61430     -8.717775     -8.717786
   2.66899     -8.717617     -8.717628
   2.72368     -8.717431     -8.717442
   2.77837     -8.717230     -8.717240
   2.83306     -8.717050     -8.717061
   2.88775     -8.717004     -8.717015
   2.88775     -8.716603     -8.716613
   2.95648     -8.715940     -8.715951
   3.02521     -8.715351     -8.715362
   3.09394     -8.714891     -8.714902
   3.16267     -8.714599     -8.714610
   3.23141     -8.714499     -8.714510
   3.23141     -8.714499     -8.714510
   3.28842     -8.714555     -8.714566
   3.34544     -8.714726     -8.714737
   3.40246     -8.715005     -8.715015
   3.45948     -8.715375     -8.715386
   3.51649     -8.715822     -8.715833
   3.57351     -8.716320     -8.716330
   3.63053     -8.716832     -8.716843
   3.68755     -8.717327     -8.717338
   3.74456     -8.717767     -8.717777
   3.80158     -8.718110     -8.718121
   3.85860     -8.718331     -8.718342
   3.91562     -8.718408     -8.718419
 
# Band-Index   16
   3.91562     -8.717630     -8.717640
   3.85860     -8.717477     -8.717487
   3.80158     -8.717027     -8.717037
   3.74456     -8.716313     -8.716322
   3.68755     -8.715386     -8.715396
   3.63053     -8.714316     -8.714325
   3.57351     -8.713176     -8.713185
   3.51649     -8.712044     -8.712053
   3.45948     -8.710998     -8.711008
   3.40246     -8.710107     -8.710116
   3.34544     -8.709427     -8.709436
   3.28842     -8.709003     -8.709012
   3.23141     -8.708860     -8.708869
   3.23141     -8.708860     -8.708869
   3.16267     -8.709162     -8.709171
   3.09394     -8.710038     -8.710047
   3.02521     -8.711387     -8.711397
   2.95648     -8.713057     -8.713066
   2.88775     -8.714866     -8.714875
   2.88775     -8.715824     -8.715833
   2.83306     -8.715474     -8.715483
   2.77837     -8.715068     -8.715077
   2.72368     -8.714751     -8.714760
   2.66899     -8.714579     -8.714588
   2.61430     -8.714573     -8.714583
   2.55961     -8.714736     -8.714746
   2.50492     -8.715049     -8.715058
   2.45023     -8.715477     -8.715487
   2.39554     -8.715975     -8.715985
   2.34085     -8.716488     -8.716497
   2.28616     -8.716955     -8.716965
   2.23147     -8.717323     -8.717333
   2.17678     -8.717553     -8.717563
   2.12209     -8.717630     -8.717640
   2.12209     -8.717630     -8.717640
   2.06778     -8.717680     -8.717690
   2.01347     -8.717808     -8.717818
   1.95917     -8.717957     -8.717967
   1.90486     -8.718083     -8.718094
   1.85055     -8.718185     -8.718195
   1.79625     -8.718274     -8.718285
   1.74194     -8.718356     -8.718366
   1.68763     -8.718430     -8.718440
   1.63333     -8.718491     -8.718501
   1.57902     -8.718539     -8.718549
   1.52471     -8.718571     -8.718581
   1.47041     -8.718582     -8.718592
   1.47041     -8.718582     -8.718592
   1.41012     -8.718504     -8.718514
   1.34983     -8.718277     -8.718287
   1.28955     -8.717919     -8.717929
   1.22926     -8.717435     -8.717445
   1.16897     -8.716786     -8.716795
   1.10868     -8.715792     -8.715801
   1.04840     -8.714611     -8.714621
   1.04840     -8.715131     -8.715141
   0.99112     -8.714752     -8.714762
   0.93385     -8.714507     -8.714517
   0.87657     -8.714439     -8.714448
   0.81929     -8.714557     -8.714566
   0.76202     -8.714847     -8.714857
   0.70474     -8.715279     -8.715288
   0.64747     -8.715801     -8.715811
   0.59019     -8.716351     -8.716361
   0.53292     -8.716861     -8.716871
   0.47564     -8.717268     -8.717277
   0.41836     -8.717522     -8.717532
   0.36109     -8.717606     -8.717616
   0.36109     -8.717606     -8.717616
   0.30091     -8.717607     -8.717617
   0.24073     -8.717611     -8.717621
   0.18054     -8.717618     -8.717628
   0.12036     -8.717625     -8.717635
   0.06018     -8.717629     -8.717639
   0.00000     -8.717630     -8.717640
 
# Band-Index   17
   0.00000     -8.567362     -8.567378
   0.06018     -8.567363     -8.567379
   0.12036     -8.567370     -8.567386
   0.18054     -8.567375     -8.567391
   0.24073     -8.567380     -8.567396
   0.30091     -8.567386     -8.567402
   0.36109     -8.567390     -8.567406
   0.36109     -8.567390     -8.567406
   0.41836     -8.567377     -8.567392
   0.47564     -8.567339     -8.567355
   0.53292     -8.567282     -8.567297
   0.59019     -8.567208     -8.567223
   0.64747     -8.567118     -8.567132
   0.70474     -8.567012     -8.567026
   0.76202     -8.566889     -8.566902
   0.81929     -8.566744     -8.566755
   0.87657     -8.566566     -8.566576
   0.93385     -8.566353     -8.566362
   0.99112     -8.566107     -8.566115
   1.04840     -8.565830     -8.565836
   1.04840     -8.566020     -8.566024
   1.10868     -8.566188     -8.566193
   1.16897     -8.566366     -8.566371
   1.22926     -8.566545     -8.566553
   1.28955     -8.566721     -8.566732
   1.34983     -8.566883     -8.566898
   1.41012     -8.567004     -8.567021
   1.47041     -8.567049     -8.567067
   1.47041     -8.567049     -8.567067
   1.52471     -8.567054     -8.567071
   1.57902     -8.567068     -8.567086
   1.63333     -8.567093     -8.567110
   1.68763     -8.567126     -8.567143
   1.74194     -8.567165     -8.567182
   1.79625     -8.567206     -8.567223
   1.85055     -8.567247     -8.567263
   1.90486     -8.567284     -8.567301
   1.95917     -8.567316     -8.567332
   2.01347     -8.567341     -8.567357
   2.06778     -8.567357     -8.567373
   2.12209     -8.567362     -8.567378
   2.12209     -8.567362     -8.567378
   2.17678     -8.567357     -8.567373
   2.23147     -8.567343     -8.567359
   2.28616     -8.567321     -8.567337
   2.34085     -8.567294     -8.567309
   2.39554     -8.567262     -8.567277
   2.45023     -8.567224     -8.567238
   2.50492     -8.567176     -8.567189
   2.55961     -8.567112     -8.567124
   2.61430     -8.567024     -8.567035
   2.66899     -8.566906     -8.566916
   2.72368     -8.566752     -8.566761
   2.77837     -8.566565     -8.566573
   2.83306     -8.566355     -8.566361
   2.88775     -8.566135     -8.566138
   2.88775     -8.565895     -8.565900
   2.95648     -8.566102     -8.566108
   3.02521     -8.566327     -8.566335
   3.09394     -8.566530     -8.566538
   3.16267     -8.566668     -8.566677
   3.23141     -8.566717     -8.566726
   3.23141     -8.566717     -8.566726
   3.28842     -8.566716     -8.566725
   3.34544     -8.566716     -8.566725
   3.40246     -8.566723     -8.566733
   3.45948     -8.566745     -8.566756
   3.51649     -8.566791     -8.566803
   3.57351     -8.566865     -8.566878
   3.63053     -8.566961     -8.566975
   3.68755     -8.567071     -8.567086
   3.74456     -8.567183     -8.567198
   3.80158     -8.567277     -8.567293
   3.85860     -8.567340     -8.567356
   3.91562     -8.567362     -8.567378
 
# Band-Index   18
   3.91562     -8.557990     -8.557997
   3.85860     -8.558000     -8.558008
   3.80158     -8.558027     -8.558035
   3.74456     -8.558067     -8.558076
   3.68755     -8.558112     -8.558121
   3.63053     -8.558153     -8.558164
   3.57351     -8.558184     -8.558195
   3.51649     -8.558197     -8.558210
   3.45948     -8.558197     -8.558210
   3.40246     -8.558186     -8.558200
   3.34544     -8.558170     -8.558184
   3.28842     -8.558157     -8.558172
   3.23141     -8.558152     -8.558167
   3.23141     -8.558152     -8.558167
   3.16267     -8.558392     -8.558408
   3.09394     -8.559076     -8.559092
   3.02521     -8.560104     -8.560120
   2.95648     -8.561330     -8.561348
   2.88775     -8.562572     -8.562591
   2.88775     -8.563726     -8.563747
   2.83306     -8.563331     -8.563349
   2.77837     -8.562876     -8.562893
   2.72368     -8.562378     -8.562393
   2.66899     -8.561850     -8.561863
   2.61430     -8.561302     -8.561315
   2.55961     -8.560749     -8.560761
   2.50492     -8.560206     -8.560217
   2.45023     -8.559688     -8.559698
   2.39554     -8.559212     -8.559222
   2.34085     -8.558796     -8.558804
   2.28616     -8.558454     -8.558462
   2.23147     -8.558200     -8.558207
   2.17678     -8.558043     -8.558050
   2.12209     -8.557990     -8.557997
   2.12209     -8.557990     -8.557997
   2.06778     -8.558120     -8.558128
   2.01347     -8.558502     -8.558510
   1.95917     -8.559109     -8.559116
   1.90486     -8.559899     -8.559906
   1.85055     -8.560815     -8.560823
   1.79625     -8.561797     -8.561804
   1.74194     -8.562776     -8.562783
   1.68763     -8.563686     -8.563693
   1.63333     -8.564465     -8.564472
   1.57902     -8.565061     -8.565068
   1.52471     -8.565437     -8.565444
   1.47041     -8.565565     -8.565572
   1.47041     -8.565565     -8.565572
   1.41012     -8.565513     -8.565520
   1.34983     -8.565347     -8.565357
   1.28955     -8.565055     -8.565068
   1.22926     -8.564633     -8.564650
   1.16897     -8.564104     -8.564123
   1.10868     -8.563509     -8.563528
   1.04840     -8.562888     -8.562908
   1.04840     -8.562371     -8.562389
   0.99112     -8.561955     -8.561972
   0.93385     -8.561502     -8.561517
   0.87657     -8.561022     -8.561036
   0.81929     -8.560528     -8.560540
   0.76202     -8.560033     -8.560044
   0.70474     -8.559554     -8.559564
   0.64747     -8.559108     -8.559118
   0.59019     -8.558713     -8.558722
   0.53292     -8.558385     -8.558394
   0.47564     -8.558140     -8.558148
   0.41836     -8.557989     -8.557997
   0.36109     -8.557938     -8.557946
   0.36109     -8.557938     -8.557946
   0.30091     -8.557940     -8.557948
   0.24073     -8.557948     -8.557956
   0.18054     -8.557964     -8.557972
   0.12036     -8.557978     -8.557985
   0.06018     -8.557986     -8.557994
   0.00000     -8.557990     -8.557997
 
# Band-Index   19
   0.00000     -8.380632     -8.380624
   0.06018     -8.380310     -8.380302
   0.12036     -8.379428     -8.379420
   0.18054     -8.378222     -8.378214
   0.24073     -8.377015     -8.377006
   0.30091     -8.376132     -8.376123
   0.36109     -8.375811     -8.375802
   0.36109     -8.375811     -8.375802
   0.41836     -8.375626     -8.375617
   0.47564     -8.375086     -8.375077
   0.53292     -8.374237     -8.374228
   0.59019     -8.373152     -8.373143
   0.64747     -8.371921     -8.371912
   0.70474     -8.370645     -8.370635
   0.76202     -8.369423     -8.369413
   0.81929     -8.368343     -8.368333
   0.87657     -8.367477     -8.367466
   0.93385     -8.366869     -8.366858
   0.99112     -8.366533     -8.366522
   1.04840     -8.366456     -8.366445
   1.04840     -8.366607     -8.366596
   1.10868     -8.367049     -8.367038
   1.16897     -8.367679     -8.367668
   1.22926     -8.368387     -8.368376
   1.28955     -8.369067     -8.369056
   1.34983     -8.369625     -8.369614
   1.41012     -8.369990     -8.369979
   1.47041     -8.370117     -8.370106
   1.47041     -8.370117     -8.370106
   1.52471     -8.370298     -8.370287
   1.57902     -8.370831     -8.370820
   1.63333     -8.371678     -8.371667
   1.68763     -8.372778     -8.372768
   1.74194     -8.374055     -8.374045
   1.79625     -8.375420     -8.375411
   1.85055     -8.376778     -8.376769
   1.90486     -8.378038     -8.378029
   1.95917     -8.379115     -8.379107
   2.01347     -8.379939     -8.379930
   2.06778     -8.380457     -8.380448
   2.12209     -8.380632     -8.380624
   2.12209     -8.380632     -8.380624
   2.17678     -8.380428     -8.380419
   2.23147     -8.379828     -8.379819
   2.28616     -8.378873     -8.378865
   2.34085     -8.377629     -8.377620
   2.39554     -8.376177     -8.376168
   2.45023     -8.374611     -8.374602
   2.50492     -8.373028     -8.373018
   2.55961     -8.371521     -8.371511
   2.61430     -8.370168     -8.370158
   2.66899     -8.369029     -8.369018
   2.72368     -8.368142     -8.368131
   2.77837     -8.367517     -8.367506
   2.83306     -8.367141     -8.367130
   2.88775     -8.366980     -8.366969
   2.88775     -8.366540     -8.366529
   2.95648     -8.366164     -8.366153
   3.02521     -8.365992     -8.365981
   3.09394     -8.365944     -8.365933
   3.16267     -8.365949     -8.365938
   3.23141     -8.365958     -8.365947
   3.23141     -8.365958     -8.365947
   3.28842     -8.366205     -8.366194
   3.34544     -8.366933     -8.366922
   3.40246     -8.368092     -8.368082
   3.45948     -8.369605     -8.369594
   3.51649     -8.371370     -8.371360
   3.57351     -8.373269     -8.373259
   3.63053     -8.375170     -8.375161
   3.68755     -8.376945     -8.376936
   3.74456     -8.378471     -8.378462
   3.80158     -8.379643     -8.379634
   3.85860     -8.380381     -8.380373
   3.91562     -8.380632     -8.380624
 
# Band-Index   20
   3.91562     -3.860373     -3.860321
   3.85860     -3.855357     -3.855305
   3.80158     -3.840498     -3.840442
   3.74456     -3.816384     -3.816323
   3.68755     -3.784016     -3.783948
   3.63053     -3.744838     -3.744760
   3.57351     -3.700784     -3.700695
   3.51649     -3.654331     -3.654229
   3.45948     -3.608521     -3.608404
   3.40246     -3.566898     -3.566767
   3.34544     -3.533292     -3.533149
   3.28842     -3.511329     -3.511178
   3.23141     -3.503675     -3.503521
   3.23141     -3.503675     -3.503521
   3.16267     -3.501813     -3.501658
   3.09394     -3.496791     -3.496633
   3.02521     -3.490264     -3.490104
   2.95648     -3.484854     -3.484691
   2.88775     -3.483931     -3.483767
   2.88775     -3.479807     -3.479632
   2.83306     -3.482807     -3.482630
   2.77837     -3.492869     -3.492693
   2.72368     -3.511412     -3.511240
   2.66899     -3.538825     -3.538663
   2.61430     -3.574224     -3.574075
   2.55961     -3.615609     -3.615475
   2.50492     -3.660274     -3.660157
   2.45023     -3.705322     -3.705221
   2.39554     -3.748037     -3.747950
   2.34085     -3.786073     -3.785999
   2.28616     -3.817542     -3.817477
   2.23147     -3.841013     -3.840955
   2.17678     -3.855485     -3.855432
   2.12209     -3.860373     -3.860321
   2.12209     -3.860373     -3.860321
   2.06778     -3.855667     -3.855614
   2.01347     -3.841756     -3.841699
   1.95917     -3.819277     -3.819214
   1.90486     -3.789296     -3.789223
   1.85055     -3.753306     -3.753222
   1.79625     -3.713238     -3.713141
   1.74194     -3.671454     -3.671343
   1.68763     -3.630709     -3.630582
   1.63333     -3.594075     -3.593933
   1.57902     -3.564752     -3.564598
   1.52471     -3.545700     -3.545538
   1.47041     -3.539079     -3.538914
   1.47041     -3.539079     -3.538914
   1.41012     -3.536457     -3.536292
   1.34983     -3.528931     -3.528765
   1.28955     -3.517563     -3.517395
   1.22926     -3.504170     -3.504000
   1.16897     -3.491343     -3.491172
   1.10868     -3.482330     -3.482160
   1.04840     -3.480644     -3.480478
   1.04840     -3.488471     -3.488303
   0.99112     -3.497508     -3.497340
   0.93385     -3.516572     -3.516410
   0.87657     -3.545085     -3.544932
   0.81929     -3.581000     -3.580862
   0.76202     -3.621388     -3.621267
   0.70474     -3.663086     -3.662981
   0.64747     -3.703168     -3.703079
   0.59019     -3.739143     -3.739069
   0.53292     -3.769048     -3.768986
   0.47564     -3.791414     -3.791360
   0.41836     -3.805226     -3.805176
   0.36109     -3.809898     -3.809849
   0.36109     -3.809898     -3.809849
   0.30091     -3.813501     -3.813453
   0.24073     -3.823177     -3.823128
   0.18054     -3.835997     -3.835947
   0.12036     -3.848385     -3.848334
   0.06018     -3.857197     -3.857146
   0.00000     -3.860373     -3.860321
 
# Band-Index   21
   0.00000     -2.265304     -2.264081
   0.06018     -2.265686     -2.264466
   0.12036     -2.266801     -2.265586
   0.18054     -2.268557     -2.267352
   0.24073     -2.270737     -2.269546
   0.30091     -2.272784     -2.271612
   0.36109     -2.273678     -2.272515
   0.36109     -2.273678     -2.272515
   0.41836     -2.280378     -2.279209
   0.47564     -2.299013     -2.297828
   0.53292     -2.326523     -2.325313
   0.59019     -2.359933     -2.358697
   0.64747     -2.396621     -2.395364
   0.70474     -2.434075     -2.432807
   0.76202     -2.469867     -2.468599
   0.81929     -2.501709     -2.500453
   0.87657     -2.527872     -2.526639
   0.93385     -2.547655     -2.546459
   0.99112     -2.561944     -2.560802
   1.04840     -2.573258     -2.572194
   1.04840     -2.567102     -2.566144
   1.10868     -2.603988     -2.602991
   1.16897     -2.640804     -2.639786
   1.22926     -2.675250     -2.674225
   1.28955     -2.704894     -2.703870
   1.34983     -2.727635     -2.726615
   1.41012     -2.741907     -2.740892
   1.47041     -2.746767     -2.745754
   1.47041     -2.746767     -2.745753
   1.52471     -2.739974     -2.738957
   1.57902     -2.720031     -2.719007
   1.63333     -2.688104     -2.687067
   1.68763     -2.645778     -2.644725
   1.74194     -2.594871     -2.593798
   1.79625     -2.537481     -2.536385
   1.85055     -2.476222     -2.475101
   1.90486     -2.414511     -2.413363
   1.95917     -2.356863     -2.355688
   2.01347     -2.308896     -2.307699
   2.06778     -2.276701     -2.275486
   2.12209     -2.265303     -2.264081
   2.12209     -2.265303     -2.264081
   2.17678     -2.271295     -2.270066
   2.23147     -2.288949     -2.287705
   2.28616     -2.317156     -2.315893
   2.34085     -2.353816     -2.352538
   2.39554     -2.395807     -2.394523
   2.45023     -2.439353     -2.438075
   2.50492     -2.480659     -2.479393
   2.55961     -2.516474     -2.515223
   2.61430     -2.544572     -2.543340
   2.66899     -2.564117     -2.562908
   2.72368     -2.575978     -2.574802
   2.77837     -2.582676     -2.581551
   2.83306     -2.587676     -2.586626
   2.88775     -2.594042     -2.593086
   2.88775     -2.573527     -2.572516
   2.95648     -2.515661     -2.514556
   3.02521     -2.458856     -2.457633
   3.09394     -2.412970     -2.411621
   3.16267     -2.385251     -2.383809
   3.23141     -2.376532     -2.375061
   3.23141     -2.376532     -2.375061
   3.28842     -2.374278     -2.372811
   3.34544     -2.367769     -2.366315
   3.40246     -2.357713     -2.356280
   3.45948     -2.345064     -2.343660
   3.51649     -2.330918     -2.329548
   3.57351     -2.316371     -2.315036
   3.63053     -2.302422     -2.301120
   3.68755     -2.289912     -2.288640
   3.74456     -2.279515     -2.278265
   3.80158     -2.271736     -2.270502
   3.85860     -2.266931     -2.265706
   3.91562     -2.265304     -2.264081
 
# Band-Index   22
   3.91562     -1.674196     -1.673883
   3.85860     -1.686779     -1.686452
   3.80158     -1.725611     -1.725259
   3.74456     -1.786953     -1.786599
   3.68755     -1.858333     -1.858010
   3.63053     -1.928394     -1.928118
   3.57351     -1.991062     -1.990841
   3.51649     -2.043869     -2.043702
   3.45948     -2.086220     -2.086104
   3.40246     -2.118398     -2.118326
   3.34544     -2.140950     -2.140912
   3.28842     -2.154329     -2.154313
   3.23141     -2.158765     -2.158756
   3.23141     -2.158765     -2.158756
   3.16267     -2.153753     -2.153719
   3.09394     -2.135044     -2.134929
   3.02521     -2.098408     -2.098175
   2.95648     -2.045357     -2.045005
   2.88775     -1.980831     -1.980373
   2.88775     -1.970086     -1.969759
   2.83306     -1.984583     -1.984390
   2.77837     -1.988155     -1.988071
   2.72368     -1.981122     -1.981112
   2.66899     -1.964972     -1.965000
   2.61430     -1.941414     -1.941455
   2.55961     -1.911853     -1.911889
   2.50492     -1.877309     -1.877325
   2.45023     -1.838653     -1.838635
   2.39554     -1.797166     -1.797097
   2.34085     -1.755567     -1.755430
   2.28616     -1.718961     -1.718748
   2.23147     -1.692842     -1.692569
   2.17678     -1.678573     -1.678269
   2.12209     -1.674196     -1.673883
   2.12209     -1.674196     -1.673883
   2.06778     -1.674096     -1.673782
   2.01347     -1.673910     -1.673593
   1.95917     -1.673893     -1.673573
   1.90486     -1.674139     -1.673817
   1.85055     -1.674504     -1.674182
   1.79625     -1.674705     -1.674385
   1.74194     -1.674504     -1.674185
   1.68763     -1.673846     -1.673530
   1.63333     -1.672956     -1.672642
   1.57902     -1.672200     -1.671886
   1.52471     -1.671788     -1.671475
   1.47041     -1.671676     -1.671364
   1.47041     -1.671676     -1.671363
   1.41012     -1.681878     -1.681575
   1.34983     -1.712091     -1.711804
   1.28955     -1.759605     -1.759321
   1.22926     -1.818398     -1.818098
   1.16897     -1.880293     -1.879959
   1.10868     -1.936585     -1.936194
   1.04840     -1.979526     -1.979053
   1.04840     -1.968669     -1.968303
   0.99112     -1.958885     -1.958630
   0.93385     -1.939057     -1.938874
   0.87657     -1.915344     -1.915202
   0.81929     -1.898934     -1.898806
   0.76202     -1.901824     -1.901685
   0.70474     -1.922068     -1.921906
   0.64747     -1.950268     -1.950079
   0.59019     -1.980252     -1.980036
   0.53292     -2.008460     -2.008220
   0.47564     -2.032144     -2.031885
   0.41836     -2.048420     -2.048151
   0.36109     -2.054325     -2.054052
   0.36109     -2.054325     -2.054052
   0.30091     -2.035989     -2.035724
   0.24073     -1.982780     -1.982528
   0.18054     -1.900948     -1.900700
   0.12036     -1.803214     -1.802954
   0.06018     -1.713713     -1.713422
   0.00000     -1.674196     -1.673883
 
# Band-Index   23
   0.00000     -1.460957     -1.460253
   0.06018     -1.462196     -1.461493
   0.12036     -1.465534     -1.464833
   0.18054     -1.470016     -1.469321
   0.24073     -1.474419     -1.473728
   0.30091     -1.477595     -1.476907
   0.36109     -1.478747     -1.478061
   0.36109     -1.478747     -1.478061
   0.41836     -1.486786     -1.486120
   0.47564     -1.509805     -1.509194
   0.53292     -1.544933     -1.544400
   0.59019     -1.588410     -1.587964
   0.64747     -1.636036     -1.635671
   0.70474     -1.682667     -1.682368
   0.76202     -1.720498     -1.720242
   0.81929     -1.738347     -1.738121
   0.87657     -1.732421     -1.732218
   0.93385     -1.712748     -1.712563
   0.99112     -1.688481     -1.688307
   1.04840     -1.664008     -1.663846
   1.04840     -1.679390     -1.679229
   1.10868     -1.654765     -1.654575
   1.16897     -1.634484     -1.634275
   1.22926     -1.618997     -1.618783
   1.28955     -1.607700     -1.607492
   1.34983     -1.599700     -1.599514
   1.41012     -1.594516     -1.594359
   1.47041     -1.592604     -1.592461
   1.47041     -1.592604     -1.592461
   1.52471     -1.592095     -1.591943
   1.57902     -1.589939     -1.589763
   1.63333     -1.584895     -1.584685
   1.68763     -1.576191     -1.575945
   1.74194     -1.563895     -1.563608
   1.79625     -1.548628     -1.548296
   1.85055     -1.531244     -1.530859
   1.90486     -1.512709     -1.512261
   1.95917     -1.494232     -1.493709
   2.01347     -1.477601     -1.476996
   2.06778     -1.465490     -1.464816
   2.12209     -1.460957     -1.460253
   2.12209     -1.460957     -1.460253
   2.17678     -1.475335     -1.474690
   2.23147     -1.508333     -1.507800
   2.28616     -1.542121     -1.541672
   2.34085     -1.567291     -1.566882
   2.39554     -1.584399     -1.584006
   2.45023     -1.596935     -1.596547
   2.50492     -1.607276     -1.606893
   2.55961     -1.616375     -1.615997
   2.61430     -1.624337     -1.623967
   2.66899     -1.631035     -1.630678
   2.72368     -1.636667     -1.636325
   2.77837     -1.642019     -1.641693
   2.83306     -1.648165     -1.647851
   2.88775     -1.655898     -1.655587
   2.88775     -1.622684     -1.622529
   2.95648     -1.641815     -1.641651
   3.02521     -1.662635     -1.662461
   3.09394     -1.681648     -1.681465
   3.16267     -1.695186     -1.694998
   3.23141     -1.700131     -1.699941
   3.23141     -1.700131     -1.699941
   3.28842     -1.698229     -1.698036
   3.34544     -1.692307     -1.692107
   3.40246     -1.682163     -1.681954
   3.45948     -1.668055     -1.667836
   3.51649     -1.650622     -1.650392
   3.57351     -1.630617     -1.630374
   3.63053     -1.608554     -1.608292
   3.68755     -1.584186     -1.583890
   3.74456     -1.555655     -1.555297
   3.80158     -1.519761     -1.519290
   3.85860     -1.480364     -1.479742
   3.91562     -1.460957     -1.460253
 
# Band-Index   24
   3.91562     -0.976284     -0.976499
   3.85860     -0.972099     -0.972192
   3.80158     -0.984424     -0.984337
   3.74456     -1.027137     -1.026965
   3.68755     -1.090910     -1.090712
   3.63053     -1.166669     -1.166467
   3.57351     -1.247658     -1.247463
   3.51649     -1.328310     -1.328128
   3.45948     -1.403639     -1.403468
   3.40246     -1.468967     -1.468807
   3.34544     -1.519902     -1.519748
   3.28842     -1.552520     -1.552368
   3.23141     -1.563792     -1.563641
   3.23141     -1.563792     -1.563641
   3.16267     -1.554137     -1.553982
   3.09394     -1.525672     -1.525509
   3.02521     -1.479904     -1.479732
   2.95648     -1.419307     -1.419133
   2.88775     -1.347287     -1.347128
   2.88775     -1.263071     -1.263065
   2.83306     -1.255974     -1.255782
   2.77837     -1.257669     -1.257327
   2.72368     -1.258827     -1.258395
   2.66899     -1.253157     -1.252676
   2.61430     -1.238161     -1.237656
   2.55961     -1.213451     -1.212933
   2.50492     -1.179713     -1.179189
   2.45023     -1.138558     -1.138034
   2.39554     -1.092811     -1.092302
   2.34085     -1.046854     -1.046383
   2.28616     -1.006938     -1.006555
   2.23147     -0.981060     -0.980858
   2.17678     -0.974342     -0.974410
   2.12209     -0.976284     -0.976499
   2.12209     -0.976284     -0.976499
   2.06778     -0.970801     -0.970944
   2.01347     -0.961151     -0.961096
   1.95917     -0.961444     -0.961145
   1.90486     -0.979017     -0.978524
   1.85055     -1.011004     -1.010385
   1.79625     -1.051799     -1.051097
   1.74194     -1.096578     -1.095817
   1.68763     -1.141268     -1.140463
   1.63333     -1.182089     -1.181250
   1.57902     -1.215270     -1.214405
   1.52471     -1.237155     -1.236271
   1.47041     -1.244832     -1.243942
   1.47041     -1.244832     -1.243942
   1.41012     -1.239985     -1.239100
   1.34983     -1.226937     -1.226080
   1.28955     -1.212532     -1.211757
   1.22926     -1.212372     -1.211800
   1.16897     -1.239130     -1.238821
   1.10868     -1.282618     -1.282479
   1.04840     -1.324702     -1.324633
   1.04840     -1.285677     -1.285335
   0.99112     -1.308178     -1.307760
   0.93385     -1.319853     -1.319397
   0.87657     -1.316445     -1.315974
   0.81929     -1.295847     -1.295375
   0.76202     -1.257123     -1.256663
   0.70474     -1.200224     -1.199785
   0.64747     -1.126256     -1.125848
   0.59019     -1.038125     -1.037757
   0.53292     -0.941468     -0.941151
   0.47564     -0.846185     -0.845926
   0.41836     -0.769674     -0.769474
   0.36109     -0.738585     -0.738411
   0.36109     -0.738585     -0.738411
   0.30091     -0.740359     -0.740187
   0.24073     -0.745224     -0.745056
   0.18054     -0.751938     -0.751773
   0.12036     -0.790905     -0.791050
   0.06018     -0.922637     -0.922830
   0.00000     -0.976284     -0.976499
 
# Band-Index   25
   0.00000     -0.765505     -0.765363
   0.06018     -0.763656     -0.763513
   0.12036     -0.758561     -0.758433
   0.18054     -0.623498     -0.623663
   0.24073     -0.450001     -0.450168
   0.30091     -0.301938     -0.302122
   0.36109     -0.237044     -0.237242
   0.36109     -0.237044     -0.237242
   0.41836     -0.217119     -0.217367
   0.47564     -0.174847     -0.175208
   0.53292     -0.137855     -0.138335
   0.59019     -0.122315     -0.122883
   0.64747     -0.133801     -0.134412
   0.70474     -0.171872     -0.172485
   0.76202     -0.233026     -0.233610
   0.81929     -0.311860     -0.312390
   0.87657     -0.401551     -0.402010
   0.93385     -0.494217     -0.494585
   0.99112     -0.581124     -0.581374
   1.04840     -0.652369     -0.652457
   1.04840     -0.635250     -0.634765
   1.10868     -0.743703     -0.743396
   1.16897     -0.818883     -0.818833
   1.22926     -0.845983     -0.846261
   1.28955     -0.822659     -0.823189
   1.34983     -0.773705     -0.774351
   1.41012     -0.730030     -0.730724
   1.47041     -0.712898     -0.713607
   1.47041     -0.712898     -0.713607
   1.52471     -0.710471     -0.711175
   1.57902     -0.703714     -0.704404
   1.63333     -0.694225     -0.694890
   1.68763     -0.684713     -0.685344
   1.74194     -0.678897     -0.679480
   1.79625     -0.680900     -0.681422
   1.85055     -0.693592     -0.694039
   1.90486     -0.715810     -0.716159
   1.95917     -0.740340     -0.740547
   2.01347     -0.757383     -0.757415
   2.06778     -0.764191     -0.764092
   2.12209     -0.765504     -0.765363
   2.12209     -0.765504     -0.765363
   2.17678     -0.748998     -0.748952
   2.23147     -0.695673     -0.695806
   2.28616     -0.610921     -0.611172
   2.34085     -0.513146     -0.513476
   2.39554     -0.422777     -0.423183
   2.45023     -0.360506     -0.360978
   2.50492     -0.342487     -0.342980
   2.55961     -0.370688     -0.371145
   2.61430     -0.433518     -0.433901
   2.66899     -0.515431     -0.515713
   2.72368     -0.601991     -0.602143
   2.77837     -0.679633     -0.679610
   2.83306     -0.733898     -0.733640
   2.88775     -0.750613     -0.750079
   2.88775     -0.642681     -0.642485
   2.95648     -0.467517     -0.467353
   3.02521     -0.257009     -0.256860
   3.09394      0.064597      0.063576
   3.16267      0.300668      0.300832
   3.23141      0.413436      0.413618
   3.23141      0.413436      0.413618
   3.28842      0.414799      0.414969
   3.34544      0.417419      0.417542
   3.40246      0.414423      0.414431
   3.45948      0.380146      0.379944
   3.51649      0.263590      0.263348
   3.57351      0.081257      0.081136
   3.63053     -0.160193     -0.160258
   3.68755     -0.342862     -0.342899
   3.74456     -0.511273     -0.511301
   3.80158     -0.650658     -0.650665
   3.85860     -0.738870     -0.738794
   3.91562     -0.765505     -0.765363
 
# Band-Index   26
   3.91562      0.700314      0.701093
   3.85860      0.695658      0.696430
   3.80158      0.682364      0.683120
   3.74456      0.662299      0.663039
   3.68755      0.638292      0.639018
   3.63053      0.614223      0.614955
   3.57351      0.596453      0.597222
   3.51649      0.600704      0.601541
   3.45948      0.668355      0.669097
   3.40246      0.808792      0.809248
   3.34544      0.959339      0.959580
   3.28842      1.075567      1.075647
   3.23141      1.121446      1.121448
   3.23141      1.121446      1.121448
   3.16267      1.211779      1.211788
   3.09394      1.367953      1.367950
   3.02521      1.483324      1.483335
   2.95648      1.571131      1.571168
   2.88775      1.658083      1.658117
   2.88775      1.633518      1.633424
   2.83306      1.658450      1.658541
   2.77837      1.488261      1.488596
   2.72368      1.292568      1.292984
   2.66899      1.099777      1.100256
   2.61430      0.921574      0.922114
   2.55961      0.769042      0.769637
   2.50492      0.654845      0.655473
   2.45023      0.589016      0.589636
   2.39554      0.570014      0.570604
   2.34085      0.584529      0.585102
   2.28616      0.617283      0.617881
   2.23147      0.655684      0.656348
   2.17678      0.687581      0.688324
   2.12209      0.700315      0.701093
   2.12209      0.700315      0.701093
   2.06778      0.681784      0.682514
   2.01347      0.639255      0.639883
   1.95917      0.596792      0.597322
   1.90486      0.572545      0.573001
   1.85055      0.575699      0.576100
   1.79625      0.607219      0.607576
   1.74194      0.661422      0.661733
   1.68763      0.728615      0.728875
   1.63333      0.797637      0.797844
   1.57902      0.857460      0.857617
   1.52471      0.898260      0.898381
   1.47041      0.912786      0.912894
   1.47041      0.912786      0.912893
   1.41012      0.944100      0.944205
   1.34983      1.032400      1.032499
   1.28955      1.164159      1.164254
   1.22926      1.323959      1.324054
   1.16897      1.497527      1.497626
   1.10868      1.655742      1.655810
   1.04840      1.544641      1.544503
   1.04840      1.554125      1.554279
   0.99112      1.425867      1.426111
   0.93385      1.312493      1.312791
   0.87657      1.212882      1.213211
   0.81929      1.121663      1.121992
   0.76202      1.032046      1.032335
   0.70474      0.937050      0.937260
   0.64747      0.832476      0.832617
   0.59019      0.723810      0.723933
   0.53292      0.624838      0.624957
   0.47564      0.547678      0.547778
   0.41836      0.499332      0.499410
   0.36109      0.482931      0.482999
   0.36109      0.482931      0.482999
   0.30091      0.546170      0.546293
   0.24073      0.658402      0.658916
   0.18054      0.695868      0.696630
   0.12036      0.700811      0.701591
   0.06018      0.700681      0.701460
   0.00000      0.700314      0.701093
 
# Band-Index   27
   0.00000      1.485483      1.485248
   0.06018      1.388029      1.387814
   0.12036      1.188147      1.187957
   0.18054      0.975449      0.975301
   0.24073      0.808325      0.808449
   0.30091      0.756289      0.756835
   0.36109      0.749674      0.750292
   0.36109      0.749674      0.750290
   0.41836      0.760599      0.761237
   0.47564      0.793280      0.793981
   0.53292      0.847355      0.848140
   0.59019      0.922757      0.923617
   0.64747      1.021765      1.022644
   0.70474      1.148294      1.149097
   0.76202      1.300219      1.300894
   0.81929      1.468196      1.468742
   0.87657      1.639399      1.639816
   0.93385      1.791674      1.791940
   0.99112      1.876016      1.876107
   1.04840      1.824521      1.824518
   1.04840      1.853548      1.853612
   1.10868      1.734775      1.734753
   1.16897      1.763902      1.763980
   1.22926      1.664298      1.664281
   1.28955      1.569725      1.569653
   1.34983      1.497991      1.497888
   1.41012      1.453500      1.453379
   1.47041      1.438424      1.438297
   1.47041      1.438424      1.438298
   1.52471      1.449331      1.449209
   1.57902      1.481084      1.480973
   1.63333      1.531064      1.530961
   1.68763      1.595152      1.595054
   1.74194      1.667221      1.667129
   1.79625      1.737765      1.737687
   1.85055      1.790023      1.789974
   1.90486      1.792480      1.792470
   1.95917      1.720696      1.720678
   2.01347      1.612202      1.612110
   2.06778      1.521178      1.520991
   2.12209      1.485483      1.485248
   2.12209      1.485483      1.485248
   2.17678      1.518374      1.518181
   2.23147      1.609651      1.609549
   2.28616      1.743579      1.743568
   2.34085      1.897525      1.897540
   2.39554      1.939701      1.939557
   2.45023      1.870244      1.870097
   2.50492      1.797326      1.797185
   2.55961      1.735478      1.735345
   2.61430      1.691406      1.691280
   2.66899      1.669145      1.669026
   2.72368      1.669795      1.669683
   2.77837      1.689144      1.689051
   2.83306      1.704399      1.704420
   2.88775      1.758869      1.758776
   2.88775      1.760911      1.760968
   2.95648      1.742327      1.742508
   3.02521      1.651936      1.652196
   3.09394      1.552719      1.552993
   3.16267      1.497135      1.497369
   3.23141      1.480933      1.481151
   3.23141      1.480933      1.481151
   3.28842      1.494332      1.494495
   3.34544      1.520936      1.521008
   3.40246      1.546680      1.546679
   3.45948      1.568837      1.568783
   3.51649      1.587297      1.587204
   3.57351      1.600014      1.599891
   3.63053      1.602417      1.602269
   3.68755      1.589570      1.589399
   3.74456      1.561204      1.561011
   3.80158      1.525659      1.525446
   3.85860      1.496598      1.496369
   3.91562      1.485483      1.485248
 
# Band-Index   28
   3.91562      2.215234      2.215168
   3.85860      2.218308      2.218240
   3.80158      2.230167      2.230094
   3.74456      2.257003      2.256920
   3.68755      2.301802      2.301699
   3.63053      2.351933      2.351803
   3.57351      2.372747      2.372596
   3.51649      2.337885      2.337744
   3.45948      2.268518      2.268416
   3.40246      2.201106      2.201057
   3.34544      2.157263      2.157274
   3.28842      2.141960      2.142028
   3.23141      2.141552      2.141650
   3.23141      2.141552      2.141650
   3.16267      2.169253      2.169340
   3.09394      2.239242      2.239285
   3.02521      2.236892      2.236868
   2.95648      2.106520      2.106523
   2.88775      1.953288      1.953336
   2.88775      1.955232      1.955369
   2.83306      1.873373      1.873296
   2.77837      1.943778      1.943624
   2.72368      2.066177      2.065996
   2.66899      2.205337      2.205128
   2.61430      2.354766      2.354533
   2.55961      2.502605      2.502384
   2.50492      2.511741      2.511842
   2.45023      2.325180      2.325369
   2.39554      2.133450      2.133613
   2.34085      2.064370      2.064327
   2.28616      2.119707      2.119623
   2.23147      2.170928      2.170849
   2.17678      2.203941      2.203871
   2.12209      2.215234      2.215168
   2.12209      2.215234      2.215168
   2.06778      2.208606      2.208538
   2.01347      2.192716      2.192643
   1.95917      2.183795      2.183730
   1.90486      2.219737      2.219719
   1.85055      2.325495      2.325542
   1.79625      2.455650      2.455720
   1.74194      2.523664      2.523759
   1.68763      2.480031      2.480245
   1.63333      2.395979      2.396319
   1.57902      2.321900      2.322344
   1.52471      2.273692      2.274208
   1.47041      2.257082      2.257624
   1.47041      2.257081      2.257625
   1.41012      2.261854      2.262389
   1.34983      2.271720      2.272226
   1.28955      2.262506      2.262891
   1.22926      2.152996      2.153023
   1.16897      1.975238      1.975074
   1.10868      1.959643      1.959668
   1.04840      2.061054      2.061341
   1.04840      1.950176      1.950129
   0.99112      2.046468      2.046318
   0.93385      2.175528      2.175293
   0.87657      2.310672      2.310395
   0.81929      2.453099      2.452813
   0.76202      2.612364      2.612086
   0.70474      2.796999      2.796738
   0.64747      3.011368      3.011127
   0.59019      3.251269      3.251053
   0.53292      3.381773      3.381694
   0.47564      3.372737      3.372676
   0.41836      3.362540      3.362481
   0.36109      3.358718      3.358674
   0.36109      3.358718      3.358662
   0.30091      3.283375      3.283307
   0.24073      3.089386      3.089301
   0.18054      2.833846      2.833752
   0.12036      2.563589      2.563495
   0.06018      2.325963      2.325882
   0.00000      2.215234      2.215168
 
# Band-Index   29
   0.00000      4.228968      4.228878
   0.06018      4.218991      4.218901
   0.12036      4.192121      4.192023
   0.18054      4.155403      4.155296
   0.24073      4.116477      4.116345
   0.30091      4.083527      4.083369
   0.36109      4.069342      4.069170
   0.36109      4.069342      4.069169
   0.41836      4.019187      4.018992
   0.47564      3.813176      3.812967
   0.53292      3.544750      3.544545
   0.59019      3.419391      3.419257
   0.64747      3.357619      3.357567
   0.70474      3.176763      3.176925
   0.76202      3.000344      3.000619
   0.81929      2.835587      2.835963
   0.87657      2.687498      2.687967
   0.93385      2.570191      2.570741
   0.99112      2.508357      2.508918
   1.04840      2.492608      2.492953
   1.04840      2.393605      2.393259
   1.10868      2.441828      2.441828
   1.16897      2.447545      2.447742
   1.22926      2.455672      2.455839
   1.28955      2.572548      2.572453
   1.34983      2.819178      2.819033
   1.41012      3.099972      3.099891
   1.47041      3.278574      3.278648
   1.47041      3.278574      3.278649
   1.52471      3.286453      3.286500
   1.57902      3.287359      3.287374
   1.63333      3.203916      3.204134
   1.68763      3.077333      3.077688
   1.74194      2.998353      2.998770
   1.79625      3.058402      3.058752
   1.85055      3.228053      3.228304
   1.90486      3.451301      3.451476
   1.95917      3.701793      3.701908
   2.01347      3.952284      3.952344
   2.06778      4.150397      4.150373
   2.12209      4.228966      4.228886
   2.12209      4.228966      4.228878
   2.17678      4.151481      4.151456
   2.23147      3.990847      3.990845
   2.28616      3.723266      3.723068
   2.34085      3.443965      3.443758
   2.39554      3.186969      3.186753
   2.45023      2.959497      2.959285
   2.50492      2.782738      2.782622
   2.55961      2.821076      2.821238
   2.61430      2.875747      2.875693
   2.66899      2.779762      2.779652
   2.72368      2.681701      2.681551
   2.77837      2.598078      2.597900
   2.83306      2.534248      2.534059
   2.88775      2.499428      2.499248
   2.88775      2.386487      2.386516
   2.95648      2.435985      2.435900
   3.02521      2.421358      2.421331
   3.09394      2.428455      2.428425
   3.16267      2.488515      2.488469
   3.23141      2.510888      2.510840
   3.23141      2.510888      2.510840
   3.28842      2.557977      2.557931
   3.34544      2.677925      2.677868
   3.40246      2.836727      2.836635
   3.45948      3.001763      3.001632
   3.51649      3.111797      3.111702
   3.57351      3.156657      3.156629
   3.63053      3.257937      3.257898
   3.68755      3.440651      3.440582
   3.74456      3.676577      3.676497
   3.80158      3.933311      3.933225
   3.85860      4.150682      4.150617
   3.91562      4.228966      4.228878
 
# Band-Index   30
   3.91562      4.419749      4.418807
   3.85860      4.280187      4.279980
   3.80158      4.136716      4.136535
   3.74456      4.003029      4.002921
   3.68755      3.864293      3.864201
   3.63053      3.716223      3.716140
   3.57351      3.560132      3.560088
   3.51649      3.436485      3.436586
   3.45948      3.394397      3.394583
   3.40246      3.312087      3.312149
   3.34544      3.231140      3.231132
   3.28842      3.177798      3.177749
   3.23141      3.159311      3.159248
   3.23141      3.159310      3.159248
   3.16267      3.101660      3.101635
   3.09394      2.962460      2.962511
   3.02521      2.814394      2.814550
   2.95648      2.789175      2.789420
   2.88775      2.932435      2.932622
   2.88775      2.908955      2.909117
   2.83306      3.039939      3.040105
   2.77837      3.190161      3.190340
   2.72368      3.345119      3.345349
   2.66899      3.337763      3.338173
   2.61430      3.126148      3.126511
   2.55961      3.097339      3.097502
   2.50492      3.231967      3.232127
   2.45023      3.386900      3.387105
   2.39554      3.539043      3.539272
   2.34085      3.685822      3.686029
   2.28616      3.836263      3.836406
   2.23147      4.017824      4.017691
   2.17678      4.276504      4.276289
   2.12209      4.419565      4.418825
   2.12209      4.419236      4.430771
   2.06778      4.312751      4.312464
   2.01347      4.186237      4.185956
   1.95917      4.068731      4.068448
   1.90486      3.960419      3.960260
   1.85055      3.860670      3.860409
   1.79625      3.758994      3.758828
   1.74194      3.640561      3.640531
   1.68763      3.527246      3.527310
   1.63333      3.440829      3.441004
   1.57902      3.411402      3.411696
   1.52471      3.453758      3.453914
   1.47041      3.477894      3.477966
   1.47041      3.477893      3.477966
   1.41012      3.486335      3.486354
   1.34983      3.495562      3.495557
   1.28955      3.455683      3.455630
   1.22926      3.319975      3.319831
   1.16897      3.115862      3.115684
   1.10868      2.924250      2.924136
   1.04840      2.832790      2.832803
   1.04840      2.822819      2.823012
   0.99112      2.834114      2.834106
   0.93385      2.947795      2.947726
   0.87657      3.113506      3.113426
   0.81929      3.306675      3.306581
   0.76202      3.446561      3.446470
   0.70474      3.453137      3.453124
   0.64747      3.454342      3.454490
   0.59019      3.588763      3.588926
   0.53292      3.804092      3.804146
   0.47564      4.021770      4.021733
   0.41836      4.204965      4.204788
   0.36109      4.344118      4.331863
   0.36109      4.349260      4.331877
   0.30091      4.326078      4.325259
   0.24073      4.323244      4.322922
   0.18054      4.336041      4.335725
   0.12036      4.363509      4.363271
   0.06018      4.398478      4.398147
   0.00000      4.421947      4.418981
 
# Band-Index   31
   0.00000      4.501826      4.488817
   0.06018      4.467493      4.468698
   0.12036      4.425813      4.426533
   0.18054      4.394719      4.394522
   0.24073      4.379656      4.379789
   0.30091      4.379076      4.377632
   0.36109      4.398294      4.375958
   0.36109      4.379875      4.381640
   0.41836      4.287965      4.287919
   0.47564      4.216459      4.216367
   0.53292      4.203090      4.202967
   0.59019      4.132313      4.132176
   0.64747      3.965308      3.965206
   0.70474      3.756695      3.756619
   0.76202      3.546327      3.546287
   0.81929      3.473671      3.473596
   0.87657      3.475526      3.475405
   0.93385      3.487449      3.487302
   0.99112      3.506959      3.506797
   1.04840      3.531955      3.531788
   1.04840      3.510331      3.510517
   1.10868      3.536212      3.536468
   1.16897      3.563230      3.563541
   1.22926      3.589127      3.589471
   1.28955      3.607357      3.607711
   1.34983      3.611338      3.611717
   1.41012      3.612084      3.612378
   1.47041      3.605951      3.605820
   1.47041      3.605951      3.605819
   1.52471      3.612795      3.612648
   1.57902      3.627059      3.626878
   1.63333      3.649575      3.649363
   1.68763      3.686299      3.686067
   1.74194      3.741094      3.740879
   1.79625      3.820588      3.820463
   1.85055      3.924905      3.924854
   1.90486      4.028982      4.028947
   1.95917      4.134544      4.134497
   2.01347      4.255535      4.255456
   2.06778      4.397789      4.397752
   2.12209      4.487725      4.505080
   2.12209      4.494333      4.485146
   2.17678      4.424133      4.424393
   2.23147      4.417017      4.416860
   2.28616      4.386983      4.386832
   2.34085      4.213569      4.213522
   2.39554      4.023815      4.023814
   2.45023      3.869126      3.869174
   2.50492      3.756826      3.756954
   2.55961      3.675907      3.676099
   2.61430      3.610025      3.610248
   2.66899      3.528292      3.528433
   2.72368      3.565326      3.565491
   2.77837      3.535139      3.535307
   2.83306      3.514114      3.514244
   2.88775      3.502848      3.502917
   2.88775      3.466870      3.466803
   2.95648      3.462214      3.462123
   3.02521      3.480859      3.480753
   3.09394      3.519028      3.518930
   3.16267      3.558959      3.558900
   3.23141      3.577507      3.577480
   3.23141      3.577507      3.577481
   3.28842      3.586250      3.586220
   3.34544      3.612056      3.612023
   3.40246      3.649595      3.649488
   3.45948      3.565989      3.565872
   3.51649      3.624641      3.624577
   3.57351      3.785676      3.785630
   3.63053      3.952039      3.951952
   3.68755      4.062902      4.062852
   3.74456      4.174096      4.174042
   3.80158      4.289507      4.289852
   3.85860      4.407601      4.407548
   3.91562      4.499303      4.486277
 
# Band-Index   32
   3.91562      4.526838      4.517753
   3.85860      4.592217      4.592159
   3.80158      4.681169      4.666760
   3.74456      4.519771      4.519665
   3.68755      4.264722      4.264688
   3.63053      4.021131      4.021190
   3.57351      3.876509      3.876557
   3.51649      3.788643      3.788666
   3.45948      3.716402      3.716427
   3.40246      3.700733      3.700812
   3.34544      3.885719      3.885725
   3.28842      4.066663      4.066649
   3.23141      4.152712      4.152684
   3.23141      4.152713      4.152684
   3.16267      4.158839      4.158802
   3.09394      4.172238      4.172191
   3.02521      4.211216      4.211165
   2.95648      4.276543      4.276498
   2.88775      4.294311      4.294290
   2.88775      4.252805      4.252970
   2.83306      4.094191      4.094463
   2.77837      3.865503      3.865799
   2.72368      3.623041      3.623314
   2.66899      3.629409      3.629526
   2.61430      3.766278      3.766321
   2.55961      3.946723      3.946748
   2.50492      4.132649      4.132634
   2.45023      4.307999      4.307962
   2.39554      4.457059      4.457230
   2.34085      4.554519      4.547818
   2.28616      4.509487      4.511959
   2.23147      4.549246      4.549122
   2.17678      4.561038      4.560587
   2.12209      4.533838      4.510165
   2.12209      4.532285      4.530635
   2.06778      4.613092      4.594720
   2.01347      4.627410      4.628612
   1.95917      4.519543      4.519474
   1.90486      4.335341      4.335323
   1.85055      4.162694      4.162726
   1.79625      4.035860      4.035937
   1.74194      3.951718      3.951813
   1.68763      3.891404      3.891496
   1.63333      3.843496      3.844199
   1.57902      3.804433      3.804495
   1.52471      3.777869      3.777932
   1.47041      3.768713      3.768788
   1.47041      3.768713      3.768788
   1.41012      3.954493      3.954184
   1.34983      4.230191      4.224180
   1.28955      4.297216      4.293332
   1.22926      4.308987      4.306426
   1.16897      4.313517      4.313767
   1.10868      4.315176      4.315288
   1.04840      4.313620      4.313673
   1.04840      4.299798      4.304591
   0.99112      4.307143      4.307004
   0.93385      4.305760      4.305613
   0.87657      4.301378      4.301222
   0.81929      4.309099      4.308943
   0.76202      4.343926      4.343750
   0.70474      4.408975      4.393250
   0.64747      4.388884      4.388810
   0.59019      4.364217      4.364177
   0.53292      4.396872      4.413127
   0.47564      4.451025      4.452601
   0.41836      4.451610      4.449922
   0.36109      4.457561      4.458826
   0.36109      4.415091      4.426305
   0.30091      4.460358      4.419149
   0.24073      4.460140      4.453234
   0.18054      4.547563      4.487744
   0.12036      4.540499      4.510297
   0.06018      4.556912      4.506442
   0.00000      4.525789      4.515684
