Automatically generated mesh
     122
Reciprocal lattice
    0.00000000000000    0.00000000000000    0.00000000000000             1
    0.11111111111111   -0.00000000000000   -0.00000000000000             2
    0.22222222222222    0.00000000000000   -0.00000000000000             2
    0.33333333333334    0.00000000000000    0.00000000000000             2
    0.44444444444444    0.00000000000000    0.00000000000001             2
   -0.00000000000000    0.11111111111111   -0.00000000000000             2
    0.11111111111111    0.11111111111111   -0.00000000000001             2
    0.22222222222222    0.11111111111111   -0.00000000000000             2
    0.33333333333334    0.11111111111111   -0.00000000000000             2
    0.44444444444444    0.11111111111111    0.00000000000000             2
   -0.44444444444444    0.11111111111111   -0.00000000000000             2
   -0.33333333333334    0.11111111111111   -0.00000000000000             2
   -0.22222222222222    0.11111111111111    0.00000000000000             2
   -0.11111111111111    0.11111111111111    0.00000000000001             2
   -0.00000000000000    0.22222222222222   -0.00000000000000             2
    0.11111111111111    0.22222222222222   -0.00000000000001             2
    0.22222222222222    0.22222222222222   -0.00000000000000             2
    0.33333333333334    0.22222222222222   -0.00000000000000             2
    0.44444444444444    0.22222222222222    0.00000000000000             2
   -0.44444444444444    0.22222222222222   -0.00000000000000             2
   -0.33333333333334    0.22222222222222   -0.00000000000000             2
   -0.22222222222222    0.22222222222222    0.00000000000000             2
   -0.11111111111111    0.22222222222222    0.00000000000001             2
   -0.00000000000000    0.33333333333334    0.00000000000000             2
    0.11111111111111    0.33333333333334   -0.00000000000001             2
    0.22222222222222    0.33333333333334   -0.00000000000000             2
    0.33333333333334    0.33333333333334    0.00000000000000             2
    0.44444444444444    0.33333333333334   -0.00000000000000             2
   -0.44444444444444    0.33333333333334   -0.00000000000001             2
   -0.33333333333334    0.33333333333334   -0.00000000000000             2
   -0.22222222222222    0.33333333333334   -0.00000000000000             2
   -0.11111111111111    0.33333333333334    0.00000000000000             2
    0.00000000000000    0.44444444444444    0.00000000000000             2
    0.11111111111111    0.44444444444444   -0.00000000000001             2
    0.22222222222222    0.44444444444444    0.00000000000000             2
    0.33333333333334    0.44444444444444    0.00000000000000             2
    0.44444444444444    0.44444444444444   -0.00000000000000             2
   -0.44444444444444    0.44444444444444   -0.00000000000001             2
   -0.33333333333334    0.44444444444444    0.00000000000001             2
   -0.22222222222222    0.44444444444444   -0.00000000000000             2
   -0.11111111111111    0.44444444444444    0.00000000000000             2
   -0.00000000000000   -0.00000000000000    0.33333333333334             2
    0.11111111111111   -0.00000000000000    0.33333333333333             2
    0.22222222222222    0.00000000000000    0.33333333333334             2
    0.33333333333334   -0.00000000000000    0.33333333333333             2
    0.44444444444444    0.00000000000000    0.33333333333334             2
   -0.44444444444444   -0.00000000000000    0.33333333333334             2
   -0.33333333333334   -0.00000000000000    0.33333333333334             2
   -0.22222222222222   -0.00000000000000    0.33333333333333             2
   -0.11111111111111    0.00000000000000    0.33333333333334             2
   -0.00000000000000    0.11111111111111    0.33333333333334             2
    0.11111111111111    0.11111111111111    0.33333333333333             2
    0.22222222222222    0.11111111111111    0.33333333333334             2
    0.33333333333334    0.11111111111111    0.33333333333333             2
    0.44444444444444    0.11111111111111    0.33333333333333             2
   -0.44444444444444    0.11111111111111    0.33333333333333             2
   -0.33333333333334    0.11111111111111    0.33333333333334             2
   -0.22222222222222    0.11111111111111    0.33333333333333             2
   -0.11111111111111    0.11111111111111    0.33333333333333             2
   -0.00000000000000    0.22222222222222    0.33333333333334             2
    0.11111111111111    0.22222222222222    0.33333333333333             2
    0.22222222222222    0.22222222222222    0.33333333333334             2
    0.33333333333334    0.22222222222222    0.33333333333333             2
    0.44444444444444    0.22222222222222    0.33333333333333             2
   -0.44444444444444    0.22222222222222    0.33333333333333             2
   -0.33333333333334    0.22222222222222    0.33333333333334             2
   -0.22222222222222    0.22222222222222    0.33333333333333             2
   -0.11111111111111    0.22222222222222    0.33333333333333             2
   -0.00000000000000    0.33333333333334    0.33333333333334             2
    0.11111111111111    0.33333333333334    0.33333333333333             2
    0.22222222222222    0.33333333333334    0.33333333333334             2
    0.33333333333334    0.33333333333334    0.33333333333333             2
    0.44444444444444    0.33333333333334    0.33333333333334             2
   -0.44444444444444    0.33333333333334    0.33333333333334             2
   -0.33333333333334    0.33333333333334    0.33333333333334             2
   -0.22222222222222    0.33333333333334    0.33333333333333             2
   -0.11111111111111    0.33333333333334    0.33333333333334             2
   -0.00000000000000    0.44444444444444    0.33333333333334             2
    0.11111111111111    0.44444444444444    0.33333333333333             2
    0.22222222222222    0.44444444444444    0.33333333333333             2
    0.33333333333334    0.44444444444444    0.33333333333333             2
    0.44444444444444    0.44444444444444    0.33333333333334             2
   -0.44444444444444    0.44444444444444    0.33333333333334             2
   -0.33333333333334    0.44444444444444    0.33333333333334             2
   -0.22222222222222    0.44444444444444    0.33333333333333             2
   -0.11111111111111    0.44444444444444    0.33333333333334             2
    0.00000000000000   -0.44444444444444    0.33333333333334             2
    0.11111111111111   -0.44444444444444    0.33333333333333             2
    0.22222222222222   -0.44444444444444    0.33333333333334             2
    0.33333333333334   -0.44444444444444    0.33333333333334             2
    0.44444444444444   -0.44444444444444    0.33333333333333             2
   -0.44444444444444   -0.44444444444444    0.33333333333334             2
   -0.33333333333334   -0.44444444444444    0.33333333333334             2
   -0.22222222222222   -0.44444444444444    0.33333333333333             2
   -0.11111111111111   -0.44444444444444    0.33333333333334             2
   -0.00000000000000   -0.33333333333334    0.33333333333334             2
    0.11111111111111   -0.33333333333334    0.33333333333333             2
    0.22222222222222   -0.33333333333334    0.33333333333334             2
    0.33333333333334   -0.33333333333334    0.33333333333334             2
    0.44444444444444   -0.33333333333334    0.33333333333333             2
   -0.44444444444444   -0.33333333333334    0.33333333333334             2
   -0.33333333333334   -0.33333333333334    0.33333333333334             2
   -0.22222222222222   -0.33333333333334    0.33333333333333             2
   -0.11111111111111   -0.33333333333334    0.33333333333334             2
   -0.00000000000000   -0.22222222222222    0.33333333333333             2
    0.11111111111111   -0.22222222222222    0.33333333333334             2
    0.22222222222222   -0.22222222222222    0.33333333333334             2
    0.33333333333334   -0.22222222222222    0.33333333333333             2
    0.44444444444444   -0.22222222222222    0.33333333333334             2
   -0.44444444444444   -0.22222222222222    0.33333333333333             2
   -0.33333333333334   -0.22222222222222    0.33333333333334             2
   -0.22222222222222   -0.22222222222222    0.33333333333334             2
   -0.11111111111111   -0.22222222222222    0.33333333333333             2
   -0.00000000000000   -0.11111111111111    0.33333333333334             2
    0.11111111111111   -0.11111111111111    0.33333333333334             2
    0.22222222222222   -0.11111111111111    0.33333333333334             2
    0.33333333333334   -0.11111111111111    0.33333333333333             2
    0.44444444444444   -0.11111111111111    0.33333333333334             2
   -0.44444444444444   -0.11111111111111    0.33333333333333             2
   -0.33333333333334   -0.11111111111111    0.33333333333334             2
   -0.22222222222222   -0.11111111111111    0.33333333333334             2
   -0.11111111111111   -0.11111111111111    0.33333333333333             2
