#K-Path     Band-1    Band-2    Band-3    Band-4      ...     Band-n
  0.0000  -16.6327  -16.6252  -16.5977  -16.5808  -16.5641  -16.5041  -16.4959  -16.4855  -16.4851  -16.4475  -16.4300  -16.4293  -16.4264  -16.4238  -16.3975  -16.3943  -16.3876  -16.3867  -16.3203  -16.3154  -13.1440  -11.8802  -11.8321  -11.5914  -11.4246  -11.2499  -11.1288  -10.9441   -9.1518   -9.1409   -9.1361   -9.1343   -9.1331   -9.0929   -9.0805   -9.0785   -9.0662   -9.0108   -8.9908   -8.9863   -8.9820   -8.9622   -8.9596   -8.9326   -8.8280   -8.7778   -8.7206   -8.5624   -6.6526   -6.6163   -6.5335   -5.7783   -5.4095   -4.9233   -4.7798   -4.7097   -4.2055   -3.8457   -3.7598   -3.4005   -3.1521   -2.8653   -2.5658   -2.4790   -2.0994   -1.8238   -1.7611   -1.3288   -0.9063   -0.5985   -0.3409   -0.2121    1.5847    1.8407    2.3500    2.8873    3.1058    3.2051    3.6071    3.7544    4.0037    4.2614    4.3676    4.4563    4.6595    4.6937    4.8257    5.2992    5.5137    5.6804    5.7121    5.7947    6.0370    6.1327    6.3630    6.5606
  0.0662  -16.6326  -16.6254  -16.5973  -16.5798  -16.5650  -16.5049  -16.4997  -16.4857  -16.4805  -16.4476  -16.4300  -16.4295  -16.4264  -16.4240  -16.3974  -16.3944  -16.3876  -16.3867  -16.3202  -16.3154  -13.1308  -11.9096  -11.8695  -11.5326  -11.4172  -11.2481  -11.1442  -10.9531   -9.1523   -9.1405   -9.1360   -9.1343   -9.1330   -9.0923   -9.0878   -9.0725   -9.0668   -9.0129   -8.9981   -8.9882   -8.9828   -8.9689   -8.9591   -8.9024   -8.8273   -8.7743   -8.7245   -8.5756   -6.6386   -6.6088   -6.5076   -5.7761   -5.4445   -4.9731   -4.7962   -4.5884   -4.2555   -3.8030   -3.6778   -3.3766   -3.2731   -2.9075   -2.5038   -2.4633   -2.0259   -1.8461   -1.8000   -1.3732   -0.9979   -0.6087   -0.3698   -0.3207    1.7014    1.8503    2.4375    2.9175    3.0477    3.2119    3.5740    3.8762    3.9911    4.2219    4.3345    4.4324    4.6135    4.8076    4.9301    5.2171    5.4075    5.6930    5.7045    5.7831    5.9347    6.1855    6.3108    6.6099
  0.1323  -16.6322  -16.6258  -16.5962  -16.5769  -16.5674  -16.5120  -16.5002  -16.4861  -16.4737  -16.4480  -16.4300  -16.4298  -16.4267  -16.4244  -16.3969  -16.3947  -16.3874  -16.3867  -16.3198  -16.3155  -13.0914  -12.0572  -11.8379  -11.4396  -11.3955  -11.2432  -11.1882  -10.9791   -9.1534   -9.1399   -9.1352   -9.1343   -9.1324   -9.0964   -9.0906   -9.0681   -9.0674   -9.0196   -9.0164   -8.9851   -8.9826   -8.9700   -8.9502   -8.8565   -8.8252   -8.7642   -8.7350   -8.6110   -6.6023   -6.5874   -6.4343   -5.7709   -5.5036   -5.0960   -4.8079   -4.3320   -4.2988   -3.7368   -3.5241   -3.4855   -3.3021   -2.9858   -2.4919   -2.4178   -1.9239   -1.8472   -1.8207   -1.5031   -1.2263   -0.6794   -0.6399   -0.3656    1.8928    1.9986    2.5935    2.9165    3.0338    3.2003    3.5590    3.9462    4.0868    4.1284    4.3468    4.3610    4.6401    4.9672    5.0352    5.1303    5.3506    5.5029    5.6394    5.6979    6.0149    6.2141    6.2553    6.5111
  0.1985  -16.6317  -16.6265  -16.5942  -16.5723  -16.5710  -16.5216  -16.4983  -16.4869  -16.4674  -16.4487  -16.4304  -16.4294  -16.4272  -16.4250  -16.3964  -16.3949  -16.3871  -16.3867  -16.3192  -16.3157  -13.0265  -12.2215  -11.7866  -11.3630  -11.3605  -11.2542  -11.2365  -11.0200   -9.1541   -9.1404   -9.1344   -9.1337   -9.1317   -9.1045   -9.0888   -9.0669   -9.0658   -9.0356   -9.0187   -8.9887   -8.9770   -8.9686   -8.9354   -8.8212   -8.8143   -8.7503   -8.7496   -8.6573   -6.5583   -6.5561   -6.3216   -5.7665   -5.5423   -5.2480   -4.8354   -4.2364   -4.0000   -3.9023   -3.4855   -3.3821   -3.1834   -3.0284   -2.6524   -2.3407   -2.0746   -1.8542   -1.6217   -1.5939   -1.4917   -1.0817   -0.6945   -0.4387    2.0138    2.3093    2.7158    2.7488    3.1650    3.2831    3.5186    3.8448    4.0058    4.2278    4.3151    4.4575    4.8063    4.9168    5.0939    5.1736    5.2699    5.4475    5.5293    5.7507    6.0223    6.1979    6.3311    6.6381
  0.2646  -16.6310  -16.6273  -16.5914  -16.5752  -16.5663  -16.5315  -16.4959  -16.4880  -16.4620  -16.4500  -16.4306  -16.4289  -16.4279  -16.4258  -16.3959  -16.3951  -16.3869  -16.3866  -16.3185  -16.3160  -12.9375  -12.3876  -11.7178  -11.3562  -11.3145  -11.2890  -11.2305  -11.0724   -9.1536   -9.1423   -9.1345   -9.1326   -9.1302   -9.1115   -9.0873   -9.0702   -9.0611   -9.0443   -9.0180   -8.9936   -8.9724   -8.9672   -8.9143   -8.8151   -8.7914   -8.7698   -8.7335   -8.6960   -6.5219   -6.5202   -6.1785   -5.7699   -5.5660   -5.3988   -4.8382   -4.1783   -4.0784   -3.6232   -3.4054   -3.2643   -3.0549   -2.9790   -2.8839   -2.3028   -2.2305   -2.0998   -1.8303   -1.4958   -1.3829   -1.3814   -0.7748   -0.5565    2.1223    2.5735    2.5968    2.8617    3.1201    3.4470    3.6378    3.6691    3.8431    4.1752    4.4347    4.6302    4.8306    4.8608    5.1496    5.1871    5.2934    5.3436    5.6516    5.8562    5.9760    6.1024    6.4643    6.5484
  0.3308  -16.6302  -16.6282  -16.5880  -16.5797  -16.5589  -16.5413  -16.4935  -16.4895  -16.4577  -16.4518  -16.4304  -16.4289  -16.4282  -16.4267  -16.3955  -16.3952  -16.3867  -16.3866  -16.3178  -16.3165  -12.8261  -12.5473  -11.6348  -11.4452  -11.2622  -11.2587  -11.2261  -11.1318   -9.1516   -9.1452   -9.1343   -9.1330   -9.1270   -9.1176   -9.0852   -9.0761   -9.0556   -9.0483   -9.0138   -8.9999   -8.9691   -8.9666   -8.8860   -8.8108   -8.8067   -8.7849   -8.7194   -8.7083   -6.4947   -6.4940   -6.0216   -5.7968   -5.5874   -5.5239   -4.7734   -4.4330   -3.8634   -3.4334   -3.2568   -3.1386   -3.0625   -2.9169   -2.8206   -2.5621   -2.4140   -2.1851   -2.0927   -1.7514   -1.2185   -1.1554   -0.8778   -0.7129    2.2060    2.4173    2.8433    3.0249    3.0751    3.4338    3.4591    3.6912    3.9498    4.1617    4.5059    4.7421    4.7452    4.8783    4.9846    5.1677    5.3228    5.5525    5.6003    5.9043    5.9222    6.2560    6.3958    6.5883
  0.3969  -16.6293  -16.6291  -16.5840  -16.5839  -16.5506  -16.5504  -16.4914  -16.4912  -16.4544  -16.4543  -16.4298  -16.4298  -16.4275  -16.4275  -16.3953  -16.3953  -16.3866  -16.3866  -16.3171  -16.3171  -12.6954  -12.6946  -11.5426  -11.5413  -11.2420  -11.2415  -11.1924  -11.1923   -9.1487   -9.1485   -9.1341   -9.1334   -9.1228   -9.1227   -9.0817   -9.0811   -9.0518   -9.0510   -9.0074   -9.0068   -8.9675   -8.9669   -8.8503   -8.8501   -8.7966   -8.7959   -8.7112   -8.7109   -6.4845   -6.4843   -5.8808   -5.8803   -5.5873   -5.5871   -4.6359   -4.6357   -3.6256   -3.6255   -3.1346   -3.1344   -2.8282   -2.8278   -2.7212   -2.7209   -2.5508   -2.5507   -1.9362   -1.9357   -1.0695   -1.0691   -0.8869   -0.8864    2.2957    2.2960    3.0103    3.0107    3.1969    3.1980    3.5543    3.5549    4.1186    4.1194    4.6597    4.6599    4.7784    4.7793    5.0285    5.0288    5.4398    5.4405    5.7212    5.7215    6.2527    6.2869    6.4571    6.4635
  0.3969  -16.6272  -16.6270  -16.5905  -16.5905  -16.5414  -16.5413  -16.4914  -16.4914  -16.4466  -16.4466  -16.4398  -16.4398  -16.4255  -16.4254  -16.3962  -16.3962  -16.3872  -16.3872  -16.3182  -16.3182  -12.6766  -12.6763  -11.5506  -11.5505  -11.3195  -11.3193  -11.1026  -11.1026   -9.1509   -9.1507   -9.1448   -9.1444   -9.1263   -9.1262   -9.0680   -9.0678   -9.0433   -9.0430   -9.0128   -9.0127   -8.9932   -8.9930   -8.9280   -8.9280   -8.7868   -8.7867   -8.6874   -8.6873   -6.5872   -6.5868   -6.1531   -6.1529   -5.7343   -5.7341   -4.0730   -4.0726   -3.5681   -3.5676   -3.2192   -3.2189   -2.9582   -2.9575   -2.2692   -2.2689   -2.1244   -2.1243   -1.8168   -1.8164   -0.9707   -0.9705   -0.6587   -0.6582    1.8402    1.8404    2.3546    2.3552    2.8657    2.8663    3.1912    3.1927    3.5872    3.5880    4.0282    4.0283    4.6888    4.6893    4.8501    4.8503    5.4932    5.4935    5.8326    5.8341    5.9403    5.9420    6.1958    6.2604
  0.4593  -16.6280  -16.6263  -16.5923  -16.5886  -16.5470  -16.5352  -16.4935  -16.4896  -16.4513  -16.4427  -16.4419  -16.4373  -16.4257  -16.4252  -16.3965  -16.3958  -16.3873  -16.3871  -16.3187  -16.3176  -12.7927  -12.5502  -11.5747  -11.5372  -11.3415  -11.3040  -11.1072  -11.0853   -9.1517   -9.1494   -9.1461   -9.1424   -9.1277   -9.1229   -9.0692   -9.0682   -9.0441   -9.0421   -9.0149   -9.0096   -8.9936   -8.9912   -8.9392   -8.9153   -8.7977   -8.7803   -8.6991   -8.6682   -6.6573   -6.4889   -6.2172   -6.1656   -5.8073   -5.5616   -4.2393   -3.8932   -3.8185   -3.4559   -3.2385   -3.2140   -3.0779   -2.8539   -2.3644   -2.2139   -2.1489   -2.0971   -1.8593   -1.6653   -1.0815   -0.8651   -0.7625   -0.5516    1.7556    1.9747    2.3399    2.4046    2.7220    3.0169    3.0921    3.2347    3.6285    3.7607    3.9351    4.0877    4.5687    4.6914    4.8411    4.9083    5.3598    5.6700    5.7308    5.7984    5.9478    6.1279    6.2188    6.4164
  0.5216  -16.6291  -16.6258  -16.5939  -16.5867  -16.5520  -16.5286  -16.4957  -16.4881  -16.4567  -16.4436  -16.4396  -16.4346  -16.4259  -16.4249  -16.3968  -16.3955  -16.3874  -16.3870  -16.3192  -16.3171  -12.8956  -12.4182  -11.6067  -11.5366  -11.3676  -11.2925  -11.1048  -11.0568   -9.1512   -9.1486   -9.1464   -9.1401   -9.1284   -9.1169   -9.0722   -9.0692   -9.0472   -9.0382   -9.0159   -9.0056   -8.9926   -8.9888   -8.9478   -8.9036   -8.8119   -8.7772   -8.7034   -8.6444   -6.6983   -6.3677   -6.2930   -6.2800   -5.7506   -5.3615   -4.3893   -4.0828   -3.7101   -3.5336   -3.4848   -3.1768   -2.9468   -2.9250   -2.4516   -2.2920   -2.1313   -1.9786   -1.7726   -1.5268   -1.1972   -0.8400   -0.7539   -0.4545    1.7549    2.0553    2.3581    2.5041    2.5935    3.1090    3.1743    3.2774    3.6848    3.7228    4.1486    4.1856    4.4724    4.5866    4.7703    4.9690    5.4103    5.6422    5.7340    5.8047    5.9711    6.2212    6.3009    6.3819
  0.5840  -16.6302  -16.6255  -16.5952  -16.5848  -16.5562  -16.5217  -16.4978  -16.4869  -16.4627  -16.4450  -16.4370  -16.4320  -16.4262  -16.4246  -16.3971  -16.3951  -16.3875  -16.3869  -16.3196  -16.3165  -12.9828  -12.2854  -11.6441  -11.5466  -11.3919  -11.2810  -11.1030  -11.0236   -9.1493   -9.1488   -9.1456   -9.1383   -9.1287   -9.1086   -9.0763   -9.0708   -9.0523   -9.0300   -9.0150   -9.0010   -8.9908   -8.9864   -8.9535   -8.8967   -8.8250   -8.7762   -8.7038   -8.6196   -6.7112   -6.4147   -6.3622   -6.2258   -5.6475   -5.1624   -4.5205   -4.3355   -3.7381   -3.6507   -3.5116   -3.2525   -3.0643   -2.8556   -2.4350   -2.4253   -2.1494   -1.7487   -1.7143   -1.4676   -1.2649   -0.8660   -0.6333   -0.3718    1.8013    2.0409    2.4389    2.4755    2.6358    3.2774    3.2910    3.3755    3.6397    3.6721    4.2819    4.3146    4.5104    4.6333    4.7192    5.0173    5.5041    5.6090    5.7558    5.8963    5.9599    6.1117    6.2984    6.4069
  0.6464  -16.6312  -16.6253  -16.5963  -16.5832  -16.5596  -16.5147  -16.4997  -16.4861  -16.4690  -16.4461  -16.4348  -16.4298  -16.4266  -16.4243  -16.3973  -16.3948  -16.3876  -16.3868  -16.3199  -16.3160  -13.0524  -12.1577  -11.6858  -11.5619  -11.4101  -11.2693  -11.1063  -10.9919   -9.1496   -9.1460   -9.1440   -9.1371   -9.1291   -9.1004   -9.0798   -9.0729   -9.0578   -9.0199   -9.0095   -8.9968   -8.9889   -8.9844   -8.9570   -8.8984   -8.8323   -8.7763   -8.7050   -8.5967   -6.7000   -6.5240   -6.4212   -6.0777   -5.5434   -4.9817   -4.6322   -4.5610   -3.9444   -3.7200   -3.5087   -3.2615   -3.1800   -2.8909   -2.4548   -2.4228   -2.1896   -1.6968   -1.5552   -1.5321   -1.1913   -0.8367   -0.5163   -0.3052    1.8367    1.9556    2.4412    2.6093    2.6871    3.1876    3.5038    3.5802    3.6578    3.8442    4.1738    4.3233    4.5320    4.8315    4.9172    5.0955    5.5162    5.6977    5.7609    5.9896    6.0049    6.0381    6.2264    6.2747
  0.7087  -16.6320  -16.6252  -16.5971  -16.5819  -16.5621  -16.5081  -16.5009  -16.4855  -16.4755  -16.4469  -16.4328  -16.4285  -16.4268  -16.4240  -16.3974  -16.3945  -16.3876  -16.3868  -16.3201  -16.3157  -13.1030  -12.0416  -11.7324  -11.5770  -11.4204  -11.2591  -11.1149  -10.9663   -9.1507   -9.1428   -9.1414   -9.1365   -9.1298   -9.0949   -9.0815   -9.0754   -9.0624   -9.0147   -8.9939   -8.9935   -8.9875   -8.9828   -8.9587   -8.9086   -8.8326   -8.7769   -8.7099   -8.5784   -6.6718   -6.5990   -6.4710   -5.9355   -5.4624   -4.8363   -4.7587   -4.7048   -4.0920   -3.7744   -3.6479   -3.3210   -3.0646   -3.0107   -2.4668   -2.4417   -2.1890   -1.7114   -1.6788   -1.3988   -1.0454   -0.7653   -0.4211   -0.2556    1.8096    1.8455    2.3989    2.8140    2.8397    3.0424    3.6322    3.7043    3.8989    4.0294    4.1511    4.2956    4.5961    4.9178    4.9390    5.2971    5.4970    5.5997    5.8327    5.9262    5.9912    6.1294    6.1382    6.4796
  0.7711  -16.6325  -16.6252  -16.5976  -16.5810  -16.5636  -16.5044  -16.4990  -16.4852  -16.4818  -16.4474  -16.4311  -16.4286  -16.4266  -16.4239  -16.3975  -16.3944  -16.3876  -16.3867  -16.3203  -16.3155  -13.1337  -11.9427  -11.7855  -11.5876  -11.4240  -11.2523  -11.1245  -10.9498   -9.1515   -9.1414   -9.1374   -9.1362   -9.1311   -9.0931   -9.0810   -9.0776   -9.0652   -9.0119   -8.9915   -8.9866   -8.9825   -8.9737   -8.9594   -8.9229   -8.8297   -8.7776   -8.7170   -8.5665   -6.6400   -6.6368   -6.5123   -5.8235   -5.4196   -4.8797   -4.7614   -4.7422   -4.1779   -3.8204   -3.7379   -3.3811   -3.1132   -2.9253   -2.5324   -2.4645   -2.1326   -1.7819   -1.7428   -1.3435   -0.9366   -0.6581   -0.3610   -0.2235    1.6540    1.8428    2.3623    2.9185    3.0038    3.0936    3.6178    3.8137    3.9526    4.1446    4.3055    4.4679    4.5846    4.7892    4.8568    5.4368    5.5168    5.5437    5.6997    5.8338    6.0519    6.0935    6.4016    6.6032
  0.8335  -16.6327  -16.6252  -16.5977  -16.5808  -16.5641  -16.5041  -16.4959  -16.4855  -16.4851  -16.4475  -16.4300  -16.4293  -16.4264  -16.4238  -16.3975  -16.3943  -16.3876  -16.3867  -16.3203  -16.3154  -13.1440  -11.8802  -11.8321  -11.5914  -11.4246  -11.2499  -11.1288  -10.9441   -9.1518   -9.1409   -9.1361   -9.1343   -9.1331   -9.0929   -9.0805   -9.0785   -9.0662   -9.0108   -8.9908   -8.9863   -8.9820   -8.9622   -8.9596   -8.9326   -8.8280   -8.7778   -8.7206   -8.5624   -6.6526   -6.6163   -6.5335   -5.7783   -5.4095   -4.9233   -4.7798   -4.7097   -4.2055   -3.8457   -3.7598   -3.4005   -3.1521   -2.8653   -2.5658   -2.4790   -2.0994   -1.8238   -1.7611   -1.3288   -0.9063   -0.5985   -0.3409   -0.2121    1.5847    1.8407    2.3500    2.8873    3.1058    3.2051    3.6071    3.7544    4.0037    4.2614    4.3676    4.4563    4.6595    4.6937    4.8257    5.2990    5.5141    5.6847    5.7133    5.7939    6.0774    6.1486    6.3672    6.6128
  0.8335  -16.6327  -16.6252  -16.5977  -16.5808  -16.5641  -16.5041  -16.4959  -16.4855  -16.4851  -16.4475  -16.4300  -16.4293  -16.4264  -16.4238  -16.3975  -16.3943  -16.3876  -16.3867  -16.3203  -16.3154  -13.1440  -11.8802  -11.8321  -11.5914  -11.4246  -11.2499  -11.1288  -10.9441   -9.1518   -9.1409   -9.1361   -9.1343   -9.1331   -9.0929   -9.0805   -9.0785   -9.0662   -9.0108   -8.9908   -8.9863   -8.9820   -8.9622   -8.9596   -8.9326   -8.8280   -8.7778   -8.7206   -8.5624   -6.6526   -6.6163   -6.5335   -5.7783   -5.4095   -4.9233   -4.7798   -4.7097   -4.2055   -3.8457   -3.7598   -3.4005   -3.1521   -2.8653   -2.5658   -2.4790   -2.0994   -1.8238   -1.7611   -1.3288   -0.9063   -0.5985   -0.3409   -0.2121    1.5847    1.8407    2.3500    2.8873    3.1058    3.2051    3.6071    3.7544    4.0037    4.2614    4.3676    4.4563    4.6595    4.6937    4.8258    5.2992    5.5140    5.6805    5.7126    5.7936    6.0385    6.1415    6.3749    6.6250
  0.8964  -16.6325  -16.6252  -16.5976  -16.5809  -16.5641  -16.5041  -16.4959  -16.4855  -16.4851  -16.4476  -16.4299  -16.4294  -16.4264  -16.4237  -16.3977  -16.3944  -16.3876  -16.3866  -16.3203  -16.3154  -13.1320  -11.8885  -11.8307  -11.5888  -11.4687  -11.2206  -11.1298  -10.9452   -9.1516   -9.1412   -9.1369   -9.1343   -9.1330   -9.0959   -9.0909   -9.0674   -9.0654   -9.0110   -8.9925   -8.9858   -8.9818   -8.9673   -8.9601   -8.9293   -8.8440   -8.7546   -8.7213   -8.5658   -6.6763   -6.6168   -6.5365   -5.6985   -5.4415   -4.9251   -4.8214   -4.6685   -4.2057   -3.8412   -3.7300   -3.4262   -3.1565   -2.8139   -2.5918   -2.4056   -2.0526   -1.9296   -1.6804   -1.3385   -0.9265   -0.6121   -0.4773   -0.2252    1.6479    1.9361    2.3764    2.9129    2.9163    3.2874    3.6125    3.7703    3.7924    4.2932    4.3265    4.3774    4.6718    4.7129    4.8370    5.2819    5.4170    5.6004    5.6277    5.8969    6.0881    6.2016    6.2574    6.3568
  0.9594  -16.6320  -16.6250  -16.5972  -16.5813  -16.5641  -16.5043  -16.4960  -16.4855  -16.4853  -16.4478  -16.4297  -16.4296  -16.4265  -16.4232  -16.3980  -16.3947  -16.3873  -16.3864  -16.3201  -16.3154  -13.0963  -11.9239  -11.8266  -11.5815  -11.5414  -11.1794  -11.1326  -10.9482   -9.1508   -9.1424   -9.1384   -9.1344   -9.1328   -9.1040   -9.1009   -9.0634   -9.0555   -9.0116   -8.9988   -8.9845   -8.9812   -8.9770   -8.9612   -8.9192   -8.8586   -8.7252   -8.7230   -8.5763   -6.7461   -6.5935   -6.5314   -5.5399   -5.4870   -4.9319   -4.8652   -4.6452   -4.1675   -3.8296   -3.7307   -3.3955   -3.1703   -2.6609   -2.6595   -2.2310   -2.0831   -1.9284   -1.6204   -1.3467   -0.9700   -0.8183   -0.6526   -0.2627    1.8026    2.1458    2.4763    2.6001    2.9982    3.1535    3.6174    3.6236    3.8198    4.0124    4.2218    4.3001    4.6769    4.7285    4.9355    5.0678    5.4524    5.4631    5.5347    5.9930    6.0089    6.1712    6.1913    6.6797
  1.0223  -16.6312  -16.6247  -16.5967  -16.5819  -16.5641  -16.5045  -16.4961  -16.4856  -16.4856  -16.4481  -16.4298  -16.4294  -16.4267  -16.4226  -16.3984  -16.3950  -16.3870  -16.3861  -16.3199  -16.3153  -13.0372  -12.0069  -11.8206  -11.5841  -11.5707  -11.1571  -11.1368  -10.9526   -9.1496   -9.1466   -9.1396   -9.1347   -9.1327   -9.1145   -9.1093   -9.0609   -9.0449   -9.0128   -9.0084   -8.9829   -8.9825   -8.9802   -8.9626   -8.9020   -8.8620   -8.7259   -8.7133   -8.5944   -6.8391   -6.5120   -6.5100   -5.6851   -5.1970   -4.9431   -4.9014   -4.6785   -4.0942   -3.8173   -3.7757   -3.2251   -3.1936   -2.7499   -2.4301   -2.2590   -2.0165   -1.7651   -1.6295   -1.3415   -1.2346   -1.0077   -0.7185   -0.3218    1.9941    2.2352    2.3285    2.6893    2.7996    3.1189    3.4802    3.6293    3.7527    3.9036    4.0770    4.1612    4.6360    4.7357    4.7965    5.0880    5.3172    5.3982    5.6062    6.0014    6.0272    6.1592    6.2303    6.7123
  1.0853  -16.6303  -16.6244  -16.5959  -16.5827  -16.5642  -16.5047  -16.4962  -16.4859  -16.4856  -16.4485  -16.4299  -16.4290  -16.4269  -16.4221  -16.3988  -16.3954  -16.3867  -16.3859  -16.3197  -16.3153  -12.9557  -12.1352  -11.8138  -11.5861  -11.5585  -11.1564  -11.1417  -10.9578   -9.1546   -9.1480   -9.1401   -9.1352   -9.1327   -9.1229   -9.1160   -9.0582   -9.0364   -9.0174   -9.0125   -8.9859   -8.9810   -8.9788   -8.9638   -8.8776   -8.8574   -8.7294   -8.7216   -8.6202   -6.9280   -6.4736   -6.3654   -5.8453   -5.0370   -4.9292   -4.7958   -4.7434   -4.1496   -3.8127   -3.6402   -3.2183   -3.0083   -2.8322   -2.4422   -2.1688   -1.8038   -1.7725   -1.6636   -1.6049   -1.2463   -1.0233   -0.8013   -0.3958    1.8691    2.1796    2.4369    2.4694    2.9492    3.1240    3.2566    3.6210    3.7303    3.9008    3.9830    4.0420    4.4361    4.6364    4.8160    5.1533    5.3158    5.3284    5.7010    5.9691    6.0653    6.2033    6.2336    6.5522
  1.1482  -16.6295  -16.6241  -16.5952  -16.5835  -16.5642  -16.5049  -16.4963  -16.4862  -16.4856  -16.4489  -16.4300  -16.4287  -16.4270  -16.4216  -16.3992  -16.3957  -16.3865  -16.3856  -16.3195  -16.3153  -12.8531  -12.2864  -11.8074  -11.5660  -11.5472  -11.1707  -11.1464  -10.9626   -9.1637   -9.1463   -9.1404   -9.1359   -9.1326   -9.1276   -9.1209   -9.0558   -9.0305   -9.0215   -9.0135   -8.9881   -8.9801   -8.9772   -8.9645   -8.8472   -8.8470   -8.7435   -8.7333   -8.6518   -6.9972   -6.4212   -6.1733   -5.9994   -5.1069   -4.9397   -4.8096   -4.4367   -4.2685   -3.8077   -3.4059   -3.2268   -2.8961   -2.8057   -2.6073   -2.2521   -1.9206   -1.7223   -1.6471   -1.4689   -1.1977   -1.0146   -0.8800   -0.4737    1.5573    2.1262    2.3383    2.5902    2.8071    3.1541    3.3615    3.6160    3.6377    3.7904    3.8829    4.1829    4.2250    4.6387    4.7925    5.1170    5.3132    5.4606    5.7049    5.9571    6.0525    6.2384    6.3805    6.4739
  1.2111  -16.6290  -16.6239  -16.5946  -16.5841  -16.5642  -16.5051  -16.4964  -16.4864  -16.4856  -16.4491  -16.4301  -16.4286  -16.4270  -16.4212  -16.3995  -16.3959  -16.3864  -16.3855  -16.3193  -16.3153  -12.7314  -12.4422  -11.8029  -11.5430  -11.5393  -11.1886  -11.1498  -10.9661   -9.1704   -9.1447   -9.1405   -9.1368   -9.1325   -9.1300   -9.1238   -9.0540   -9.0270   -9.0234   -9.0142   -8.9895   -8.9797   -8.9761   -8.9648   -8.8325   -8.8155   -8.7691   -8.7374   -8.6834   -7.0399   -6.3511   -6.1357   -5.9815   -5.2161   -4.9319   -4.8610   -4.3621   -4.1473   -3.7152   -3.2274   -3.2046   -2.9492   -2.7298   -2.6877   -2.6602   -1.7591   -1.7361   -1.6012   -1.3496   -1.1672   -0.9913   -0.9312   -0.5380    1.3472    1.9098    2.4595    2.6000    2.6718    3.2228    3.4216    3.4887    3.6124    3.7887    3.8798    4.1038    4.3087    4.5990    4.7711    5.1652    5.3772    5.4778    5.6303    5.9440    5.9873    6.3424    6.3669    6.4902
  1.2741  -16.6288  -16.6238  -16.5944  -16.5843  -16.5642  -16.5052  -16.4964  -16.4865  -16.4856  -16.4492  -16.4301  -16.4286  -16.4270  -16.4211  -16.3996  -16.3960  -16.3863  -16.3854  -16.3193  -16.3153  -12.6025  -12.5833  -11.8013  -11.5364  -11.5329  -11.1969  -11.1510  -10.9673   -9.1727   -9.1440   -9.1406   -9.1372   -9.1323   -9.1308   -9.1248   -9.0534   -9.0259   -9.0238   -9.0144   -8.9901   -8.9795   -8.9758   -8.9648   -8.8223   -8.7981   -8.7838   -8.7409   -8.6989   -7.0543   -6.2804   -6.2293   -5.8872   -5.2809   -4.9199   -4.8859   -4.3975   -4.0705   -3.5148   -3.3039   -3.1235   -2.9744   -2.9111   -2.7612   -2.6065   -1.7723   -1.6666   -1.6058   -1.2959   -1.1575   -0.9780   -0.9494   -0.5644    1.2729    1.8307    2.5103    2.5287    2.6987    3.2088    3.4269    3.4755    3.5787    3.8273    3.8840    4.0641    4.3445    4.6143    4.7211    5.2791    5.3961    5.4581    5.5387    5.9037    5.9924    6.2875    6.3719    6.5072
  1.2741  -16.6246  -16.6245  -16.5738  -16.5737  -16.5662  -16.5662  -16.4865  -16.4864  -16.4482  -16.4482  -16.4394  -16.4393  -16.4246  -16.4245  -16.3972  -16.3972  -16.3863  -16.3862  -16.3163  -16.3163  -12.1969  -12.1966  -11.9154  -11.9153  -11.6040  -11.6038  -11.1699  -11.1699   -9.1659   -9.1659   -9.1385   -9.1384   -9.1002   -9.1002   -9.0927   -9.0927   -9.0353   -9.0353   -9.0174   -9.0174   -8.9884   -8.9884   -8.9848   -8.9847   -8.8995   -8.8994   -8.7837   -8.7837   -5.7349   -5.7346   -5.4686   -5.4685   -5.1180   -5.1179   -4.9732   -4.9730   -3.3869   -3.3868   -3.1657   -3.1657   -2.9886   -2.9885   -2.5721   -2.5719   -2.3269   -2.3267   -1.9806   -1.9806   -1.7685   -1.7683   -1.2823   -1.2822    2.1205    2.1206    2.7093    2.7094    2.9319    2.9319    3.4437    3.4437    3.9100    3.9103    4.1706    4.1707    4.6866    4.6868    4.7546    4.7548    5.2503    5.2506    5.5410    5.5413    6.1063    6.1218    6.4128    6.5372
  1.3304  -16.6247  -16.6245  -16.5759  -16.5739  -16.5662  -16.5635  -16.4867  -16.4864  -16.4486  -16.4482  -16.4392  -16.4390  -16.4246  -16.4245  -16.3972  -16.3972  -16.3863  -16.3862  -16.3164  -16.3163  -12.2244  -12.2004  -11.9157  -11.9043  -11.6025  -11.5872  -11.1672  -11.1597   -9.1663   -9.1651   -9.1386   -9.1381   -9.1054   -9.1003   -9.0940   -9.0889   -9.0400   -9.0344   -9.0173   -9.0103   -8.9907   -8.9881   -8.9844   -8.9826   -8.9003   -8.8968   -8.7810   -8.7718   -5.8564   -5.7743   -5.5082   -5.4332   -5.1939   -5.0453   -4.9335   -4.8690   -3.4503   -3.3896   -3.1826   -3.1562   -2.9968   -2.9743   -2.6159   -2.5851   -2.3092   -2.2575   -1.9865   -1.9652   -1.7553   -1.7132   -1.3043   -1.2601    2.0886    2.1347    2.6180    2.6603    2.9615    3.0298    3.3871    3.4909    3.8772    3.8851    4.1442    4.2828    4.5792    4.6737    4.6889    4.8418    5.2938    5.3272    5.5650    5.6122    5.9971    6.1023    6.3587    6.5990
  1.3866  -16.6250  -16.6246  -16.5794  -16.5742  -16.5663  -16.5586  -16.4875  -16.4863  -16.4498  -16.4482  -16.4390  -16.4381  -16.4247  -16.4245  -16.3972  -16.3971  -16.3863  -16.3862  -16.3165  -16.3163  -12.2973  -12.2087  -11.9159  -11.8748  -11.5972  -11.5446  -11.1593  -11.1333   -9.1672   -9.1629   -9.1393   -9.1374   -9.1138   -9.1006   -9.0964   -9.0840   -9.0466   -9.0325   -9.0171   -9.0031   -8.9911   -8.9862   -8.9816   -8.9799   -8.9002   -8.8891   -8.7730   -8.7410   -6.0603   -5.8602   -5.6362   -5.4010   -5.3038   -4.9521   -4.8548   -4.6152   -3.5859   -3.4068   -3.2219   -3.1790   -3.0035   -2.9706   -2.6559   -2.5867   -2.2662   -2.1313   -1.9866   -1.9214   -1.7222   -1.5952   -1.3592   -1.2036    2.0348    2.1660    2.4789    2.5814    3.0095    3.1534    3.2539    3.6180    3.8189    3.8421    4.0981    4.3342    4.5254    4.6622    4.7007    4.9136    5.3711    5.4719    5.5174    5.6885    5.9615    6.0874    6.2487    6.3912
  1.4429  -16.6255  -16.6248  -16.5826  -16.5748  -16.5663  -16.5530  -16.4887  -16.4862  -16.4514  -16.4482  -16.4385  -16.4368  -16.4250  -16.4245  -16.3972  -16.3970  -16.3863  -16.3861  -16.3168  -16.3163  -12.3972  -12.2156  -11.9149  -11.8344  -11.5858  -11.4882  -11.1479  -11.0998   -9.1681   -9.1594   -9.1404   -9.1365   -9.1212   -9.1008   -9.0982   -9.0800   -9.0519   -9.0309   -9.0170   -9.0039   -8.9901   -8.9847   -8.9778   -8.9702   -8.8949   -8.8768   -8.7607   -8.7009   -6.2428   -5.9580   -5.8060   -5.5035   -5.3149   -4.8923   -4.7766   -4.2965   -3.7252   -3.4618   -3.2923   -3.2551   -3.0164   -2.9399   -2.6547   -2.5377   -2.2171   -2.0113   -1.9699   -1.8563   -1.6889   -1.5601   -1.3297   -1.1337    2.0003    2.1829    2.4242    2.5137    3.0541    3.0818    3.2248    3.6862    3.7685    3.8392    4.0615    4.2376    4.6286    4.7350    4.7638    4.9228    5.2672    5.4352    5.6781    5.7378    5.9495    6.0477    6.3110    6.4470
  1.4992  -16.6261  -16.6249  -16.5854  -16.5756  -16.5663  -16.5471  -16.4903  -16.4860  -16.4535  -16.4482  -16.4379  -16.4353  -16.4253  -16.4244  -16.3973  -16.3969  -16.3864  -16.3861  -16.3172  -16.3162  -12.5094  -12.2167  -11.9109  -11.7902  -11.5664  -11.4265  -11.1349  -11.0686   -9.1683   -9.1548   -9.1419   -9.1359   -9.1263   -9.1007   -9.0990   -9.0773   -9.0561   -9.0307   -9.0171   -9.0044   -8.9897   -8.9840   -8.9761   -8.9578   -8.8817   -8.8607   -8.7454   -8.6628   -6.3748   -6.0545   -5.9859   -5.6566   -5.3141   -4.8495   -4.7103   -4.0781   -3.7293   -3.5720   -3.4061   -3.3027   -3.0601   -2.8388   -2.6322   -2.4569   -2.1976   -1.9672   -1.9094   -1.7977   -1.7138   -1.5734   -1.1689   -1.0640    1.9636    2.2297    2.4377    2.5052    2.9572    3.0628    3.2482    3.5838    3.7346    3.9231    4.0532    4.2690    4.6355    4.6941    4.8248    4.9624    5.1625    5.3842    5.6475    5.8308    5.9169    6.0673    6.4778    6.6878
  1.5555  -16.6270  -16.6250  -16.5878  -16.5767  -16.5661  -16.5410  -16.4922  -16.4858  -16.4561  -16.4481  -16.4371  -16.4338  -16.4257  -16.4243  -16.3973  -16.3967  -16.3865  -16.3861  -16.3176  -16.3162  -12.6240  -12.2089  -11.9031  -11.7471  -11.5387  -11.3653  -11.1228  -11.0458   -9.1671   -9.1496   -9.1431   -9.1355   -9.1297   -9.1006   -9.0987   -9.0756   -9.0594   -9.0314   -9.0170   -9.0028   -8.9895   -8.9834   -8.9748   -8.9476   -8.8604   -8.8422   -8.7291   -8.6368   -6.4461   -6.1638   -6.1372   -5.8105   -5.3412   -4.8204   -4.6594   -4.1352   -3.7273   -3.4994   -3.4230   -3.3597   -3.0807   -2.7117   -2.6087   -2.3898   -2.2366   -2.0108   -1.8713   -1.7997   -1.6526   -1.5320   -1.0008   -0.9836    1.9486    2.2966    2.4579    2.5708    2.9079    3.0022    3.3253    3.5153    3.7007    3.9535    4.0562    4.3210    4.4896    4.7132    4.7702    4.9706    5.1684    5.3020    5.5262    5.8239    6.0459    6.1624    6.5170    6.7845
  1.6117  -16.6279  -16.6252  -16.5898  -16.5779  -16.5658  -16.5349  -16.4942  -16.4856  -16.4590  -16.4480  -16.4362  -16.4323  -16.4261  -16.4243  -16.3973  -16.3964  -16.3866  -16.3860  -16.3181  -16.3161  -12.7345  -12.1908  -11.8913  -11.7065  -11.5058  -11.3093  -11.1142  -11.0322   -9.1644   -9.1461   -9.1421   -9.1353   -9.1321   -9.1006   -9.0972   -9.0744   -9.0626   -9.0316   -9.0164   -8.9998   -8.9894   -8.9829   -8.9736   -8.9384   -8.8344   -8.8229   -8.7146   -8.6277   -6.4675   -6.3103   -6.2118   -5.9496   -5.3910   -4.8072   -4.6283   -4.2392   -3.8889   -3.5414   -3.4262   -3.0984   -3.0725   -2.6513   -2.5723   -2.3756   -2.3068   -2.0305   -1.8502   -1.7708   -1.5803   -1.4909   -0.9141   -0.8180    1.9856    2.3025    2.5282    2.6398    2.9338    2.9614    3.4254    3.4729    3.6796    3.9654    4.0687    4.3079    4.3422    4.5939    4.8191    4.9679    5.1171    5.2770    5.4820    5.8335    6.0668    6.3555    6.5354    6.7062
  1.6680  -16.6289  -16.6252  -16.5915  -16.5790  -16.5655  -16.5287  -16.4962  -16.4855  -16.4623  -16.4478  -16.4352  -16.4308  -16.4265  -16.4242  -16.3974  -16.3961  -16.3867  -16.3861  -16.3186  -16.3160  -12.8365  -12.1620  -11.8764  -11.6672  -11.4744  -11.2634  -11.1120  -11.0233   -9.1604   -9.1457   -9.1384   -9.1354   -9.1336   -9.1001   -9.0952   -9.0731   -9.0659   -9.0303   -9.0151   -8.9961   -8.9893   -8.9824   -8.9727   -8.9288   -8.8136   -8.8005   -8.7051   -8.6305   -6.5002   -6.4050   -6.2549   -6.0458   -5.4538   -4.8093   -4.6247   -4.3239   -4.0403   -3.5508   -3.4845   -3.0676   -2.9380   -2.7454   -2.5468   -2.3326   -2.2003   -1.9671   -1.8453   -1.7972   -1.5064   -1.4512   -0.8224   -0.6627    2.0535    2.3148    2.5752    2.6910    2.9096    3.0364    3.3945    3.4927    3.7065    4.0141    4.1049    4.2027    4.3149    4.5270    4.8096    4.9165    5.1879    5.2323    5.5289    5.8514    6.0549    6.3803    6.5144    6.7885
  1.7243  -16.6299  -16.6253  -16.5930  -16.5798  -16.5651  -16.5226  -16.4980  -16.4854  -16.4660  -16.4477  -16.4341  -16.4295  -16.4269  -16.4241  -16.3974  -16.3958  -16.3869  -16.3862  -16.3191  -16.3159  -12.9268  -12.1229  -11.8600  -11.6276  -11.4535  -11.2314  -11.1175  -11.0119   -9.1556   -9.1459   -9.1377   -9.1353   -9.1326   -9.0985   -9.0933   -9.0718   -9.0688   -9.0271   -9.0129   -8.9920   -8.9893   -8.9817   -8.9719   -8.9183   -8.8085   -8.7755   -8.7040   -8.6315   -6.5741   -6.4601   -6.2961   -6.0311   -5.5210   -4.8231   -4.6541   -4.3809   -4.1661   -3.5369   -3.5256   -3.1336   -2.9725   -2.9119   -2.5068   -2.2009   -1.9567   -1.8914   -1.8533   -1.8476   -1.4677   -1.3625   -0.7314   -0.5288    2.0897    2.3729    2.6245    2.6611    2.9472    3.0590    3.2484    3.5222    3.8371    3.9731    4.1593    4.2048    4.4423    4.5539    4.6840    4.9950    5.1381    5.3355    5.5858    5.8287    6.0771    6.3206    6.4480    6.7891
  1.7806  -16.6308  -16.6253  -16.5945  -16.5804  -16.5647  -16.5165  -16.4995  -16.4854  -16.4700  -16.4476  -16.4331  -16.4286  -16.4273  -16.4240  -16.3975  -16.3954  -16.3871  -16.3863  -16.3195  -16.3157  -13.0032  -12.0745  -11.8441  -11.5881  -11.4502  -11.2140  -11.1275  -10.9951   -9.1511   -9.1460   -9.1387   -9.1353   -9.1309   -9.0960   -9.0914   -9.0721   -9.0696   -9.0224   -9.0093   -8.9899   -8.9872   -8.9804   -8.9710   -8.9075   -8.8185   -8.7571   -8.7095   -8.6211   -6.6297   -6.5194   -6.3618   -5.9112   -5.5839   -4.8450   -4.7067   -4.4259   -4.2494   -3.5755   -3.5111   -3.2781   -3.0933   -2.9523   -2.4971   -2.1431   -1.9705   -1.9231   -1.7536   -1.5655   -1.4682   -1.2190   -0.6499   -0.4202    2.0541    2.4363    2.4950    2.7343    3.0023    3.0727    3.1454    3.5676    3.8523    4.0264    4.2211    4.3197    4.4460    4.6838    4.7528    5.0462    5.1732    5.4051    5.6063    5.8118    6.1295    6.1950    6.3629    6.5884
  1.8368  -16.6316  -16.6253  -16.5958  -16.5807  -16.5645  -16.5108  -16.5006  -16.4853  -16.4743  -16.4476  -16.4321  -16.4282  -16.4272  -16.4239  -16.3975  -16.3950  -16.3873  -16.3865  -16.3198  -16.3156  -13.0640  -12.0192  -11.8310  -11.5554  -11.4612  -11.2109  -11.1351  -10.9760   -9.1494   -9.1446   -9.1391   -9.1354   -9.1304   -9.0941   -9.0889   -9.0734   -9.0689   -9.0176   -9.0036   -8.9900   -8.9841   -8.9775   -8.9694   -8.9004   -8.8348   -8.7503   -8.7160   -8.6021   -6.6543   -6.5731   -6.4246   -5.7755   -5.6205   -4.8719   -4.7634   -4.4827   -4.2782   -3.6341   -3.5750   -3.3132   -3.2383   -2.9218   -2.5064   -2.2320   -2.0059   -1.9326   -1.6513   -1.4734   -1.2636   -1.0189   -0.5788   -0.3375    1.9557    2.2311    2.5527    2.7229    3.0202    3.0568    3.3239    3.5997    3.8966    4.1150    4.1869    4.4220    4.4626    4.7868    4.9025    5.1858    5.2285    5.4491    5.6345    5.8348    5.9413    6.2050    6.4266    6.6552
  1.8931  -16.6322  -16.6252  -16.5968  -16.5808  -16.5642  -16.5061  -16.5006  -16.4853  -16.4788  -16.4475  -16.4312  -16.4285  -16.4268  -16.4239  -16.3975  -16.3946  -16.3875  -16.3866  -16.3201  -16.3155  -13.1082  -11.9609  -11.8235  -11.5526  -11.4590  -11.2226  -11.1348  -10.9592   -9.1503   -9.1423   -9.1382   -9.1355   -9.1309   -9.0933   -9.0858   -9.0748   -9.0678   -9.0139   -8.9960   -8.9901   -8.9828   -8.9730   -8.9663   -8.9060   -8.8406   -8.7572   -8.7193   -8.5821   -6.6542   -6.6111   -6.4768   -5.7440   -5.5494   -4.8980   -4.8035   -4.5594   -4.2616   -3.7364   -3.6551   -3.3551   -3.2342   -2.8938   -2.5284   -2.3527   -2.0530   -1.9001   -1.6598   -1.4101   -1.0708   -0.7749   -0.5046   -0.2786    1.8130    2.0193    2.4680    2.8400    2.9782    3.1201    3.5407    3.6764    3.9523    4.0768    4.2492    4.4823    4.5506    4.7464    4.9940    5.2548    5.3872    5.5513    5.6345    5.8022    5.9199    6.2898    6.4164    6.6972
  1.9494  -16.6326  -16.6252  -16.5975  -16.5808  -16.5641  -16.5043  -16.4980  -16.4853  -16.4830  -16.4475  -16.4305  -16.4290  -16.4265  -16.4238  -16.3975  -16.3944  -16.3876  -16.3867  -16.3202  -16.3154  -13.1350  -11.9077  -11.8251  -11.5776  -11.4366  -11.2407  -11.1308  -10.9480   -9.1514   -9.1412   -9.1366   -9.1353   -9.1321   -9.0930   -9.0827   -9.0767   -9.0667   -9.0116   -8.9911   -8.9885   -8.9822   -8.9667   -8.9624   -8.9223   -8.8335   -8.7705   -8.7203   -8.5676   -6.6497   -6.6227   -6.5162   -5.7675   -5.4488   -4.9167   -4.8057   -4.6487   -4.2252   -3.8178   -3.7266   -3.3921   -3.1767   -2.8734   -2.5537   -2.4445   -2.0873   -1.8573   -1.7187   -1.3499   -0.9506   -0.6301   -0.3979   -0.2362    1.6570    1.8848    2.3807    2.9069    3.0180    3.1896    3.5980    3.8211    3.8869    4.2155    4.3141    4.4884    4.6205    4.7087    4.8861    5.3839    5.4299    5.5829    5.6721    5.8413    5.9860    6.2302    6.3100    6.4525
  2.0057  -16.6327  -16.6252  -16.5977  -16.5808  -16.5641  -16.5041  -16.4959  -16.4855  -16.4851  -16.4475  -16.4300  -16.4293  -16.4264  -16.4238  -16.3975  -16.3943  -16.3876  -16.3867  -16.3203  -16.3154  -13.1440  -11.8802  -11.8321  -11.5914  -11.4246  -11.2499  -11.1288  -10.9441   -9.1518   -9.1409   -9.1361   -9.1343   -9.1331   -9.0929   -9.0805   -9.0785   -9.0662   -9.0108   -8.9908   -8.9863   -8.9820   -8.9622   -8.9596   -8.9326   -8.8280   -8.7778   -8.7206   -8.5624   -6.6526   -6.6163   -6.5335   -5.7783   -5.4095   -4.9233   -4.7798   -4.7097   -4.2055   -3.8457   -3.7598   -3.4005   -3.1521   -2.8653   -2.5658   -2.4790   -2.0994   -1.8238   -1.7611   -1.3288   -0.9063   -0.5985   -0.3409   -0.2121    1.5847    1.8407    2.3500    2.8873    3.1058    3.2051    3.6071    3.7544    4.0037    4.2614    4.3676    4.4563    4.6595    4.6937    4.8257    5.2990    5.5137    5.6835    5.7117    5.7958    6.0329    6.1422    6.3459    6.5490
  2.0057  -16.6327  -16.6252  -16.5977  -16.5808  -16.5641  -16.5041  -16.4959  -16.4855  -16.4851  -16.4475  -16.4300  -16.4293  -16.4264  -16.4238  -16.3975  -16.3943  -16.3876  -16.3867  -16.3203  -16.3154  -13.1440  -11.8802  -11.8321  -11.5914  -11.4246  -11.2499  -11.1288  -10.9441   -9.1518   -9.1409   -9.1361   -9.1343   -9.1331   -9.0929   -9.0805   -9.0785   -9.0662   -9.0108   -8.9908   -8.9863   -8.9820   -8.9622   -8.9596   -8.9326   -8.8280   -8.7778   -8.7206   -8.5624   -6.6526   -6.6163   -6.5335   -5.7783   -5.4095   -4.9233   -4.7798   -4.7097   -4.2055   -3.8457   -3.7598   -3.4005   -3.1521   -2.8653   -2.5658   -2.4790   -2.0994   -1.8238   -1.7611   -1.3288   -0.9063   -0.5985   -0.3409   -0.2121    1.5847    1.8407    2.3500    2.8873    3.1058    3.2051    3.6071    3.7544    4.0037    4.2614    4.3676    4.4563    4.6595    4.6937    4.8257    5.2993    5.5137    5.6804    5.7119    5.7943    6.0236    6.1723    6.3479    6.5846
  2.0620  -16.6325  -16.6252  -16.5976  -16.5809  -16.5639  -16.5042  -16.4974  -16.4852  -16.4838  -16.4475  -16.4306  -16.4289  -16.4265  -16.4238  -16.3976  -16.3944  -16.3876  -16.3867  -16.3203  -16.3154  -13.1350  -11.9137  -11.8078  -11.5888  -11.4443  -11.2372  -11.1273  -10.9469   -9.1516   -9.1412   -9.1369   -9.1355   -9.1319   -9.0941   -9.0867   -9.0719   -9.0654   -9.0114   -8.9918   -8.9862   -8.9821   -8.9692   -8.9597   -8.9274   -8.8368   -8.7666   -8.7193   -8.5654   -6.6578   -6.6248   -6.5264   -5.7647   -5.4258   -4.9064   -4.7983   -4.6965   -4.1958   -3.8318   -3.7377   -3.4058   -3.1375   -2.8710   -2.5610   -2.4422   -2.0955   -1.8636   -1.7047   -1.3389   -0.9264   -0.6348   -0.3997   -0.2224    1.6381    1.8828    2.3655    2.9114    2.9756    3.2026    3.6030    3.7987    3.8740    4.2089    4.3463    4.4919    4.5917    4.7292    4.8489    5.3745    5.4205    5.5750    5.6958    5.8969    6.0622    6.1707    6.3739    6.6269
  2.1184  -16.6321  -16.6251  -16.5973  -16.5814  -16.5633  -16.5048  -16.5001  -16.4854  -16.4802  -16.4474  -16.4316  -16.4284  -16.4268  -16.4237  -16.3977  -16.3946  -16.3875  -16.3866  -16.3202  -16.3155  -13.1080  -11.9675  -11.7847  -11.5817  -11.4843  -11.2142  -11.1231  -10.9550   -9.1509   -9.1422   -9.1397   -9.1358   -9.1308   -9.0975   -9.0925   -9.0662   -9.0620   -9.0128   -8.9951   -8.9862   -8.9829   -8.9805   -8.9597   -8.9211   -8.8484   -8.7489   -8.7156   -8.5745   -6.6774   -6.6271   -6.5129   -5.7311   -5.4760   -4.8666   -4.8238   -4.6821   -4.1576   -3.7869   -3.6832   -3.4061   -3.0940   -2.8825   -2.5460   -2.3517   -2.0857   -1.8957   -1.6302   -1.3670   -0.9893   -0.7729   -0.5039   -0.2534    1.7612    1.9975    2.4177    2.7750    2.9671    3.1164    3.5021    3.6461    3.8944    4.0445    4.3432    4.4204    4.5420    4.7528    4.9604    5.2183    5.3448    5.5091    5.6768    5.8893    6.0187    6.1732    6.3221    6.4447
  2.1748  -16.6314  -16.6250  -16.5968  -16.5822  -16.5622  -16.5075  -16.5012  -16.4857  -16.4762  -16.4472  -16.4328  -16.4284  -16.4270  -16.4235  -16.3978  -16.3949  -16.3873  -16.3865  -16.3200  -16.3156  -13.0635  -12.0241  -11.7872  -11.5741  -11.5152  -11.1971  -11.1173  -10.9679   -9.1500   -9.1450   -9.1421   -9.1360   -9.1301   -9.1017   -9.0970   -9.0636   -9.0557   -9.0149   -9.0028   -8.9901   -8.9855   -8.9822   -8.9601   -8.9222   -8.8498   -8.7401   -8.7104   -8.5888   -6.6999   -6.6061   -6.4957   -5.7139   -5.5317   -4.8966   -4.7814   -4.6668   -4.0726   -3.7073   -3.6373   -3.3540   -3.0252   -2.8928   -2.5207   -2.2655   -2.0536   -1.8972   -1.5824   -1.4138   -1.1427   -0.9493   -0.5855   -0.3053    1.9057    2.1249    2.5086    2.6159    2.9034    3.1225    3.2888    3.4241    3.8380    3.9741    4.2629    4.3404    4.5099    4.7270    4.9774    5.0625    5.2727    5.4423    5.6048    5.8232    5.9145    6.2728    6.3096    6.6782
  2.2312  -16.6305  -16.6248  -16.5961  -16.5833  -16.5608  -16.5115  -16.5009  -16.4862  -16.4720  -16.4470  -16.4341  -16.4291  -16.4266  -16.4233  -16.3980  -16.3952  -16.3871  -16.3864  -16.3197  -16.3158  -13.0020  -12.0798  -11.8210  -11.5774  -11.5172  -11.1889  -11.1129  -10.9843   -9.1498   -9.1483   -9.1436   -9.1364   -9.1298   -9.1055   -9.1004   -9.0615   -9.0499   -9.0184   -9.0109   -8.9946   -8.9853   -8.9826   -8.9611   -8.9305   -8.8403   -8.7441   -8.7083   -8.6059   -6.7173   -6.5569   -6.4648   -5.7916   -5.5066   -4.9879   -4.7352   -4.6050   -3.9425   -3.6233   -3.5896   -3.2271   -2.9418   -2.8944   -2.4903   -2.2513   -1.9666   -1.8779   -1.5749   -1.5508   -1.3407   -1.0470   -0.6642   -0.3784    2.0537    2.1746    2.4763    2.6507    2.8248    2.9962    3.1319    3.3271    3.7206    3.9094    4.0610    4.3003    4.4592    4.6559    4.8492    4.9590    5.1772    5.3923    5.5862    5.7508    5.8160    6.2902    6.3531    6.6456
  2.2876  -16.6294  -16.6246  -16.5954  -16.5846  -16.5589  -16.5158  -16.5002  -16.4869  -16.4679  -16.4467  -16.4356  -16.4303  -16.4261  -16.4231  -16.3982  -16.3957  -16.3869  -16.3862  -16.3194  -16.3159  -12.9243  -12.1320  -11.8754  -11.5972  -11.4972  -11.1862  -11.1128  -11.0021   -9.1529   -9.1478   -9.1449   -9.1372   -9.1299   -9.1087   -9.1026   -9.0594   -9.0456   -9.0242   -9.0146   -8.9982   -8.9851   -8.9832   -8.9636   -8.9407   -8.8272   -8.7579   -8.7121   -8.6217   -6.7314   -6.5052   -6.3833   -5.9242   -5.4240   -5.1181   -4.6967   -4.4990   -3.8047   -3.6000   -3.4415   -3.0621   -2.9068   -2.8334   -2.4725   -2.2677   -1.9682   -1.8505   -1.7743   -1.5718   -1.4192   -1.1131   -0.7534   -0.4716    2.1114    2.1984    2.4363    2.6012    2.7687    2.8892    3.0573    3.2685    3.6216    3.8211    3.9351    4.1783    4.3742    4.5594    4.7284    4.7821    5.1116    5.3182    5.6483    5.7386    5.8242    6.3501    6.4331    6.8259
  2.3440  -16.6283  -16.6243  -16.5947  -16.5859  -16.5567  -16.5202  -16.4992  -16.4877  -16.4640  -16.4463  -16.4372  -16.4318  -16.4255  -16.4229  -16.3983  -16.3961  -16.3866  -16.3861  -16.3190  -16.3161  -12.8317  -12.1787  -11.9361  -11.6378  -11.4683  -11.1859  -11.1164  -11.0194   -9.1551   -9.1478   -9.1455   -9.1383   -9.1303   -9.1111   -9.1039   -9.0575   -9.0433   -9.0300   -9.0156   -9.0012   -8.9854   -8.9841   -8.9679   -8.9502   -8.8221   -8.7719   -8.7174   -8.6345   -6.7434   -6.4800   -6.2409   -6.0410   -5.3257   -5.2653   -4.6375   -4.3865   -3.7028   -3.5510   -3.2636   -2.9202   -2.8841   -2.7654   -2.4662   -2.2804   -2.2152   -1.8340   -1.7874   -1.5593   -1.4678   -1.1606   -0.8553   -0.5821    2.0184    2.2648    2.3606    2.5651    2.6590    2.8085    3.1027    3.2130    3.4167    3.6637    3.9561    4.0622    4.3254    4.4628    4.5607    4.7247    5.0373    5.2569    5.6229    5.8687    5.9971    6.4076    6.5642    6.8820
  2.4004  -16.6273  -16.6242  -16.5939  -16.5873  -16.5541  -16.5245  -16.4981  -16.4886  -16.4602  -16.4457  -16.4389  -16.4335  -16.4248  -16.4228  -16.3984  -16.3966  -16.3864  -16.3859  -16.3186  -16.3162  -12.7258  -12.2184  -11.9939  -11.7047  -11.4349  -11.1892  -11.1193  -11.0349   -9.1554   -9.1487   -9.1451   -9.1396   -9.1309   -9.1128   -9.1043   -9.0560   -9.0437   -9.0349   -9.0151   -9.0033   -8.9869   -8.9853   -8.9731   -8.9599   -8.8321   -8.7778   -8.7156   -8.6447   -6.7527   -6.4851   -6.2053   -5.9577   -5.4311   -5.2028   -4.5606   -4.2826   -3.6359   -3.5058   -3.1058   -2.9667   -2.8371   -2.6620   -2.5018   -2.3847   -2.1844   -1.8203   -1.8188   -1.5688   -1.4918   -1.1928   -0.9611   -0.7041    1.9113    2.2196    2.2808    2.5285    2.6397    2.7871    2.9698    3.2082    3.2840    3.5288    3.8329    4.0126    4.2293    4.3809    4.6534    4.7585    4.9167    5.2023    5.7242    6.0539    6.1621    6.3950    6.6292    6.8713
  2.4568  -16.6263  -16.6240  -16.5933  -16.5885  -16.5511  -16.5288  -16.4970  -16.4897  -16.4565  -16.4450  -16.4408  -16.4354  -16.4243  -16.4227  -16.3985  -16.3970  -16.3862  -16.3858  -16.3181  -16.3164  -12.6091  -12.2499  -12.0432  -11.7966  -11.3988  -11.2012  -11.1158  -11.0484   -9.1539   -9.1493   -9.1446   -9.1412   -9.1310   -9.1142   -9.1038   -9.0561   -9.0466   -9.0392   -9.0134   -9.0043   -8.9906   -8.9877   -8.9776   -8.9693   -8.8423   -8.7866   -8.7032   -8.6529   -6.7582   -6.5377   -6.2194   -5.7371   -5.5535   -5.0838   -4.4950   -4.1795   -3.6389   -3.4906   -3.2008   -2.9860   -2.7595   -2.6114   -2.5030   -2.2569   -2.1291   -1.8404   -1.8133   -1.6016   -1.5341   -1.2170   -1.0573   -0.8265    1.8121    2.1280    2.2070    2.4593    2.6275    2.7695    2.9242    3.0946    3.1550    3.4967    3.7793    4.0123    4.0791    4.2957    4.5923    4.8345    5.1255    5.1757    5.8894    6.0995    6.2873    6.3759    6.5785    6.9463
  2.5131  -16.6254  -16.6240  -16.5926  -16.5896  -16.5479  -16.5329  -16.4957  -16.4908  -16.4532  -16.4440  -16.4427  -16.4374  -16.4238  -16.4227  -16.3984  -16.3974  -16.3860  -16.3858  -16.3177  -16.3165  -12.4857  -12.2726  -12.0806  -11.9066  -11.3611  -11.2234  -11.1061  -11.0604   -9.1515   -9.1492   -9.1443   -9.1427   -9.1299   -9.1160   -9.1017   -9.0628   -9.0487   -9.0425   -9.0107   -9.0044   -8.9957   -8.9927   -8.9798   -8.9748   -8.8441   -8.7999   -8.6872   -8.6593   -6.7580   -6.6146   -6.1815   -5.7719   -5.3663   -4.9668   -4.4770   -4.0940   -3.8106   -3.4383   -3.2867   -3.1076   -2.6295   -2.5803   -2.3656   -2.1594   -2.0743   -1.8280   -1.8132   -1.6310   -1.5965   -1.2527   -1.1310   -0.9349    1.7489    1.9846    2.2038    2.3215    2.5951    2.8135    2.8608    2.9452    3.1843    3.4742    3.7460    3.9430    4.1264    4.2295    4.3918    4.9586    5.1247    5.4439    5.9300    6.1543    6.3582    6.4896    6.5648    6.9331
  2.5695  -16.6248  -16.6241  -16.5920  -16.5906  -16.5444  -16.5369  -16.4945  -16.4920  -16.4501  -16.4449  -16.4427  -16.4394  -16.4233  -16.4228  -16.3983  -16.3978  -16.3859  -16.3858  -16.3173  -16.3168  -12.3655  -12.2863  -12.1032  -12.0214  -11.3233  -11.2527  -11.0942  -11.0715   -9.1499   -9.1486   -9.1442   -9.1437   -9.1268   -9.1187   -9.0969   -9.0757   -9.0481   -9.0449   -9.0073   -9.0040   -9.0001   -8.9982   -8.9800   -8.9775   -8.8383   -8.8144   -8.6745   -8.6638   -6.7490   -6.6812   -6.1099   -5.8989   -5.0529   -4.8678   -4.5020   -4.2830   -3.7660   -3.3936   -3.3611   -3.2413   -2.5325   -2.5202   -2.2484   -2.1381   -2.0080   -1.8819   -1.7583   -1.6902   -1.5677   -1.3455   -1.1403   -1.0237    1.7363    1.8629    2.1911    2.2184    2.5849    2.6862    2.8982    2.9376    3.2489    3.4146    3.7986    3.9128    4.0618    4.1378    4.4239    4.8426    5.2613    5.4769    6.1729    6.3162    6.4175    6.5484    6.6583    6.9103
  2.6259  -16.6244  -16.6242  -16.5913  -16.5913  -16.5408  -16.5407  -16.4933  -16.4932  -16.4474  -16.4473  -16.4412  -16.4412  -16.4231  -16.4230  -16.3981  -16.3980  -16.3858  -16.3858  -16.3170  -16.3170  -12.2937  -12.2934  -12.1002  -12.0999  -11.2868  -11.2865  -11.0826  -11.0825   -9.1489   -9.1489   -9.1442   -9.1439   -9.1226   -9.1225   -9.0883   -9.0882   -9.0468   -9.0466   -9.0038   -9.0037   -9.0022   -9.0021   -8.9792   -8.9790   -8.8278   -8.8277   -8.6677   -8.6674   -6.7256   -6.7254   -6.0142   -6.0141   -4.8241   -4.8239   -4.5154   -4.5153   -3.5748   -3.5745   -3.3074   -3.3072   -2.4952   -2.4948   -2.1680   -2.1678   -1.9502   -1.9501   -1.7242   -1.7239   -1.4687   -1.4682   -1.0955   -1.0950    1.7760    1.7765    2.1823    2.1824    2.6076    2.6080    2.9289    2.9295    3.3301    3.3306    3.9155    3.9158    3.9996    4.0000    4.6252    4.6256    5.3999    5.4005    6.4033    6.4064    6.4395    6.4444    6.6369    6.6513
  2.6259  -16.6265  -16.6263  -16.5851  -16.5850  -16.5499  -16.5497  -16.4920  -16.4918  -16.4559  -16.4558  -16.4310  -16.4309  -16.4253  -16.4253  -16.3972  -16.3971  -16.3853  -16.3853  -16.3164  -16.3164  -12.2632  -12.2629  -12.1573  -12.1565  -11.3159  -11.3148  -11.0466  -11.0464   -9.1830   -9.1827   -9.1339   -9.1331   -9.1269   -9.1268   -9.0814   -9.0810   -9.0517   -9.0515   -9.0010   -9.0006   -8.9745   -8.9741   -8.9598   -8.9598   -8.7762   -8.7752   -8.6571   -8.6568   -6.4516   -6.4508   -6.1011   -6.1011   -4.5328   -4.5323   -4.2585   -4.2578   -3.9407   -3.9397   -3.4136   -3.4135   -3.3105   -3.3102   -2.8048   -2.8042   -1.9372   -1.9368   -1.7078   -1.7077   -1.4674   -1.4669   -1.2335   -1.2329    2.4347    2.4348    2.7631    2.7635    3.1663    3.1668    3.3040    3.3044    3.8762    3.8768    4.3838    4.3842    4.6680    4.6691    5.0345    5.0355    5.5773    5.5779    5.6698    5.6703    5.8536    5.8554    6.4605    6.5225
  2.6846  -16.6269  -16.6261  -16.5870  -16.5827  -16.5557  -16.5439  -16.4933  -16.4906  -16.4577  -16.4542  -16.4311  -16.4306  -16.4258  -16.4248  -16.3972  -16.3971  -16.3854  -16.3853  -16.3168  -16.3161  -12.4011  -12.2025  -12.1426  -12.0778  -11.3553  -11.2818  -11.0646  -11.0282   -9.1835   -9.1788   -9.1341   -9.1328   -9.1290   -9.1241   -9.0850   -9.0782   -9.0539   -9.0500   -9.0074   -8.9950   -8.9783   -8.9707   -8.9636   -8.9506   -8.7880   -8.7665   -8.6761   -8.6362   -6.4597   -6.4567   -6.2577   -5.9019   -4.8183   -4.3722   -4.3685   -4.1574   -4.0276   -3.7722   -3.5203   -3.4515   -3.3225   -3.1824   -2.8139   -2.7094   -2.1547   -1.8268   -1.7792   -1.6684   -1.4860   -1.3113   -1.2276   -1.2187    2.1974    2.5409    2.6401    2.9106    3.1397    3.1873    3.3416    3.3564    3.7995    3.9672    4.3162    4.4193    4.6456    4.6946    4.9925    5.1386    5.4513    5.5494    5.6841    5.7817    5.8917    5.9633    6.2031    6.6892
  2.7433  -16.6275  -16.6258  -16.5887  -16.5801  -16.5613  -16.5380  -16.4947  -16.4894  -16.4598  -16.4528  -16.4312  -16.4301  -16.4264  -16.4244  -16.3973  -16.3970  -16.3856  -16.3853  -16.3172  -16.3159  -12.5416  -12.1928  -12.1069  -11.9366  -11.4007  -11.2539  -11.0804  -11.0129   -9.1808   -9.1719   -9.1344   -9.1324   -9.1306   -9.1208   -9.0893   -9.0759   -9.0571   -9.0484   -9.0131   -8.9910   -8.9814   -8.9689   -8.9653   -8.9342   -8.8039   -8.7586   -8.6887   -8.6213   -6.5014   -6.4765   -6.3280   -5.6880   -5.1293   -4.4715   -4.3984   -4.0902   -4.0892   -3.6953   -3.5402   -3.5126   -3.1690   -3.0977   -2.7153   -2.6082   -2.3672   -1.9677   -1.8087   -1.5595   -1.4167   -1.2262   -1.1670   -1.1159    1.9920    2.3352    2.7592    2.9439    3.1311    3.2002    3.4231    3.4993    3.7121    4.0765    4.2444    4.3409    4.6659    4.7204    5.0873    5.2239    5.2579    5.6129    5.6541    5.8624    5.9812    6.0984    6.1815    6.5712
  2.8020  -16.6283  -16.6257  -16.5900  -16.5772  -16.5665  -16.5321  -16.4962  -16.4884  -16.4623  -16.4516  -16.4311  -16.4295  -16.4269  -16.4241  -16.3974  -16.3968  -16.3858  -16.3854  -16.3177  -16.3157  -12.6735  -12.1748  -12.0603  -11.7986  -11.4481  -11.2310  -11.0939  -11.0027   -9.1752   -9.1636   -9.1345   -9.1327   -9.1311   -9.1166   -9.0936   -9.0742   -9.0612   -9.0462   -9.0168   -8.9883   -8.9836   -8.9681   -8.9662   -8.9126   -8.8211   -8.7505   -8.6951   -8.6178   -6.5697   -6.5016   -6.3140   -5.4859   -5.4276   -4.5576   -4.5323   -4.1432   -4.0592   -3.8707   -3.6185   -3.2993   -2.9878   -2.8873   -2.6496   -2.5716   -2.4672   -2.1390   -1.7625   -1.5649   -1.3173   -1.2401   -1.0846   -0.9345    1.8788    2.2200    2.7393    2.9596    3.1449    3.2020    3.5384    3.5627    3.6746    4.1667    4.2156    4.2354    4.6792    4.7611    4.9655    5.1327    5.4274    5.5619    5.7559    5.7857    5.9606    6.1394    6.2089    6.4196
  2.8607  -16.6291  -16.6256  -16.5912  -16.5743  -16.5711  -16.5264  -16.4976  -16.4876  -16.4650  -16.4505  -16.4308  -16.4290  -16.4273  -16.4239  -16.3974  -16.3965  -16.3861  -16.3855  -16.3182  -16.3156  -12.7927  -12.1439  -12.0077  -11.6764  -11.4919  -11.2130  -11.1070  -10.9969   -9.1676   -9.1559   -9.1344   -9.1335   -9.1309   -9.1114   -9.0970   -9.0729   -9.0654   -9.0424   -9.0185   -8.9865   -8.9852   -8.9681   -8.9666   -8.8896   -8.8366   -8.7420   -8.6984   -8.6251   -6.6187   -6.5341   -6.2534   -5.6981   -5.3281   -4.7090   -4.6236   -4.2038   -4.0268   -4.0160   -3.6840   -3.1850   -2.9056   -2.6873   -2.6319   -2.4868   -2.3255   -2.3033   -1.6544   -1.6408   -1.2906   -1.2753   -1.0029   -0.7630    1.8964    2.2394    2.6139    2.9892    3.1565    3.1814    3.3665    3.6824    3.8071    4.1187    4.1728    4.3751    4.5981    4.7749    4.8213    5.0419    5.2974    5.6356    5.8154    5.8629    5.9116    6.2131    6.3120    6.6788
  2.9194  -16.6300  -16.6255  -16.5924  -16.5748  -16.5715  -16.5207  -16.4989  -16.4869  -16.4681  -16.4496  -16.4305  -16.4289  -16.4274  -16.4238  -16.3975  -16.3961  -16.3864  -16.3857  -16.3188  -16.3155  -12.8970  -12.1004  -11.9560  -11.5804  -11.5242  -11.1995  -11.1223  -10.9919   -9.1592   -9.1507   -9.1343   -9.1342   -9.1307   -9.1053   -9.0987   -9.0721   -9.0693   -9.0360   -9.0187   -8.9868   -8.9850   -8.9685   -8.9665   -8.8713   -8.8480   -8.7347   -8.7025   -8.6339   -6.6449   -6.5698   -6.1639   -5.9215   -5.2520   -4.8829   -4.6728   -4.2857   -4.1181   -3.9390   -3.7228   -3.2290   -2.8803   -2.7743   -2.4966   -2.4541   -2.1404   -2.0724   -1.7699   -1.5067   -1.3909   -1.3266   -0.9002   -0.6091    2.0452    2.3942    2.4469    2.9570    3.0381    3.1742    3.2366    3.8472    3.8588    4.1049    4.1693    4.3388    4.5712    4.8055    4.8899    4.9015    5.0999    5.6744    5.7829    5.8754    5.9116    6.3446    6.6491    6.8147
  2.9781  -16.6308  -16.6254  -16.5938  -16.5775  -16.5690  -16.5152  -16.5000  -16.4864  -16.4715  -16.4489  -16.4301  -16.4291  -16.4272  -16.4238  -16.3975  -16.3957  -16.3868  -16.3860  -16.3193  -16.3155  -12.9843  -12.0459  -11.9140  -11.5361  -11.5221  -11.1872  -11.1422  -10.9836   -9.1516   -9.1485   -9.1351   -9.1341   -9.1310   -9.0990   -9.0981   -9.0720   -9.0718   -9.0265   -9.0176   -8.9880   -8.9840   -8.9691   -8.9660   -8.8661   -8.8541   -8.7310   -8.7106   -8.6303   -6.6553   -6.6014   -6.1904   -5.9517   -5.3078   -4.9768   -4.7166   -4.3546   -4.2098   -3.7888   -3.7248   -3.3843   -2.9628   -2.7685   -2.5890   -2.2940   -1.9385   -1.9365   -1.6673   -1.5734   -1.3976   -1.3113   -0.7966   -0.4784    2.2607    2.2876    2.6513    2.7059    2.9469    3.0386    3.3032    3.8857    4.0037    4.0209    4.1353    4.2706    4.6658    4.7972    4.9265    5.0080    5.0106    5.5422    5.6923    5.9357    5.9435    6.3877    6.4735    6.6898
  3.0368  -16.6316  -16.6253  -16.5952  -16.5792  -16.5669  -16.5100  -16.5007  -16.4860  -16.4753  -16.4483  -16.4298  -16.4295  -16.4268  -16.4238  -16.3976  -16.3952  -16.3871  -16.3862  -16.3197  -16.3154  -13.0535  -11.9831  -11.8891  -11.5216  -11.5086  -11.1702  -11.1686  -10.9712   -9.1486   -9.1459   -9.1360   -9.1341   -9.1315   -9.0957   -9.0932   -9.0724   -9.0723   -9.0157   -9.0143   -8.9891   -8.9831   -8.9696   -8.9650   -8.8773   -8.8542   -8.7286   -8.7247   -8.6115   -6.6562   -6.6214   -6.3339   -5.7952   -5.4640   -4.9800   -4.7655   -4.3693   -4.3219   -3.6987   -3.6539   -3.4899   -3.1599   -2.7037   -2.6587   -2.1282   -2.1233   -1.7754   -1.7439   -1.4631   -1.3268   -1.0510   -0.7103   -0.3743    2.0650    2.4009    2.5627    2.7366    2.9572    2.9943    3.3845    3.7769    3.9613    4.1875    4.2005    4.2151    4.5644    4.9108    5.0222    5.0445    5.1821    5.4655    5.5684    5.8998    5.9358    6.3218    6.5518    6.6206
  3.0955  -16.6322  -16.6253  -16.5965  -16.5802  -16.5653  -16.5059  -16.5003  -16.4857  -16.4793  -16.4479  -16.4298  -16.4295  -16.4266  -16.4238  -16.3976  -16.3947  -16.3874  -16.3865  -16.3200  -16.3154  -13.1036  -11.9170  -11.8803  -11.5321  -11.4856  -11.2009  -11.1502  -10.9579   -9.1499   -9.1425   -9.1365   -9.1342   -9.1323   -9.0938   -9.0881   -9.0738   -9.0703   -9.0134   -9.0010   -8.9900   -8.9825   -8.9690   -8.9637   -8.8984   -8.8477   -8.7445   -8.7251   -8.5877   -6.6534   -6.6261   -6.4464   -5.6227   -5.6181   -4.9566   -4.8085   -4.4619   -4.3228   -3.7280   -3.6799   -3.3589   -3.3209   -2.7922   -2.5880   -2.2976   -1.9969   -1.9479   -1.6682   -1.4319   -1.1192   -0.7139   -0.6480   -0.2983    1.8625    2.1148    2.5327    2.8142    2.9497    3.1842    3.5552    3.6443    3.9500    4.1820    4.2621    4.3340    4.5833    4.8290    5.0148    5.2182    5.3741    5.5075    5.5127    5.8532    5.8965    6.2960    6.5060    6.5755
  3.1543  -16.6326  -16.6252  -16.5974  -16.5806  -16.5644  -16.5043  -16.4977  -16.4856  -16.4831  -16.4476  -16.4300  -16.4294  -16.4264  -16.4238  -16.3975  -16.3944  -16.3876  -16.3867  -16.3202  -16.3154  -13.1339  -11.8796  -11.8586  -11.5706  -11.4446  -11.2337  -11.1346  -10.9478   -9.1513   -9.1412   -9.1364   -9.1342   -9.1329   -9.0930   -9.0836   -9.0761   -9.0674   -9.0116   -8.9907   -8.9901   -8.9821   -8.9651   -8.9626   -8.9205   -8.8361   -8.7661   -8.7219   -8.5692   -6.6520   -6.6205   -6.5127   -5.7366   -5.4702   -4.9331   -4.8155   -4.6098   -4.2484   -3.8139   -3.7186   -3.3924   -3.2123   -2.8473   -2.5653   -2.4287   -2.0606   -1.8900   -1.7112   -1.3575   -0.9669   -0.6108   -0.4382   -0.2451    1.6723    1.9127    2.3963    2.9062    3.0088    3.2297    3.6004    3.8241    3.8399    4.2833    4.2913    4.4281    4.6379    4.7360    4.8972    5.3355    5.4124    5.6124    5.6332    5.8529    5.9899    6.2946    6.3833    6.5600
  3.2130  -16.6327  -16.6252  -16.5977  -16.5808  -16.5641  -16.5041  -16.4959  -16.4855  -16.4851  -16.4475  -16.4300  -16.4293  -16.4264  -16.4238  -16.3975  -16.3943  -16.3876  -16.3867  -16.3203  -16.3154  -13.1440  -11.8802  -11.8321  -11.5914  -11.4246  -11.2499  -11.1288  -10.9441   -9.1518   -9.1409   -9.1361   -9.1343   -9.1331   -9.0929   -9.0805   -9.0785   -9.0662   -9.0108   -8.9908   -8.9863   -8.9820   -8.9622   -8.9596   -8.9326   -8.8280   -8.7778   -8.7206   -8.5624   -6.6526   -6.6163   -6.5335   -5.7783   -5.4095   -4.9233   -4.7798   -4.7097   -4.2055   -3.8457   -3.7598   -3.4005   -3.1521   -2.8653   -2.5658   -2.4790   -2.0994   -1.8238   -1.7611   -1.3288   -0.9063   -0.5985   -0.3409   -0.2121    1.5847    1.8407    2.3500    2.8873    3.1058    3.2051    3.6071    3.7544    4.0037    4.2614    4.3676    4.4563    4.6595    4.6937    4.8257    5.2994    5.5138    5.6809    5.7121    5.7942    6.0235    6.1450    6.3551    6.5747
  3.2130  -16.6327  -16.6252  -16.5977  -16.5808  -16.5641  -16.5041  -16.4959  -16.4855  -16.4851  -16.4475  -16.4300  -16.4293  -16.4264  -16.4238  -16.3975  -16.3943  -16.3876  -16.3867  -16.3203  -16.3154  -13.1440  -11.8802  -11.8321  -11.5914  -11.4246  -11.2499  -11.1288  -10.9441   -9.1518   -9.1409   -9.1361   -9.1343   -9.1331   -9.0929   -9.0805   -9.0785   -9.0662   -9.0108   -8.9908   -8.9863   -8.9820   -8.9622   -8.9596   -8.9326   -8.8280   -8.7778   -8.7206   -8.5624   -6.6526   -6.6163   -6.5335   -5.7783   -5.4095   -4.9233   -4.7798   -4.7097   -4.2055   -3.8457   -3.7598   -3.4005   -3.1521   -2.8653   -2.5658   -2.4790   -2.0994   -1.8238   -1.7611   -1.3288   -0.9063   -0.5985   -0.3409   -0.2121    1.5847    1.8407    2.3500    2.8873    3.1058    3.2051    3.6071    3.7544    4.0037    4.2614    4.3676    4.4563    4.6595    4.6937    4.8258    5.2996    5.5139    5.6829    5.7117    5.7944    6.0339    6.1416    6.2868    6.6891
  3.2720  -16.6326  -16.6253  -16.5975  -16.5805  -16.5641  -16.5044  -16.4990  -16.4853  -16.4818  -16.4475  -16.4307  -16.4289  -16.4265  -16.4239  -16.3975  -16.3944  -16.3876  -16.3867  -16.3202  -16.3154  -13.1342  -11.9236  -11.8242  -11.5655  -11.4211  -11.2505  -11.1320  -10.9501   -9.1519   -9.1410   -9.1362   -9.1361   -9.1317   -9.0929   -9.0843   -9.0750   -9.0659   -9.0122   -8.9915   -8.9894   -8.9825   -8.9693   -8.9626   -8.9149   -8.8285   -8.7764   -8.7203   -8.5691   -6.6421   -6.6232   -6.5134   -5.8002   -5.4286   -4.9204   -4.7837   -4.6727   -4.2148   -3.8129   -3.7185   -3.3829   -3.1811   -2.9119   -2.5208   -2.4658   -2.0906   -1.8101   -1.7674   -1.3513   -0.9533   -0.6381   -0.3538   -0.2605    1.6630    1.8431    2.3907    2.9129    3.0390    3.1453    3.5996    3.8275    3.9702    4.1927    4.3001    4.5340    4.5805    4.7450    4.8840    5.3435    5.4267    5.6427    5.7666    5.7808    5.9359    6.1396    6.4001    6.5148
  3.3310  -16.6322  -16.6254  -16.5968  -16.5799  -16.5644  -16.5088  -16.5007  -16.4853  -16.4760  -16.4474  -16.4318  -16.4285  -16.4269  -16.4241  -16.3973  -16.3946  -16.3875  -16.3867  -16.3200  -16.3156  -13.1050  -12.0083  -11.8196  -11.5226  -11.4030  -11.2532  -11.1404  -10.9675   -9.1521   -9.1411   -9.1388   -9.1360   -9.1305   -9.0950   -9.0864   -9.0719   -9.0644   -9.0159   -9.0015   -8.9879   -8.9839   -8.9774   -8.9658   -8.8860   -8.8272   -8.7724   -8.7212   -8.5870   -6.6391   -6.6035   -6.4645   -5.8582   -5.4853   -4.9104   -4.7702   -4.5963   -4.2247   -3.7093   -3.6155   -3.3331   -3.2422   -3.0277   -2.4417   -2.4242   -2.0713   -1.7868   -1.7649   -1.4191   -1.0799   -0.7777   -0.4037   -0.3428    1.8512    1.8659    2.4955    2.8965    2.9993    3.0158    3.5674    3.8393    3.9160    4.1247    4.2211    4.4975    4.6099    4.8458    4.9934    5.1744    5.3947    5.5508    5.7169    5.7993    5.9771    6.1127    6.2892    6.4882
  3.3900  -16.6316  -16.6257  -16.5957  -16.5790  -16.5647  -16.5162  -16.4993  -16.4853  -16.4702  -16.4472  -16.4330  -16.4286  -16.4273  -16.4245  -16.3970  -16.3948  -16.3875  -16.3868  -16.3197  -16.3158  -13.0570  -12.1030  -11.8203  -11.5035  -11.3607  -11.2608  -11.1496  -10.9941   -9.1527   -9.1426   -9.1398   -9.1359   -9.1298   -9.1008   -9.0845   -9.0709   -9.0610   -9.0215   -9.0098   -8.9889   -8.9853   -8.9839   -8.9682   -8.8662   -8.8150   -8.7674   -8.7256   -8.6094   -6.6425   -6.5558   -6.3900   -5.9363   -5.5710   -4.8947   -4.7312   -4.5094   -4.1987   -3.5482   -3.4839   -3.3072   -3.2519   -3.1659   -2.4258   -2.3464   -2.0491   -1.8059   -1.7160   -1.5193   -1.2585   -0.9987   -0.4847   -0.4192    1.8964    2.1010    2.6071    2.8219    2.8728    3.1121    3.4379    3.7753    3.7988    4.1092    4.2204    4.4866    4.6141    4.7986    5.0633    5.1708    5.2735    5.3960    5.5585    5.8141    6.0641    6.2411    6.3803    6.5158
  3.4490  -16.6309  -16.6260  -16.5939  -16.5778  -16.5650  -16.5242  -16.4971  -16.4852  -16.4649  -16.4471  -16.4342  -16.4296  -16.4273  -16.4250  -16.3966  -16.3950  -16.3874  -16.3869  -16.3193  -16.3161  -12.9914  -12.1957  -11.8266  -11.5079  -11.3127  -11.2748  -11.1524  -11.0256   -9.1535   -9.1454   -9.1397   -9.1356   -9.1298   -9.1071   -9.0813   -9.0708   -9.0566   -9.0276   -9.0144   -8.9977   -8.9875   -8.9839   -8.9696   -8.8670   -8.7901   -8.7674   -8.7254   -8.6289   -6.6367   -6.5095   -6.2863   -6.0197   -5.6619   -4.8754   -4.6703   -4.4268   -4.1138   -3.4560   -3.3924   -3.2821   -3.2399   -3.1299   -2.4680   -2.2876   -2.0441   -1.8914   -1.6816   -1.6183   -1.4336   -1.2048   -0.5859   -0.5185    1.9558    2.3290    2.6105    2.7764    2.9147    3.1993    3.2803    3.6472    3.7855    4.0837    4.1693    4.4509    4.5763    4.6595    5.0886    5.1298    5.2423    5.3082    5.4414    5.8606    6.0348    6.3486    6.4648    6.5624
  3.5080  -16.6301  -16.6263  -16.5916  -16.5765  -16.5654  -16.5324  -16.4945  -16.4852  -16.4602  -16.4470  -16.4354  -16.4311  -16.4272  -16.4255  -16.3963  -16.3952  -16.3875  -16.3870  -16.3189  -16.3164  -12.9099  -12.2806  -11.8389  -11.5349  -11.2960  -11.2687  -11.1454  -11.0570   -9.1545   -9.1482   -9.1403   -9.1353   -9.1297   -9.1123   -9.0785   -9.0708   -9.0522   -9.0323   -9.0170   -9.0063   -8.9902   -8.9832   -8.9708   -8.8848   -8.7739   -8.7665   -8.7097   -8.6433   -6.6203   -6.4740   -6.1887   -6.0924   -5.7075   -4.8498   -4.5880   -4.3537   -3.9787   -3.5420   -3.4642   -3.1158   -3.0625   -3.0047   -2.5566   -2.3049   -2.1122   -2.0069   -1.7962   -1.6701   -1.4817   -1.3128   -0.7170   -0.6446    2.0343    2.4714    2.5653    2.7700    3.0331    3.1861    3.2732    3.4978    3.8916    4.0143    4.0722    4.2639    4.5095    4.7271    4.9377    5.0160    5.1477    5.3450    5.5418    5.8639    6.0634    6.2202    6.4615    6.6566
  3.5670  -16.6293  -16.6267  -16.5885  -16.5752  -16.5657  -16.5404  -16.4918  -16.4852  -16.4562  -16.4469  -16.4363  -16.4328  -16.4272  -16.4260  -16.3960  -16.3953  -16.3875  -16.3872  -16.3184  -16.3167  -12.8155  -12.3539  -11.8553  -11.5939  -11.2952  -11.2452  -11.1334  -11.0845   -9.1557   -9.1505   -9.1418   -9.1359   -9.1286   -9.1157   -9.0775   -9.0706   -9.0482   -9.0350   -9.0190   -9.0114   -8.9928   -8.9832   -8.9725   -8.9148   -8.7711   -8.7508   -8.6893   -8.6547   -6.5933   -6.4501   -6.1993   -6.1263   -5.6201   -4.8123   -4.4854   -4.2919   -3.8443   -3.6153   -3.5329   -3.0236   -2.8888   -2.8527   -2.6519   -2.4511   -2.2521   -2.0785   -1.8706   -1.7078   -1.4686   -1.3440   -0.8774   -0.7950    2.1275    2.4264    2.6121    2.8243    3.0552    3.2054    3.2757    3.4869    3.7554    4.0222    4.0661    4.2020    4.5070    4.7677    4.7935    4.8593    5.0380    5.4011    5.5455    5.9663    6.0820    6.1628    6.4162    6.8979
  3.6260  -16.6286  -16.6270  -16.5848  -16.5740  -16.5659  -16.5481  -16.4892  -16.4852  -16.4528  -16.4471  -16.4370  -16.4345  -16.4272  -16.4265  -16.3957  -16.3953  -16.3877  -16.3875  -16.3180  -16.3169  -12.7128  -12.4131  -11.8727  -11.6817  -11.2774  -11.2295  -11.1251  -11.1070   -9.1568   -9.1527   -9.1431   -9.1377   -9.1261   -9.1174   -9.0781   -9.0716   -9.0454   -9.0345   -9.0213   -9.0120   -8.9951   -8.9835   -8.9752   -8.9470   -8.7600   -8.7378   -8.6754   -8.6647   -6.5557   -6.4357   -6.2563   -6.1808   -5.4008   -4.7612   -4.3673   -4.2449   -3.8328   -3.6027   -3.5270   -3.1238   -2.9440   -2.7715   -2.5998   -2.4832   -2.3483   -2.1417   -1.8390   -1.7232   -1.4589   -1.3678   -1.0535   -0.9677    2.2049    2.3579    2.6824    2.8686    3.0530    3.1670    3.2567    3.5268    3.6215    4.0206    4.1573    4.2381    4.5488    4.6529    4.7776    4.7971    4.8962    5.3546    5.5498    5.8630    5.9915    6.3616    6.4711    6.7775
  3.6850  -16.6280  -16.6273  -16.5805  -16.5731  -16.5661  -16.5554  -16.4871  -16.4852  -16.4501  -16.4473  -16.4375  -16.4361  -16.4272  -16.4269  -16.3955  -16.3954  -16.3878  -16.3877  -16.3176  -16.3172  -12.6108  -12.4566  -11.8878  -11.7808  -11.2496  -11.2186  -11.1254  -11.1241   -9.1575   -9.1550   -9.1434   -9.1401   -9.1228   -9.1181   -9.0793   -9.0749   -9.0421   -9.0316   -9.0233   -9.0110   -8.9968   -8.9852   -8.9797   -8.9715   -8.7433   -8.7266   -8.6747   -8.6717   -6.5089   -6.4275   -6.3062   -6.2492   -5.1182   -4.7043   -4.2587   -4.2022   -3.8691   -3.6627   -3.5028   -3.3150   -3.0589   -2.7573   -2.6111   -2.4498   -2.2653   -2.0824   -1.7831   -1.7094   -1.4803   -1.4010   -1.2279   -1.1501    2.2387    2.3230    2.7497    2.8548    3.0380    3.0933    3.2833    3.5511    3.6340    4.0061    4.1524    4.3953    4.4684    4.5827    4.7142    4.8175    4.9362    5.2382    5.5102    5.7579    5.9909    6.3882    6.6252    6.7980
  3.7440  -16.6277  -16.6274  -16.5757  -16.5725  -16.5661  -16.5620  -16.4857  -16.4852  -16.4483  -16.4475  -16.4377  -16.4373  -16.4272  -16.4271  -16.3954  -16.3954  -16.3879  -16.3879  -16.3174  -16.3173  -12.5269  -12.4831  -11.8979  -11.8658  -11.2219  -11.2115  -11.1355  -11.1333   -9.1576   -9.1568   -9.1433   -9.1423   -9.1197   -9.1183   -9.0804   -9.0789   -9.0360   -9.0289   -9.0247   -9.0156   -8.9964   -8.9925   -8.9826   -8.9802   -8.7246   -8.7175   -8.6823   -8.6787   -6.4561   -6.4215   -6.3420   -6.3145   -4.8212   -4.6578   -4.2283   -4.1557   -3.8739   -3.7629   -3.6222   -3.5072   -2.9316   -2.7573   -2.6784   -2.5607   -2.0451   -1.9660   -1.7113   -1.6765   -1.5436   -1.4800   -1.3517   -1.3046    2.2675    2.2993    2.7260    2.7746    3.0674    3.1494    3.3438    3.4632    3.7900    3.9624    4.1319    4.2693    4.5217    4.5696    4.7919    4.8694    4.9629    5.0786    5.5382    5.6414    6.0876    6.2040    6.5795    6.8121
  3.8030  -16.6276  -16.6274  -16.5723  -16.5722  -16.5661  -16.5661  -16.4852  -16.4851  -16.4477  -16.4476  -16.4378  -16.4378  -16.4273  -16.4272  -16.3954  -16.3953  -16.3880  -16.3879  -16.3173  -16.3173  -12.4921  -12.4919  -11.9016  -11.9014  -11.2089  -11.2087  -11.1395  -11.1395   -9.1575   -9.1575   -9.1432   -9.1432   -9.1184   -9.1184   -9.0808   -9.0808   -9.0276   -9.0276   -9.0255   -9.0254   -8.9950   -8.9950   -8.9829   -8.9829   -8.7134   -8.7133   -8.6860   -8.6860   -6.4181   -6.4181   -6.3563   -6.3561   -4.6398   -4.6396   -4.2252   -4.2251   -3.8112   -3.8110   -3.6487   -3.6486   -2.7595   -2.7593   -2.7077   -2.7075   -1.9121   -1.9118   -1.6309   -1.6307   -1.6152   -1.6149   -1.3729   -1.3727    2.2889    2.2890    2.7044    2.7048    3.1768    3.1768    3.3645    3.3646    3.9406    3.9407    4.1153    4.1155    4.5761    4.5763    4.9199    4.9199    4.9241    4.9244    5.5888    5.5888    6.1388    6.1394    6.5575    6.5984
