#K-Path     Band-1    Band-2    Band-3    Band-4      ...     Band-n
  0.0000  -43.7549  -43.6913  -43.6858  -36.4495  -17.8456  -16.8993  -16.8973  -15.1462  -13.4312   -8.1393   -8.1132   -7.7921   -7.7917   -7.7558   -4.8513   -1.3500   -1.2333   -0.4121   -0.3622   -0.2229    1.8265    4.6881    5.4399    6.4338
  0.0565  -43.7549  -43.6914  -43.6857  -36.4487  -17.8418  -16.9112  -16.8999  -15.1348  -13.4335   -8.1382   -8.1123   -7.7960   -7.7918   -7.7518   -4.8383   -1.3641   -1.2476   -0.4251   -0.4034   -0.2605    1.8932    4.6993    5.4266    6.4701
  0.1129  -43.7548  -43.6919  -43.6856  -36.4462  -17.8304  -16.9483  -16.9051  -15.1018  -13.4402   -8.1357   -8.1090   -7.8051   -7.7921   -7.7427   -4.7999   -1.4162   -1.2795   -0.5707   -0.4483   -0.3204    2.0699    4.7264    5.3890    6.5076
  0.1694  -43.7548  -43.6926  -43.6854  -36.4421  -17.8118  -17.0067  -16.9135  -15.0500  -13.4513   -8.1327   -8.1018   -7.8162   -7.7924   -7.7316   -4.7377   -1.5208   -1.3121   -0.8212   -0.4962   -0.3804    2.3135    4.7532    5.3432    6.5731
  0.2259  -43.7547  -43.6935  -43.6851  -36.4366  -17.7865  -17.0818  -16.9248  -14.9831  -13.4662   -8.1296   -8.0904   -7.8282   -7.7927   -7.7199   -4.6544   -1.6784   -1.3448   -1.1055   -0.5611   -0.4505    2.5908    4.7358    5.3337    6.7642
  0.2823  -43.7546  -43.6947  -43.6848  -36.4297  -17.7553  -17.1689  -16.9387  -14.9050  -13.4845   -8.1258   -8.0749   -7.8404   -7.7927   -7.7082   -4.5539   -1.8894   -1.3983   -1.3663   -0.6415   -0.5312    2.8828    4.6364    5.4046    6.8634
  0.3388  -43.7546  -43.6961  -43.6844  -36.4218  -17.7198  -17.2630  -16.9547  -14.8195  -13.5056   -8.1203   -8.0566   -7.8524   -7.7923   -7.6966   -4.4420   -2.1536   -1.6310   -1.4197   -0.7347   -0.6199    3.1786    4.4723    5.5461    7.0140
  0.3952  -43.7545  -43.6976  -43.6840  -36.4129  -17.6828  -17.3583  -16.9724  -14.7300  -13.5284   -8.1122   -8.0363   -7.8637   -7.7909   -7.6854   -4.3269   -2.4537   -1.8363   -1.4676   -0.8378   -0.7129    3.4683    4.2813    5.7285    7.2318
  0.4517  -43.7544  -43.6992  -43.6836  -36.4035  -17.6525  -17.4442  -16.9910  -14.6397  -13.5518   -8.1012   -8.0153   -7.8734   -7.7883   -7.6746   -4.2221   -2.7595   -2.0100   -1.5212   -0.9479   -0.8062    3.7169    4.1180    5.9297    7.5002
  0.5082  -43.7543  -43.7007  -43.6831  -36.3938  -17.6571  -17.4910  -17.0101  -14.5520  -13.5740   -8.0876   -7.9949   -7.8803   -7.7839   -7.6641   -4.1521   -3.0361   -2.1553   -1.5800   -1.0624   -0.8963    3.7322    4.1859    6.1328    7.8334
  0.5646  -43.7542  -43.7023  -43.6827  -36.3840  -17.7168  -17.4771  -17.0291  -14.4701  -13.5933   -8.0724   -7.9762   -7.8827   -7.7773   -7.6537   -4.1589   -3.2386   -2.2702   -1.6429   -1.1785   -0.9801    3.5637    4.4420    6.3219    7.8637
  0.6211  -43.7541  -43.7039  -43.6824  -36.3745  -17.7956  -17.4380  -17.0474  -14.3973  -13.6077   -8.0578   -7.9605   -7.8783   -7.7682   -7.6430   -4.2771   -3.3342   -2.3492   -1.7079   -1.2939   -1.0554    3.3808    4.7197    6.4801    7.9972
  0.6776  -43.7540  -43.7053  -43.6820  -36.3655  -17.8733  -17.3937  -17.0644  -14.3365  -13.6154   -8.0464   -7.9481   -7.8653   -7.7569   -7.6313   -4.4776   -3.3545   -2.3867   -1.7725   -1.4065   -1.1209    3.2105    4.9918    6.5894    8.0560
  0.6776  -43.7540  -43.7053  -43.6820  -36.3655  -17.8733  -17.3937  -17.0644  -14.3365  -13.6154   -8.0464   -7.9481   -7.8653   -7.7569   -7.6313   -4.4776   -3.3545   -2.3867   -1.7725   -1.4065   -1.1209    3.2105    4.9918    6.5895    8.0421
  0.7453  -43.7539  -43.7068  -43.6816  -36.3559  -17.9565  -17.3423  -17.0825  -14.2819  -13.6146   -8.0389   -7.9372   -7.8396   -7.7415   -7.6149   -4.7497   -3.3536   -2.3761   -1.8454   -1.5353   -1.1860    3.0330    5.2990    6.6416    8.0697
  0.8131  -43.7538  -43.7081  -43.6814  -36.3480  -18.0245  -17.2976  -17.0972  -14.2470  -13.6047   -8.0369   -7.9299   -7.8093   -7.7260   -7.5947   -5.0025   -3.3601   -2.3174   -1.9082   -1.6550   -1.2361    2.8902    5.5764    6.6143    8.3596
  0.8808  -43.7537  -43.7091  -43.6811  -36.3420  -18.0746  -17.2633  -17.1080  -14.2280  -13.5908   -8.0376   -7.9255   -7.7829   -7.7126   -7.5717   -5.2055   -3.3740   -2.2334   -1.9566   -1.7638   -1.2716    2.7858    5.8177    6.5320    8.2364
  0.9486  -43.7537  -43.7096  -43.6810  -36.3383  -18.1053  -17.2417  -17.1145  -14.2193  -13.5792   -8.0389   -7.9232   -7.7664   -7.7035   -7.5517   -5.3374   -3.3865   -2.1483   -1.9871   -1.8562   -1.2927    2.7221    6.0159    6.4211    8.3603
  1.0164  -43.7537  -43.7098  -43.6809  -36.3371  -18.1156  -17.2344  -17.1167  -14.2170  -13.5748   -8.0394   -7.9225   -7.7609   -7.7002   -7.5435   -5.3833   -3.3913   -2.1032   -1.9977   -1.9025   -1.2997    2.7008    6.1210    6.3447    8.6240
  1.0164  -43.7537  -43.7098  -43.6809  -36.3371  -18.1156  -17.2344  -17.1167  -14.2170  -13.5748   -8.0394   -7.9225   -7.7609   -7.7002   -7.5435   -5.3833   -3.3913   -2.1032   -1.9977   -1.9025   -1.2997    2.7008    6.1210    6.3442    8.7080
  1.0681  -43.7537  -43.7098  -43.6810  -36.3368  -18.1122  -17.2336  -17.1244  -14.2142  -13.5742   -8.0383   -7.9232   -7.7625   -7.7006   -7.5390   -5.3777   -3.4011   -2.1016   -2.0319   -1.8887   -1.3068    2.7388    6.1215    6.3554    8.3358
  1.1199  -43.7537  -43.7098  -43.6812  -36.3361  -18.1021  -17.2314  -17.1468  -14.2061  -13.5725   -8.0349   -7.9254   -7.7672   -7.7017   -7.5259   -5.3611   -3.4302   -2.1356   -2.0773   -1.8641   -1.3254    2.8492    6.1224    6.3891    8.4116
  1.1717  -43.7536  -43.7097  -43.6815  -36.3350  -18.0853  -17.2296  -17.1810  -14.1936  -13.5697   -8.0296   -7.9285   -7.7737   -7.7035   -7.5060   -5.3342   -3.4775   -2.2611   -2.0650   -1.8362   -1.3504    3.0222    6.1216    6.4364    8.0905
  1.2235  -43.7536  -43.7095  -43.6818  -36.3335  -18.0622  -17.2458  -17.2078  -14.1779  -13.5657   -8.0226   -7.9320   -7.7810   -7.7060   -7.4809   -5.2980   -3.5412   -2.4213   -2.0420   -1.8039   -1.3783    3.2457    6.1175    6.4890    7.9443
  1.2752  -43.7536  -43.7093  -43.6823  -36.3318  -18.0330  -17.2988  -17.2065  -14.1606  -13.5607   -8.0145   -7.9353   -7.7879   -7.7093   -7.4526   -5.2543   -3.6189   -2.5984   -2.0125   -1.7674   -1.4086    3.5079    6.1070    6.5327    7.5718
  1.3270  -43.7536  -43.7091  -43.6827  -36.3299  -17.9983  -17.3636  -17.1995  -14.1432  -13.5548   -8.0059   -7.9383   -7.7933   -7.7135   -7.4228   -5.2057   -3.7075   -2.7761   -1.9769   -1.7289   -1.4420    3.7991    6.0846    6.5355    7.3426
  1.3788  -43.7535  -43.7088  -43.6832  -36.3280  -17.9584  -17.4335  -17.1916  -14.1273  -13.5482   -7.9976   -7.9409   -7.7964   -7.7186   -7.3933   -5.1559   -3.8025   -2.9399   -1.9356   -1.6915   -1.4795    4.1112    6.0408    6.4924    7.1602
  1.4306  -43.7535  -43.7086  -43.6837  -36.3262  -17.9142  -17.5049  -17.1838  -14.1139  -13.5415   -7.9901   -7.9432   -7.7961   -7.7246   -7.3658   -5.1099   -3.8968   -3.0777   -1.8886   -1.6590   -1.5214    4.4361    5.9610    6.4154    6.9958
  1.4823  -43.7535  -43.7083  -43.6843  -36.3246  -17.8669  -17.5747  -17.1770  -14.1038  -13.5354   -7.9840   -7.9457   -7.7925   -7.7313   -7.3425   -5.0733   -3.9800   -3.1821   -1.8365   -1.6352   -1.5671    4.7633    5.8379    6.3309    6.8703
  1.5341  -43.7535  -43.7079  -43.6848  -36.3235  -17.8188  -17.6384  -17.1720  -14.0973  -13.5306   -7.9795   -7.9482   -7.7866   -7.7382   -7.3254   -5.0512   -4.0402   -3.2494   -1.7804   -1.6272   -1.6108    5.0724    5.6854    6.2529    6.7812
  1.5859  -43.7535  -43.7075  -43.6852  -36.3230  -17.7806  -17.6842  -17.1695  -14.0944  -13.5280   -7.9772   -7.9498   -7.7817   -7.7430   -7.3168   -5.0437   -4.0685   -3.2794   -1.7287   -1.6636   -1.6168    5.2985    5.5519    6.1976    6.7365
  1.6377  -43.7535  -43.7071  -43.6856  -36.3231  -17.7894  -17.6737  -17.1701  -14.0949  -13.5286   -7.9775   -7.9494   -7.7832   -7.7418   -7.3187   -5.0439   -4.0635   -3.2738   -1.7435   -1.6582   -1.6095    5.2625    5.5622    6.2118    6.7512
  1.6894  -43.7534  -43.7067  -43.6860  -36.3240  -17.8260  -17.6255  -17.1745  -14.0986  -13.5330   -7.9803   -7.9468   -7.7927   -7.7347   -7.3323   -5.0397   -4.0296   -3.2360   -1.8010   -1.6681   -1.5538    5.1107    5.5502    6.2733    6.8482
  1.7412  -43.7535  -43.7061  -43.6862  -36.3258  -17.8594  -17.5703  -17.1831  -14.1053  -13.5414   -7.9843   -7.9428   -7.8069   -7.7258   -7.3577   -5.0195   -3.9724   -3.1714   -1.8677   -1.6939   -1.4793    4.9570    5.4755    6.2763    7.0486
  1.7930  -43.7535  -43.7056  -43.6865  -36.3286  -17.8833  -17.5144  -17.1958  -14.1153  -13.5536   -7.9888   -7.9381   -7.8241   -7.7180   -7.3929   -4.9753   -3.8961   -3.0874   -1.9419   -1.7192   -1.3989    4.8156    5.3804    6.2137    7.3185
  1.8448  -43.7535  -43.7050  -43.6866  -36.3324  -17.8960  -17.4604  -17.2120  -14.1293  -13.5685   -7.9935   -7.9331   -7.8432   -7.7125   -7.4351   -4.9041   -3.8026   -2.9936   -2.0212   -1.7365   -1.3148    4.6906    5.2821    6.1085    7.5738
  1.8966  -43.7536  -43.7043  -43.6868  -36.3372  -17.8967  -17.4119  -17.2292  -14.1487  -13.5844   -7.9986   -7.9283   -7.8633   -7.7102   -7.4802   -4.8066   -3.6928   -2.9027   -2.0967   -1.7409   -1.2284    4.5843    5.1855    5.9772    7.8512
  1.9483  -43.7536  -43.7035  -43.6868  -36.3429  -17.8851  -17.3763  -17.2402  -14.1750  -13.5990   -8.0048   -7.9245   -7.8827   -7.7119   -7.5241   -4.6865   -3.5677   -2.8326   -2.1511   -1.7299   -1.1408    4.4979    5.0901    5.8316    8.0715
  2.0001  -43.7537  -43.7027  -43.6868  -36.3495  -17.8613  -17.3678  -17.2311  -14.2102  -13.6100   -8.0129   -7.9241   -7.8978   -7.7182   -7.5631   -4.5500   -3.4290   -2.8026   -2.1617   -1.7021   -1.0530    4.4323    4.9912    5.6818    8.2747
  2.0519  -43.7538  -43.7018  -43.6868  -36.3570  -17.8260  -17.3867  -17.2011  -14.2554  -13.6154   -8.0240   -7.9319   -7.9028   -7.7293   -7.5945   -4.4069   -3.2802   -2.8129   -2.1191   -1.6574   -0.9664    4.3874    4.8803    5.5401    8.4524
  2.1037  -43.7538  -43.7008  -43.6867  -36.3651  -17.7803  -17.4189  -17.1632  -14.3111  -13.6143   -8.0382   -7.9444   -7.9009   -7.7438   -7.6180   -4.2723   -3.1300   -2.8285   -2.0376   -1.5966   -0.8823    4.3612    4.7482    5.4200    8.4677
  2.1554  -43.7540  -43.6998  -43.6867  -36.3737  -17.7263  -17.4552  -17.1246  -14.3764  -13.6067   -8.0543   -7.9579   -7.8968   -7.7589   -7.6352   -4.1683   -3.0015   -2.7881   -1.9359   -1.5217   -0.8018    4.3417    4.5983    5.3309    8.3015
  2.2072  -43.7541  -43.6988  -43.6866  -36.3827  -17.6697  -17.4878  -17.0879  -14.4497  -13.5937   -8.0707   -7.9729   -7.8913   -7.7720   -7.6486   -4.1187   -2.8968   -2.6569   -1.8263   -1.4344   -0.7261    4.2655    4.4943    5.2722    8.1906
  2.2590  -43.7542  -43.6977  -43.6865  -36.3918  -17.6302  -17.4965  -17.0540  -14.5289  -13.5766   -8.0859   -7.9899   -7.8845   -7.7815   -7.6599   -4.1323   -2.7605   -2.4783   -1.7168   -1.3356   -0.6562    4.0741    4.4998    5.2365    7.9303
  2.3108  -43.7543  -43.6967  -43.6864  -36.4009  -17.6364  -17.4529  -17.0235  -14.6120  -13.5568   -8.0991   -8.0087   -7.8764   -7.7877   -7.6705   -4.1958   -2.5780   -2.2798   -1.6140   -1.2253   -0.5928    3.8341    4.5526    5.2155    7.6831
  2.3625  -43.7544  -43.6957  -43.6863  -36.4098  -17.6674  -17.3788  -16.9964  -14.6967  -13.5358   -8.1097   -8.0283   -7.8671   -7.7911   -7.6809   -4.2883   -2.3669   -2.0668   -1.5225   -1.1037   -0.5364    3.5751    4.6235    5.2032    7.3896
  2.4143  -43.7545  -43.6948  -43.6862  -36.4181  -17.7030  -17.2957  -16.9727  -14.7808  -13.5148   -8.1178   -8.0477   -7.8569   -7.7928   -7.6913   -4.3930   -2.1501   -1.8382   -1.4434   -0.9739   -0.4870    3.3064    4.6978    5.1982    7.1936
  2.4661  -43.7546  -43.6939  -43.6861  -36.4258  -17.7375  -17.2110  -16.9525  -14.8621  -13.4947   -8.1236   -8.0657   -7.8461   -7.7933   -7.7020   -4.4986   -1.9459   -1.6007   -1.3673   -0.8417   -0.4444    3.0337    4.7584    5.2060    6.9165
  2.5179  -43.7547  -43.6931  -43.6860  -36.4327  -17.7688  -17.1292  -16.9356  -14.9383  -13.4765   -8.1277   -8.0816   -7.8350   -7.7932   -7.7129   -4.5974   -1.7644   -1.4173   -1.2341   -0.7151   -0.4078    2.7618    4.7878    5.2359    6.8540
  2.5696  -43.7548  -43.6925  -43.6860  -36.4386  -17.7956  -17.0542  -16.9220  -15.0067  -13.4608   -8.1307   -8.0946   -7.8240   -7.7929   -7.7238   -4.6842   -1.6100   -1.3455   -0.9958   -0.6027   -0.3754    2.4968    4.7825    5.2876    6.6493
  2.6214  -43.7548  -43.6919  -43.6859  -36.4433  -17.8171  -16.9900  -16.9115  -15.0645  -13.4481   -8.1334   -8.1040   -7.8133   -7.7925   -7.7344   -4.7553   -1.4876   -1.3064   -0.7451   -0.5127   -0.3436    2.2488    4.7547    5.3464    6.5653
  2.6732  -43.7548  -43.6916  -43.6858  -36.4467  -17.8328  -16.9405  -16.9041  -15.1087  -13.4388   -8.1362   -8.1097   -7.8034   -7.7921   -7.7443   -4.8080   -1.4043   -1.2738   -0.5311   -0.4521   -0.3058    2.0349    4.7225    5.3970    6.4959
  2.7250  -43.7549  -43.6914  -43.6858  -36.4488  -17.8424  -16.9092  -16.8996  -15.1366  -13.4331   -8.1384   -8.1125   -7.7954   -7.7918   -7.7523   -4.8404   -1.3619   -1.2453   -0.4217   -0.3981   -0.2550    1.8829    4.6977    5.4289    6.4562
  2.7768  -43.7549  -43.6913  -43.6858  -36.4495  -17.8456  -16.8993  -16.8973  -15.1462  -13.4312   -8.1393   -8.1132   -7.7921   -7.7917   -7.7558   -4.8513   -1.3500   -1.2333   -0.4121   -0.3622   -0.2229    1.8265    4.6885    5.4399    6.4505
  2.7768  -43.7549  -43.6913  -43.6858  -36.4495  -17.8456  -16.8993  -16.8973  -15.1462  -13.4312   -8.1393   -8.1132   -7.7921   -7.7917   -7.7558   -4.8513   -1.3500   -1.2333   -0.4121   -0.3622   -0.2229    1.8265    4.6883    5.4399    6.4356
  2.8291  -43.7549  -43.6914  -43.6858  -36.4489  -17.8428  -16.9086  -16.8995  -15.1363  -13.4337   -8.1385   -8.1125   -7.7953   -7.7918   -7.7528   -4.8396   -1.3591   -1.2459   -0.4296   -0.3940   -0.2519    1.8839    4.6970    5.4294    6.4557
  2.8814  -43.7549  -43.6916  -43.6858  -36.4469  -17.8343  -16.9381  -16.9038  -15.1076  -13.4412   -8.1364   -8.1099   -7.8032   -7.7921   -7.7459   -4.8050   -1.3935   -1.2759   -0.5517   -0.4362   -0.3043    2.0385    4.7195    5.3989    6.5052
  2.9337  -43.7548  -43.6919  -43.6859  -36.4436  -17.8204  -16.9849  -16.9108  -15.0619  -13.4532   -8.1337   -8.1047   -7.8132   -7.7924   -7.7375   -4.7492   -1.4674   -1.3074   -0.7656   -0.4885   -0.3536    2.2560    4.7511    5.3510    6.5376
  2.9860  -43.7548  -43.6924  -43.6860  -36.4391  -17.8013  -17.0457  -16.9207  -15.0022  -13.4694   -8.1310   -8.0959   -7.8240   -7.7928   -7.7286   -4.6747   -1.5812   -1.3410   -1.0156   -0.5679   -0.3993    2.5080    4.7815    5.2936    6.6392
  3.0383  -43.7547  -43.6930  -43.6860  -36.4336  -17.7774  -17.1169  -16.9336  -14.9315  -13.4889   -8.1280   -8.0839   -7.8353   -7.7931   -7.7196   -4.5854   -1.7280   -1.4084   -1.2468   -0.6706   -0.4450    2.7763    4.7934    5.2393    6.7641
  3.0906  -43.7547  -43.6938  -43.6861  -36.4270  -17.7493  -17.1950  -16.9495  -14.8529  -13.5108   -8.1240   -8.0689   -7.8466   -7.7932   -7.7106   -4.4863   -1.9066   -1.5944   -1.3560   -0.7882   -0.4943    3.0505    4.7745    5.2031    6.9102
  3.1429  -43.7546  -43.6946  -43.6863  -36.4197  -17.7179  -17.2763  -16.9686  -14.7696  -13.5341   -8.1185   -8.0519   -7.8575   -7.7928   -7.7017   -4.3839   -2.1185   -1.8103   -1.4160   -0.9123   -0.5488    3.3236    4.7235    5.1896    6.9854
  3.1952  -43.7546  -43.6955  -43.6864  -36.4117  -17.6847  -17.3572  -16.9910  -14.6842  -13.5573   -8.1107   -8.0334   -7.8678   -7.7916   -7.6927   -4.2868   -2.3535   -1.9988   -1.4816   -1.0349   -0.6091    3.5898    4.6558    5.1916    7.0859
  3.2475  -43.7546  -43.6965  -43.6865  -36.4031  -17.6535  -17.4321  -17.0166  -14.5996  -13.5790   -8.1006   -8.0143   -7.8771   -7.7888   -7.6835   -4.2062   -2.5895   -2.1602   -1.5618   -1.1487   -0.6749    3.8412    4.5914    5.2019    7.2202
  3.2998  -43.7546  -43.6975  -43.6866  -36.3943  -17.6356  -17.4883  -17.0455  -14.5186  -13.5974   -8.0882   -7.9956   -7.8850   -7.7839   -7.6735   -4.1558   -2.8065   -2.2973   -1.6580   -1.2489   -0.7461    4.0611    4.5537    5.2195    7.3029
  3.3521  -43.7546  -43.6986  -43.6867  -36.3854  -17.6554  -17.5005  -17.0775  -14.4438  -13.6109   -8.0739   -7.9780   -7.8915   -7.7762   -7.6624   -4.1499   -2.9906   -2.4089   -1.7671   -1.3334   -0.8219    4.2094    4.5831    5.2490    7.4031
  3.4044  -43.7546  -43.6996  -43.6869  -36.3766  -17.7045  -17.4767  -17.1124  -14.3776  -13.6181   -8.0587   -7.9619   -7.8964   -7.7652   -7.6490   -4.1961   -3.1363   -2.4935   -1.8832   -1.4026   -0.9021    4.2615    4.6984    5.3001    7.5270
  3.4568  -43.7546  -43.7006  -43.6870  -36.3681  -17.7571  -17.4427  -17.1494  -14.3215  -13.6182   -8.0442   -7.9468   -7.8999   -7.7518   -7.6317   -4.2877   -3.2499   -2.5539   -1.9995   -1.4568   -0.9863    4.2725    4.8339    5.3860    7.5933
  3.5091  -43.7547  -43.7016  -43.6871  -36.3600  -17.8040  -17.4089  -17.1872  -14.2761  -13.6116   -8.0318   -7.9321   -7.9020   -7.7380   -7.6085   -4.4060   -3.3432   -2.6006   -2.1069   -1.4975   -1.0740    4.2828    4.9434    5.5144    7.6802
  3.5614  -43.7547  -43.7026  -43.6871  -36.3524  -17.8421  -17.3824  -17.2217  -14.2405  -13.5998   -8.0222   -7.9200   -7.9002   -7.7263   -7.5779   -4.5313   -3.4244   -2.6503   -2.1934   -1.5279   -1.1643    4.3049    5.0248    5.6767    7.7226
  3.6137  -43.7548  -43.7034  -43.6871  -36.3456  -17.8698  -17.3744  -17.2430  -14.2127  -13.5855   -8.0150   -7.9177   -7.8878   -7.7183   -7.5400   -4.6486   -3.4962   -2.7181   -2.2474   -1.5540   -1.2558    4.3425    5.0918    5.8563    7.7197
  3.6660  -43.7548  -43.7042  -43.6871  -36.3396  -17.8864  -17.3948  -17.2419  -14.1902  -13.5714   -8.0093   -7.9212   -7.8700   -7.7146   -7.4972   -4.7482   -3.5585   -2.8063   -2.2664   -1.5843   -1.3454    4.3969    5.1553    6.0394    7.6069
  3.7183  -43.7549  -43.7049  -43.6871  -36.3345  -17.8917  -17.4351  -17.2273  -14.1712  -13.5599   -8.0039   -7.9263   -7.8516   -7.7147   -7.4530   -4.8241   -3.6106   -2.9045   -2.2576   -1.6284   -1.4282    4.4688    5.2190    6.2137    7.4751
  3.7706  -43.7549  -43.7056  -43.6869  -36.3303  -17.8855  -17.4839  -17.2103  -14.1541  -13.5526   -7.9983   -7.9324   -7.8342   -7.7181   -7.4112   -4.8733   -3.6524   -2.9998   -2.2293   -1.6916   -1.5009    4.5583    5.2798    6.3619    7.3437
  3.8229  -43.7549  -43.7062  -43.6868  -36.3270  -17.8684  -17.5363  -17.1955  -14.1386  -13.5498   -7.9920   -7.9389   -7.8184   -7.7243   -7.3752   -4.8966   -3.6845   -3.0811   -2.1890   -1.7678   -1.5674    4.6653    5.3266    6.4574    7.2847
  3.8752  -43.7549  -43.7067  -43.6865  -36.3247  -17.8414  -17.5895  -17.1843  -14.1250  -13.5509   -7.9853   -7.9455   -7.8049   -7.7321   -7.3477   -4.8979   -3.7068   -3.1402   -2.1469   -1.8396   -1.6345    4.7884    5.3400    6.4790    7.3036
  3.9275  -43.7548  -43.7071  -43.6862  -36.3233  -17.8071  -17.6403  -17.1772  -14.1147  -13.5544   -7.9787   -7.9515   -7.7949   -7.7396   -7.3301   -4.8853   -3.7175   -3.1731   -2.1253   -1.8775   -1.7045    4.9239    5.2968    6.4682    7.3835
  3.9798  -43.7548  -43.7075  -43.6858  -36.3227  -17.7761  -17.6783  -17.1741  -14.1096  -13.5579   -7.9744   -7.9551   -7.7901   -7.7440   -7.3226   -4.8695   -3.7114   -3.1820   -2.1428   -1.8643   -1.7672    5.0580    5.1919    6.4645    7.4590
  4.0321  -43.7547  -43.7079  -43.6854  -36.3228  -17.7847  -17.6675  -17.1746  -14.1116  -13.5589   -7.9758   -7.9536   -7.7913   -7.7430   -7.3245   -4.8614   -3.6836   -3.1745   -2.1731   -1.8864   -1.7504    4.9860    5.2288    6.4825    7.4817
  4.0844  -43.7546  -43.7082  -43.6850  -36.3236  -17.8254  -17.6162  -17.1780  -14.1220  -13.5556   -7.9813   -7.9493   -7.7954   -7.7383   -7.3344   -4.8678   -3.6350   -3.1590   -2.1890   -1.9456   -1.6651    4.7688    5.3522    6.5248    7.4207
  4.1367  -43.7545  -43.7085  -43.6845  -36.3248  -17.8708  -17.5530  -17.1837  -14.1412  -13.5469   -7.9884   -7.9453   -7.7985   -7.7324   -7.3508   -4.8900   -3.5791   -3.1357   -2.2006   -1.9701   -1.5639    4.5268    5.4398    6.5931    7.2908
  4.1891  -43.7544  -43.7088  -43.6840  -36.3264  -17.9147  -17.4853  -17.1909  -14.1680  -13.5333   -7.9967   -7.9423   -7.7987   -7.7265   -7.3723   -4.9245   -3.5407   -3.0896   -2.2428   -1.9143   -1.4573    4.2791    5.4648    6.6965    7.1204
  4.2414  -43.7542  -43.7090  -43.6835  -36.3282  -17.9555  -17.4167  -17.1990  -14.2002  -13.5161   -8.0061   -7.9398   -7.7958   -7.7210   -7.3972   -4.9663   -3.5386   -3.0061   -2.3086   -1.7901   -1.3503    4.0380    5.4186    6.7693    7.0037
  4.2937  -43.7541  -43.7092  -43.6830  -36.3301  -17.9920  -17.3501  -17.2070  -14.2354  -13.4969   -8.0162   -7.9370   -7.7906   -7.7162   -7.4240   -5.0107   -3.5672   -2.8923   -2.3786   -1.6279   -1.2471    3.8122    5.3136    6.6177    7.1462
  4.3460  -43.7539  -43.7094  -43.6825  -36.3319  -18.0239  -17.2888  -17.2138  -14.2707  -13.4777   -8.0266   -7.9332   -7.7842   -7.7118   -7.4512   -5.0537   -3.6101   -2.7667   -2.4434   -1.4493   -1.1513    3.6084    5.1724    6.4180    7.3873
  4.3983  -43.7538  -43.7095  -43.6821  -36.3336  -18.0505  -17.2424  -17.2118  -14.3036  -13.4599   -8.0366   -7.9285   -7.7778   -7.7079   -7.4773   -5.0925   -3.6551   -2.6484   -2.4951   -1.2720   -1.0665    3.4321    5.0182    6.2261    7.6583
  4.4506  -43.7537  -43.7096  -43.6818  -36.3351  -18.0716  -17.2351  -17.1788  -14.3318  -13.4447   -8.0453   -7.9233   -7.7723   -7.7042   -7.5005   -5.1248   -3.6948   -2.5844   -2.4959   -1.1128   -0.9952    3.2882    4.8723    6.0556    7.9393
  4.5029  -43.7536  -43.7096  -43.6815  -36.3362  -18.0868  -17.2379  -17.1457  -14.3534  -13.4332   -8.0520   -7.9185   -7.7683   -7.7010   -7.5191   -5.1490   -3.7254   -2.6011   -2.4274   -0.9900   -0.9370    3.1811    4.7529    5.9307    8.2274
  4.5552  -43.7535  -43.7097  -43.6813  -36.3368  -18.0960  -17.2403  -17.1245  -14.3670  -13.4260   -8.0563   -7.9151   -7.7658   -7.6987   -7.5313   -5.1640   -3.7444   -2.6194   -2.3751   -0.9280   -0.8831    3.1149    4.6749    5.8446    8.4203
  4.6075  -43.7535  -43.7097  -43.6813  -36.3371  -18.0991  -17.2412  -17.1173  -14.3717  -13.4236   -8.0577   -7.9138   -7.7650   -7.6979   -7.5356   -5.1691   -3.7509   -2.6260   -2.3567   -0.9129   -0.8583    3.0925    4.6477    5.8173    8.4288
  4.6075  -43.7535  -43.7097  -43.6813  -36.3371  -18.0991  -17.2412  -17.1173  -14.3717  -13.4236   -8.0577   -7.9138   -7.7650   -7.6979   -7.5356   -5.1691   -3.7509   -2.6260   -2.3567   -0.9129   -0.8583    3.0925    4.6477    5.8211    8.5026
  4.6753  -43.7535  -43.7095  -43.6813  -36.3383  -18.0887  -17.2496  -17.1151  -14.3697  -13.4305   -8.0567   -7.9147   -7.7701   -7.7012   -7.5428   -5.1391   -3.7479   -2.6022   -2.3437   -0.9187   -0.8554    3.1089    4.6579    5.8044    8.4479
  4.7430  -43.7536  -43.7090  -43.6815  -36.3420  -18.0577  -17.2745  -17.1085  -14.3641  -13.4509   -8.0537   -7.9176   -7.7851   -7.7104   -7.5624   -5.0527   -3.7363   -2.5334   -2.3048   -0.9359   -0.8470    3.1579    4.6861    5.7598    8.1311
  4.8108  -43.7536  -43.7081  -43.6816  -36.3480  -18.0072  -17.3139  -17.0976  -14.3562  -13.4838   -8.0499   -7.9230   -7.8090   -7.7239   -7.5890   -4.9204   -3.7095   -2.4258   -2.2414   -0.9641   -0.8335    3.2391    4.7251    5.6873    7.8824
  4.8786  -43.7537  -43.7068  -43.6818  -36.3559  -17.9390  -17.3650  -17.0828  -14.3479  -13.5279   -8.0471   -7.9317   -7.8384   -7.7394   -7.6179   -4.7581   -3.6572   -2.2877   -2.1555   -1.0028   -0.8159    3.3519    4.7623    5.5876    7.6180
  4.9463  -43.7538  -43.7053  -43.6822  -36.3655  -17.8562  -17.4233  -17.0646  -14.3412  -13.5811   -8.0482   -7.9443   -7.8669   -7.7545   -7.6465   -4.5864   -3.5666   -2.1276   -2.0493   -1.0513   -0.7955    3.4961    4.7805    5.4669    7.3467
  4.9463  -43.7538  -43.7053  -43.6822  -36.3655  -17.8562  -17.4233  -17.0646  -14.3412  -13.5811   -8.0482   -7.9443   -7.8669   -7.7545   -7.6465   -4.5864   -3.5666   -2.1276   -2.0493   -1.0513   -0.7955    3.4961    4.7805    5.4669    7.3512
  5.0028  -43.7540  -43.7039  -43.6825  -36.3744  -17.7806  -17.4721  -17.0476  -14.3385  -13.6305   -8.0541   -7.9582   -7.8850   -7.7655   -7.6695   -4.4521   -3.4521   -1.9852   -1.9454   -1.0982   -0.7773    3.6402    4.7676    5.3600    7.1331
  5.0592  -43.7541  -43.7024  -43.6828  -36.3839  -17.7103  -17.5096  -17.0292  -14.3398  -13.6827   -8.0650   -7.9751   -7.8957   -7.7742   -7.6917   -4.3365   -3.2981   -1.8526   -1.8165   -1.1489   -0.7589    3.8049    4.7203    5.2580    6.9015
  5.1157  -43.7542  -43.7008  -43.6832  -36.3937  -17.6798  -17.5015  -17.0102  -14.3460  -13.7356   -8.0788   -7.9946   -7.8996   -7.7807   -7.7128   -4.2427   -3.1087   -1.7331   -1.6664   -1.1998   -0.7414    3.9865    4.6390    5.1692    6.6640
  5.1722  -43.7542  -43.6992  -43.6835  -36.4034  -17.7047  -17.4328  -16.9911  -14.3583  -13.7870   -8.0930   -8.0158   -7.8992   -7.7852   -7.7325   -4.1682   -2.8954   -1.6138   -1.5184   -1.2424   -0.7257    4.1686    4.5429    5.0983    6.4154
  5.2286  -43.7543  -43.6977  -43.6839  -36.4128  -17.7483  -17.3413  -16.9724  -14.3769  -13.8348   -8.1056   -8.0372   -7.8972   -7.7880   -7.7501   -4.1086   -2.6744   -1.4954   -1.4008   -1.2472   -0.7125    4.2568    4.5273    5.0520    6.1585
  5.2851  -43.7544  -43.6962  -43.6843  -36.4216  -17.7936  -17.2459  -16.9547  -14.4016  -13.8771   -8.1156   -8.0578   -7.8957   -7.7897   -7.7648   -4.0601   -2.4656   -1.3855   -1.3562   -1.1603   -0.7026    4.1640    4.6564    5.0560    5.9076
  5.3416  -43.7545  -43.6948  -43.6846  -36.4296  -17.8355  -17.1537  -16.9387  -14.4310  -13.9125   -8.1230   -8.0764   -7.8960   -7.7905   -7.7759   -4.0204   -2.2921   -1.3389   -1.2660   -1.0386   -0.6964    4.0255    4.7379    5.1578    5.6892
  5.3980  -43.7546  -43.6937  -43.6850  -36.4364  -17.8717  -17.0698  -16.9248  -14.4627  -13.9407   -8.1285   -8.0919   -7.8985   -7.7909   -7.7831   -3.9884   -2.1735   -1.2742   -1.1660   -0.9262   -0.6939    3.8846    4.7448    5.2567    5.6010
  5.4545  -43.7546  -43.6927  -43.6852  -36.4420  -17.9010  -16.9986  -16.9135  -14.4930  -13.9617   -8.1330   -8.1035   -7.9024   -7.7909   -7.7871   -3.9634   -2.1104   -1.1776   -1.0754   -0.8373   -0.6932    3.7554    4.7283    5.1747    5.7639
  5.5109  -43.7547  -43.6920  -43.6854  -36.4460  -17.9225  -16.9442  -16.9051  -14.5184  -13.9762   -8.1369   -8.1107   -7.9066   -7.7908   -7.7890   -3.9454   -2.0848   -1.0814   -0.9923   -0.7865   -0.6870    3.6498    4.7094    5.0650    5.9911
  5.5674  -43.7547  -43.6916  -43.6856  -36.4485  -17.9356  -16.9101  -16.8998  -14.5352  -13.9846   -8.1399   -8.1142   -7.9097   -7.7907   -7.7897   -3.9345   -2.0771   -1.0195   -0.9173   -0.7808   -0.6712    3.5798    4.6952    4.9930    6.1735
  5.6239  -43.7548  -43.6915  -43.6856  -36.4494  -17.9400  -16.8996  -16.8969  -14.5411  -13.9874   -8.1410   -8.1152   -7.9108   -7.7906   -7.7899   -3.9309   -2.0758   -0.9996   -0.8798   -0.7909   -0.6629    3.5552    4.6898    4.9686    6.2482
  5.6239  -43.7548  -43.6915  -43.6856  -36.4494  -17.9400  -16.8996  -16.8969  -14.5411  -13.9874   -8.1410   -8.1152   -7.9108   -7.7906   -7.7899   -3.9309   -2.0758   -0.9996   -0.8798   -0.7909   -0.6629    3.5552    4.6898    4.9686    6.2397
  5.6797  -43.7547  -43.6915  -43.6856  -36.4494  -17.9373  -16.8996  -16.8969  -14.5746  -13.9552   -8.1410   -8.1151   -7.9067   -7.7906   -7.7900   -3.9718   -2.0210   -1.0274   -0.9076   -0.7608   -0.6326    3.5000    4.6659    5.0203    6.2530
  5.7356  -43.7547  -43.6914  -43.6856  -36.4494  -17.9296  -16.8996  -16.8970  -14.6561  -13.8774   -8.1408   -8.1150   -7.8948   -7.7907   -7.7901   -4.0800   -1.8711   -1.0847   -0.9654   -0.6969   -0.5674    3.3467    4.6329    5.1252    6.2576
  5.7914  -43.7548  -43.6914  -43.6856  -36.4494  -17.9176  -16.8995  -16.8970  -14.7571  -13.7825   -8.1406   -8.1147   -7.8761   -7.7908   -7.7903   -4.2262   -1.6561   -1.1467   -1.0280   -0.6246   -0.4935    3.1235    4.6181    5.2311    6.2852
  5.8473  -43.7548  -43.6914  -43.6857  -36.4494  -17.9026  -16.8995  -16.8971  -14.8599  -13.6873   -8.1403   -8.1144   -7.8523   -7.7910   -7.7906   -4.3842   -1.4036   -1.2047   -1.0866   -0.5539   -0.4209    2.8594    4.6206    5.3170    6.3143
  5.9031  -43.7549  -43.6913  -43.6857  -36.4495  -17.8862  -16.8994  -16.8971  -14.9546  -13.6010   -8.1400   -8.1141   -7.8258   -7.7912   -7.7907   -4.5351   -1.2551   -1.1395   -1.1337   -0.4900   -0.3550    2.5790    4.6340    5.3771    6.3452
  5.9590  -43.7549  -43.6913  -43.6857  -36.4495  -17.8705  -16.8994  -16.8972  -15.0347  -13.5292   -8.1397   -8.1137   -7.8006   -7.7914   -7.7898   -4.6657   -1.2958   -1.1786   -0.8733   -0.4363   -0.2996    2.3049    4.6523    5.4133    6.3900
  6.0148  -43.7549  -43.6913  -43.6857  -36.4495  -17.8573  -16.8993  -16.8973  -15.0954  -13.4755   -8.1395   -8.1135   -7.7924   -7.7916   -7.7758   -4.7662   -1.3257   -1.2087   -0.6414   -0.3959   -0.2578    2.0638    4.6704    5.4310    6.4070
  6.0707  -43.7549  -43.6912  -43.6857  -36.4495  -17.8487  -16.8993  -16.8973  -15.1333  -13.4424   -8.1393   -8.1133   -7.7921   -7.7917   -7.7611   -4.8296   -1.3439   -1.2271   -0.4744   -0.3707   -0.2317    1.8909    4.6836    5.4382    6.4321
  6.1265  -43.7549  -43.6913  -43.6858  -36.4495  -17.8456  -16.8993  -16.8973  -15.1462  -13.4312   -8.1393   -8.1132   -7.7921   -7.7917   -7.7558   -4.8513   -1.3500   -1.2333   -0.4121   -0.3622   -0.2229    1.8265    4.6884    5.4399    6.4403
  6.1265  -43.7565  -43.6988  -43.6851  -36.3379  -18.0820  -17.2452  -17.1152  -14.3678  -13.4204   -8.0544   -7.9066   -7.7665   -7.6949   -7.5335   -5.1602   -3.7463   -2.6353   -2.3116   -0.9507   -0.8238    3.0963    4.6451    5.8340    8.4735
  6.1805  -43.7565  -43.6987  -43.6851  -36.3385  -18.0767  -17.2495  -17.1140  -14.3683  -13.4220   -8.0534   -7.9069   -7.7694   -7.6966   -7.5364   -5.1513   -3.7526   -2.6104   -2.3044   -0.9476   -0.8224    3.1043    4.6503    5.8133    8.4241
  6.2345  -43.7565  -43.6986  -43.6851  -36.3404  -18.0610  -17.2622  -17.1105  -14.3695  -13.4269   -8.0507   -7.9080   -7.7779   -7.7015   -7.5452   -5.1239   -3.7676   -2.5415   -2.2829   -0.9388   -0.8181    3.1284    4.6661    5.7528    8.3267
  6.2885  -43.7564  -43.6983  -43.6851  -36.3435  -18.0349  -17.2828  -17.1047  -14.3716  -13.4355   -8.0466   -7.9100   -7.7918   -7.7092   -7.5593   -5.0761   -3.7825   -2.4424   -2.2478   -0.9256   -0.8109    3.1685    4.6932    5.6570    8.1482
  6.3425  -43.7563  -43.6980  -43.6851  -36.3477  -17.9991  -17.3104  -17.0968  -14.3748  -13.4485   -8.0416   -7.9130   -7.8102   -7.7193   -7.5776   -5.0059   -3.7888   -2.3283   -2.1999   -0.9101   -0.8003    3.2244    4.7315    5.5351    8.1622
  6.3965  -43.7561  -43.6976  -43.6851  -36.3530  -17.9542  -17.3438  -17.0868  -14.3795  -13.4660   -8.0367   -7.9174   -7.8318   -7.7309   -7.5985   -4.9125   -3.7806   -2.2128   -2.1407   -0.8946   -0.7862    3.2961    4.7758    5.4000    7.8422
  6.4505  -43.7560  -43.6971  -43.6851  -36.3592  -17.9010  -17.3814  -17.0751  -14.3870  -13.4876   -8.0334   -7.9236   -7.8545   -7.7431   -7.6200   -4.7980   -3.7539   -2.1059   -2.0716   -0.8808   -0.7681    3.3831    4.8018    5.2869    7.6726
  6.5045  -43.7558  -43.6965  -43.6851  -36.3662  -17.8409  -17.4215  -17.0618  -14.3987  -13.5121   -8.0337   -7.9320   -7.8751   -7.7551   -7.6405   -4.6684   -3.7045   -2.0145   -1.9945   -0.8687   -0.7455    3.4844    4.7522    5.2599    7.4773
  6.5585  -43.7557  -43.6959  -43.6851  -36.3738  -17.7759  -17.4616  -17.0473  -14.4171  -13.5370   -8.0398   -7.9428   -7.8896   -7.7659   -7.6589   -4.5355   -3.6260   -1.9408   -1.9128   -0.8565   -0.7181    3.5977    4.6119    5.3368    7.2660
  6.6125  -43.7555  -43.6953  -43.6851  -36.3818  -17.7107  -17.4967  -17.0319  -14.4447  -13.5592   -8.0520   -7.9562   -7.8960   -7.7749   -7.6747   -4.4166   -3.5084   -1.8846   -1.8287   -0.8404   -0.6856    3.7170    4.4307    5.4668    7.0543
  6.6665  -43.7553  -43.6947  -43.6851  -36.3901  -17.6601  -17.5120  -17.0159  -14.4836  -13.5755   -8.0682   -7.9719   -7.8950   -7.7818   -7.6880   -4.3302   -3.3423   -1.8419   -1.7441   -0.8168   -0.6477    3.8218    4.2547    5.6067    6.8616
  6.7205  -43.7552  -43.6942  -43.6852  -36.3984  -17.6524  -17.4796  -16.9997  -14.5353  -13.5835   -8.0851   -7.9895   -7.8890   -7.7868   -7.6990   -4.2873   -3.1260   -1.8044   -1.6617   -0.7841   -0.6049    3.8220    4.1810    5.7147    6.7159
  6.7745  -43.7551  -43.6936  -43.6852  -36.4067  -17.6760  -17.4116  -16.9836  -14.5991  -13.5820   -8.1003   -8.0080   -7.8801   -7.7901   -7.7081   -4.2879   -2.8673   -1.7625   -1.5838   -0.7427   -0.5577    3.6612    4.2665    5.7419    6.6483
  6.8285  -43.7550  -43.6931  -43.6853  -36.4146  -17.7069  -17.3327  -16.9681  -14.6729  -13.5717   -8.1129   -8.0267   -7.8696   -7.7921   -7.7156   -4.3260   -2.5784   -1.7080   -1.5121   -0.6947   -0.5073    3.4463    4.4001    5.6737    6.6676
  6.8825  -43.7550  -43.6927  -43.6854  -36.4221  -17.7375  -17.2519  -16.9535  -14.7532  -13.5542   -8.1224   -8.0449   -7.8582   -7.7931   -7.7220   -4.3925   -2.2737   -1.6346   -1.4479   -0.6429   -0.4555    3.2154    4.5356    5.5537    6.7118
  6.9365  -43.7549  -43.6923  -43.6855  -36.4289  -17.7654  -17.1730  -16.9401  -14.8360  -13.5319   -8.1292   -8.0618   -7.8465   -7.7933   -7.7276   -4.4769   -1.9740   -1.5327   -1.3918   -0.5903   -0.4044    2.9759    4.6526    5.4339    6.7345
  6.9905  -43.7549  -43.6920  -43.6856  -36.4349  -17.7896  -17.0990  -16.9282  -14.9168  -13.5075   -8.1337   -8.0769   -7.8347   -7.7932   -7.7329   -4.5689   -1.7226   -1.3760   -1.3417   -0.5397   -0.3564    2.7309    4.7303    5.3533    6.6614
  7.0444  -43.7549  -43.6917  -43.6856  -36.4400  -17.8097  -17.0325  -16.9180  -14.9913  -13.4835   -8.1364   -8.0898   -7.8231   -7.7928   -7.7383   -4.6587   -1.5622   -1.3064   -1.1310   -0.4936   -0.3135    2.4848    4.7558    5.3328    6.6048
  7.0984  -43.7549  -43.6915  -43.6857  -36.4441  -17.8254  -16.9764  -16.9099  -15.0552  -13.4622   -8.1379   -8.1000   -7.8121   -7.7924   -7.7437   -4.7377   -1.4643   -1.2752   -0.8589   -0.4544   -0.2777    2.2471    4.7401    5.3587    6.5050
  7.1524  -43.7549  -43.6914  -43.6857  -36.4471  -17.8366  -16.9336  -16.9039  -15.1044  -13.4455   -8.1387   -8.1074   -7.8024   -7.7920   -7.7491   -4.7991   -1.4001   -1.2524   -0.6136   -0.4237   -0.2502    2.0364    4.7141    5.3982    6.4575
  7.2064  -43.7549  -43.6913  -43.6858  -36.4489  -17.8434  -16.9067  -16.9003  -15.1355  -13.4349   -8.1391   -8.1118   -7.7950   -7.7918   -7.7538   -4.8380   -1.3625   -1.2382   -0.4471   -0.3967   -0.2311    1.8838    4.6955    5.4288    6.4480
  7.2604  -43.7549  -43.6913  -43.6858  -36.4495  -17.8456  -16.8993  -16.8973  -15.1462  -13.4312   -8.1393   -8.1132   -7.7921   -7.7917   -7.7558   -4.8513   -1.3500   -1.2333   -0.4121   -0.3622   -0.2229    1.8265    4.6884    5.4399    6.4389
  7.2604  -43.7549  -43.6913  -43.6858  -36.4495  -17.8456  -16.8993  -16.8973  -15.1462  -13.4312   -8.1393   -8.1132   -7.7921   -7.7917   -7.7558   -4.8513   -1.3500   -1.2333   -0.4121   -0.3622   -0.2229    1.8265    4.6886    5.4399    6.4362
  7.3139  -43.7549  -43.6913  -43.6858  -36.4488  -17.8422  -16.9088  -16.9006  -15.1360  -13.4332   -8.1391   -8.1115   -7.7955   -7.7918   -7.7523   -4.8398   -1.3696   -1.2377   -0.4258   -0.4135   -0.2354    1.8825    4.6972    5.4266    6.4692
  7.3674  -43.7549  -43.6914  -43.6857  -36.4466  -17.8319  -16.9416  -16.9050  -15.1062  -13.4392   -8.1385   -8.1061   -7.8034   -7.7921   -7.7443   -4.8058   -1.4288   -1.2496   -0.5779   -0.4452   -0.2668    2.0346    4.7196    5.3901    6.4929
  7.4209  -43.7549  -43.6916  -43.6857  -36.4429  -17.8152  -16.9935  -16.9122  -15.0593  -13.4489   -8.1375   -8.0972   -7.8133   -7.7925   -7.7344   -4.7506   -1.5277   -1.2676   -0.8048   -0.4876   -0.3137    2.2508    4.7411    5.3454    6.5635
  7.4744  -43.7549  -43.6918  -43.6856  -36.4380  -17.7923  -17.0609  -16.9220  -14.9981  -13.4622   -8.1356   -8.0848   -7.8239   -7.7930   -7.7238   -4.6761   -1.6657   -1.2914   -1.0653   -0.5458   -0.3747    2.5034    4.7289    5.3282    6.7462
  7.5279  -43.7549  -43.6921  -43.6855  -36.4319  -17.7639  -17.1399  -16.9341  -14.9262  -13.4786   -8.1324   -8.0695   -7.8349   -7.7933   -7.7129   -4.5854   -1.8459   -1.3340   -1.3162   -0.6182   -0.4476    2.7747    4.6491    5.3778    6.9237
  7.5814  -43.7549  -43.6925  -43.6853  -36.4247  -17.7310  -17.2263  -16.9483  -14.8466  -13.4976   -8.1273   -8.0517   -7.8457   -7.7932   -7.7022   -4.4828   -2.0725   -1.5706   -1.3566   -0.7030   -0.5296    3.0538    4.5077    5.4943    6.9585
  7.6349  -43.7549  -43.6930  -43.6852  -36.4167  -17.6955  -17.3160  -16.9640  -14.7625  -13.5184   -8.1199   -8.0323   -7.8561   -7.7925   -7.6917   -4.3744   -2.3392   -1.7767   -1.3990   -0.7978   -0.6174    3.3321    4.3337    5.6543    7.0645
  7.6884  -43.7549  -43.6936  -43.6851  -36.4080  -17.6614  -17.4027  -16.9809  -14.6766  -13.5401   -8.1097   -8.0119   -7.8655   -7.7907   -7.6816   -4.2695   -2.6244   -1.9515   -1.4474   -0.9002   -0.7073    3.5930    4.1613    5.8381    7.5211
  7.7419  -43.7550  -43.6942  -43.6850  -36.3990  -17.6419  -17.4715  -16.9985  -14.5918  -13.5615   -8.0970   -7.9918   -7.8730   -7.7873   -7.6717   -4.1836   -2.9004   -2.1001   -1.5014   -1.0078   -0.7962    3.7408    4.0969    6.0302    7.6355
  7.7953  -43.7550  -43.6948  -43.6849  -36.3898  -17.6688  -17.4896  -17.0163  -14.5107  -13.5810   -8.0823   -7.9729   -7.8776   -7.7818   -7.6619   -4.1445   -3.1338   -2.2230   -1.5600   -1.1182   -0.8810    3.6399    4.2831    6.2170    7.8530
  7.8488  -43.7550  -43.6955  -43.6848  -36.3807  -17.7352  -17.4632  -17.0338  -14.4363  -13.5971   -8.0669   -7.9564   -7.8775   -7.7739   -7.6519   -4.1912   -3.2849   -2.3170   -1.6219   -1.2293   -0.9594    3.4717    4.5417    6.3852    7.9681
  7.9023  -43.7550  -43.6961  -43.6848  -36.3719  -17.8096  -17.4234  -17.0505  -14.3712  -13.6080   -8.0531   -7.9429   -7.8710   -7.7635   -7.6413   -4.3350   -3.3446   -2.3771   -1.6851   -1.3390   -1.0296    3.3047    4.8054    6.5166    7.9665
  7.9558  -43.7551  -43.6967  -43.6847  -36.3637  -17.8804  -17.3815  -17.0661  -14.3177  -13.6126   -8.0427   -7.9327   -7.8571   -7.7511   -7.6292   -4.5355   -3.3542   -2.3991   -1.7472   -1.4456   -1.0907    3.1517    5.0608    6.6003    8.0052
  8.0093  -43.7551  -43.6973  -43.6847  -36.3564  -17.9439  -17.3415  -17.0800  -14.2769  -13.6103   -8.0366   -7.9253   -7.8369   -7.7377   -7.6149   -4.7493   -3.3538   -2.3839   -1.8054   -1.5477   -1.1423    3.0175    5.3015    6.6296    8.2225
  8.0628  -43.7552  -43.6978  -43.6847  -36.3501  -17.9978  -17.3058  -17.0919  -14.2485  -13.6025   -8.0341   -7.9204   -7.8141   -7.7246   -7.5979   -4.9504   -3.3584   -2.3389   -1.8572   -1.6440   -1.1842    2.9050    5.5230    6.6095    8.2905
  8.1163  -43.7552  -43.6982  -43.6847  -36.3450  -18.0409  -17.2761  -17.1015  -14.2304  -13.5917   -8.0338   -7.9172   -7.7929   -7.7128   -7.5784   -5.1231   -3.3685   -2.2755   -1.9001   -1.7338   -1.2167    2.8157    5.7224    6.5559    8.3239
  8.1698  -43.7552  -43.6985  -43.6847  -36.3412  -18.0724  -17.2539  -17.1085  -14.2201  -13.5809   -8.0344   -7.9152   -7.7767   -7.7036   -7.5591   -5.2561   -3.3797   -2.2053   -1.9322   -1.8154   -1.2397    2.7511    5.8971    6.4742    8.2355
  8.2233  -43.7552  -43.6987  -43.6847  -36.3389  -18.0915  -17.2402  -17.1128  -14.2151  -13.5732   -8.0351   -7.9142   -7.7668   -7.6977   -7.5445   -5.3402   -3.3881   -2.1412   -1.9521   -1.8835   -1.2535    2.7119    6.0404    6.3850    8.4352
  8.2768  -43.7552  -43.6987  -43.6847  -36.3381  -18.0979  -17.2356  -17.1142  -14.2136  -13.5703   -8.0353   -7.9139   -7.7635   -7.6957   -7.5390   -5.3690   -3.3911   -2.1102   -1.9587   -1.9153   -1.2581    2.6988    6.1122    6.3307    8.4279
