#K-Path     Band-1    Band-2    Band-3    Band-4      ...     Band-n
  0.0000  -36.1529  -36.1529  -17.2138  -17.2121  -16.8568  -16.8568  -16.8566  -16.8566  -12.7588  -12.6377  -12.2877  -12.1430   -2.4832   -1.8654   -1.5721   -1.3913   -1.3909   -1.2589   -1.2586   -0.8342   -0.8338   -0.4738   -0.4732   -0.4618    1.6416    3.3369    3.3947    3.8748    4.4943    4.6031    4.9461    6.8737
  0.0557  -36.1526  -36.1526  -17.2127  -17.2110  -16.8621  -16.8621  -16.8563  -16.8563  -12.7570  -12.6364  -12.2889  -12.1451   -2.4735   -1.8667   -1.5835   -1.4055   -1.3876   -1.2543   -1.2466   -0.8379   -0.8334   -0.4915   -0.4708   -0.4625    1.6783    3.3371    3.4141    3.8827    4.5013    4.6093    4.9646    6.8538
  0.1113  -36.1517  -36.1517  -17.2095  -17.2077  -16.8781  -16.8781  -16.8552  -16.8551  -12.7516  -12.6329  -12.2923  -12.1510   -2.4446   -1.8708   -1.6150   -1.4460   -1.3773   -1.2412   -1.2154   -0.8489   -0.8317   -0.5416   -0.4643   -0.4623    1.7833    3.3469    3.4622    3.9068    4.5167    4.6307    5.0198    6.8012
  0.1670  -36.1504  -36.1503  -17.2043  -17.2026  -16.9036  -16.9036  -16.8533  -16.8533  -12.7429  -12.6273  -12.2980  -12.1609   -2.3976   -1.8772   -1.6619   -1.5063   -1.3603   -1.2199   -1.1743   -0.8654   -0.8291   -0.6128   -0.4665   -0.4493    1.9441    3.3739    3.5300    3.9479    4.5243    4.6757    5.1112    6.7337
  0.2227  -36.1485  -36.1485  -17.1978  -17.1961  -16.9370  -16.9370  -16.8508  -16.8508  -12.7315  -12.6199  -12.3057  -12.1743   -2.3345   -1.8861   -1.7216   -1.5780   -1.3369   -1.1914   -1.1326   -0.8837   -0.8257   -0.6931   -0.4703   -0.4316    2.1465    3.4202    3.6135    4.0064    4.5094    4.7481    5.2372    6.6738
  0.2783  -36.1462  -36.1462  -17.1908  -17.1891  -16.9759  -16.9759  -16.8478  -16.8477  -12.7179  -12.6113  -12.3152  -12.1911   -2.2584   -1.8982   -1.7930   -1.6513   -1.3077   -1.1568   -1.1016   -0.8968   -0.8219   -0.7721   -0.4756   -0.4101    2.3772    3.4865    3.7093    4.0815    4.4680    4.8431    5.3946    6.6416
  0.3340  -36.1437  -36.1437  -17.1849  -17.1833  -17.0170  -17.0170  -16.8444  -16.8443  -12.7028  -12.6016  -12.3263  -12.2107   -2.1748   -1.9149   -1.8711   -1.7188   -1.2733   -1.1174   -1.0939   -0.8960   -0.8415   -0.8181   -0.4816   -0.3857    2.6253    3.5719    3.8102    4.1705    4.4077    4.9551    5.5781    6.6490
  0.3897  -36.1410  -36.1409  -17.1837  -17.1822  -17.0551  -17.0549  -16.8407  -16.8407  -12.6868  -12.5913  -12.3387  -12.2328   -2.1005   -1.9581   -1.9173   -1.7771   -1.2347   -1.1094   -1.0750   -0.9103   -0.8696   -0.8150   -0.4871   -0.3593    2.8811    3.6702    3.8962    4.2652    4.3642    5.0788    5.7808    6.6962
  0.4454  -36.1382  -36.1381  -17.1937  -17.1926  -17.0819  -17.0813  -16.8369  -16.8369  -12.6704  -12.5803  -12.3520  -12.2568   -2.0912   -2.0085   -1.9019   -1.8178   -1.1929   -1.1331   -1.0313   -0.9584   -0.8520   -0.8131   -0.4895   -0.3320    3.1364    3.7478    3.9457    4.3438    4.4186    5.2097    5.9935    6.7730
  0.5010  -36.1354  -36.1354  -17.2185  -17.2180  -17.0922  -17.0911  -16.8333  -16.8332  -12.6543  -12.5687  -12.3657  -12.2821   -2.1476   -2.0417   -1.9118   -1.7756   -1.1531   -1.1491   -1.0006   -0.9884   -0.8415   -0.8131   -0.4861   -0.3049    3.3843    3.7162    4.0332    4.4536    4.5384    5.3423    6.2032    6.8662
  0.5567  -36.1329  -36.1329  -17.2515  -17.2512  -17.0913  -17.0900  -16.8298  -16.8298  -12.6390  -12.5564  -12.3793  -12.3082   -2.2078   -2.0772   -1.9600   -1.6773   -1.1667   -1.1047   -1.0334   -0.9485   -0.8465   -0.8153   -0.4755   -0.2792    3.5910    3.6344    4.1732    4.5841    4.6842    5.4699    6.3856    6.9478
  0.6124  -36.1306  -36.1306  -17.2844  -17.2843  -17.0862  -17.0848  -16.8268  -16.8268  -12.6251  -12.5431  -12.3921  -12.3342   -2.2578   -2.1109   -2.0119   -1.5721   -1.1779   -1.0609   -1.0533   -0.9143   -0.8679   -0.8196   -0.4596   -0.2561    3.4762    3.8451    4.3261    4.6977    4.8521    5.5847    6.4738    7.0282
  0.6680  -36.1287  -36.1287  -17.3129  -17.3129  -17.0804  -17.0789  -16.8243  -16.8242  -12.6133  -12.5290  -12.4032  -12.3594   -2.2952   -2.1396   -2.0602   -1.4708   -1.1903   -1.0601   -1.0189   -0.9020   -0.8901   -0.8241   -0.4421   -0.2368    3.3623    4.0489    4.4718    4.7837    5.0210    5.6792    6.3906    7.0178
  0.7237  -36.1273  -36.1273  -17.3346  -17.3345  -17.0754  -17.0739  -16.8224  -16.8224  -12.6041  -12.5150  -12.4115  -12.3824   -2.3200   -2.1612   -2.0997   -1.3809   -1.2005   -1.0622   -0.9800   -0.9417   -0.8828   -0.8238   -0.4268   -0.2221    3.2726    4.2287    4.5898    4.8406    5.1647    5.7529    6.2324    7.0023
  0.7794  -36.1265  -36.1264  -17.3480  -17.3480  -17.0722  -17.0707  -16.8212  -16.8212  -12.5984  -12.5033  -12.4155  -12.4011   -2.3336   -2.1747   -2.1257   -1.3154   -1.2000   -1.0728   -0.9727   -0.9453   -0.8937   -0.8188   -0.4165   -0.2130    3.2157    4.3673    4.6547    4.8744    5.2593    5.8152    6.0911    6.9768
  0.8350  -36.1262  -36.1262  -17.3526  -17.3526  -17.0711  -17.0696  -16.8208  -16.8208  -12.5964  -12.4984  -12.4131  -12.4122   -2.3379   -2.1794   -2.1347   -1.2924   -1.1919   -1.0853   -0.9829   -0.9170   -0.9148   -0.8161   -0.4129   -0.2099    3.1962    4.4252    4.6677    4.8881    5.2912    5.8542    6.0220    6.9618
  0.8350  -36.1262  -36.1262  -17.3526  -17.3526  -17.0711  -17.0696  -16.8208  -16.8208  -12.5964  -12.4985  -12.4131  -12.4122   -2.3379   -2.1794   -2.1347   -1.2924   -1.1919   -1.0853   -0.9829   -0.9170   -0.9148   -0.8161   -0.4129   -0.2099    3.1962    4.4253    4.6677    4.8881    5.2912    5.8546    6.0217    6.9365
  0.8907  -36.1265  -36.1264  -17.3481  -17.3480  -17.0722  -17.0707  -16.8212  -16.8212  -12.5984  -12.5033  -12.4155  -12.4011   -2.3336   -2.1747   -2.1256   -1.3154   -1.2000   -1.0728   -0.9727   -0.9453   -0.8936   -0.8188   -0.4165   -0.2130    3.2157    4.3673    4.6547    4.8744    5.2593    5.8153    6.0910    6.9964
  0.9464  -36.1273  -36.1273  -17.3346  -17.3345  -17.0754  -17.0739  -16.8224  -16.8224  -12.6042  -12.5150  -12.4115  -12.3824   -2.3200   -2.1612   -2.0997   -1.3809   -1.2005   -1.0622   -0.9800   -0.9417   -0.8828   -0.8238   -0.4268   -0.2221    3.2727    4.2287    4.5898    4.8406    5.1647    5.7529    6.2323    7.0418
  1.0021  -36.1287  -36.1287  -17.3129  -17.3129  -17.0804  -17.0789  -16.8243  -16.8242  -12.6133  -12.5290  -12.4032  -12.3594   -2.2952   -2.1396   -2.0602   -1.4708   -1.1903   -1.0601   -1.0189   -0.9020   -0.8901   -0.8241   -0.4421   -0.2368    3.3623    4.0489    4.4718    4.7837    5.0210    5.6792    6.3900    7.0046
  1.0577  -36.1306  -36.1306  -17.2844  -17.2843  -17.0862  -17.0848  -16.8268  -16.8268  -12.6251  -12.5431  -12.3920  -12.3342   -2.2578   -2.1109   -2.0119   -1.5721   -1.1779   -1.0609   -1.0533   -0.9143   -0.8678   -0.8196   -0.4596   -0.2561    3.4762    3.8451    4.3261    4.6977    4.8521    5.5847    6.4738    6.9686
  1.1134  -36.1329  -36.1329  -17.2515  -17.2512  -17.0913  -17.0900  -16.8298  -16.8298  -12.6390  -12.5564  -12.3793  -12.3082   -2.2078   -2.0772   -1.9600   -1.6773   -1.1667   -1.1047   -1.0334   -0.9485   -0.8465   -0.8153   -0.4755   -0.2792    3.5910    3.6344    4.1732    4.5841    4.6842    5.4699    6.3856    6.9472
  1.1691  -36.1354  -36.1354  -17.2185  -17.2180  -17.0922  -17.0911  -16.8333  -16.8332  -12.6543  -12.5688  -12.3657  -12.2821   -2.1476   -2.0417   -1.9118   -1.7756   -1.1531   -1.1491   -1.0005   -0.9884   -0.8415   -0.8131   -0.4861   -0.3049    3.3843    3.7162    4.0332    4.4536    4.5384    5.3423    6.2032    6.8632
  1.2247  -36.1382  -36.1381  -17.1937  -17.1926  -17.0819  -17.0813  -16.8369  -16.8369  -12.6704  -12.5804  -12.3520  -12.2567   -2.0912   -2.0085   -1.9019   -1.8178   -1.1929   -1.1331   -1.0313   -0.9584   -0.8520   -0.8131   -0.4896   -0.3320    3.1364    3.7478    3.9457    4.3438    4.4186    5.2097    5.9935    6.7730
  1.2804  -36.1410  -36.1409  -17.1837  -17.1822  -17.0551  -17.0549  -16.8407  -16.8407  -12.6868  -12.5913  -12.3387  -12.2328   -2.1005   -1.9581   -1.9173   -1.7771   -1.2347   -1.1094   -1.0750   -0.9103   -0.8696   -0.8150   -0.4871   -0.3593    2.8811    3.6702    3.8962    4.2652    4.3642    5.0788    5.7808    6.6962
  1.3361  -36.1437  -36.1437  -17.1849  -17.1833  -17.0170  -17.0170  -16.8444  -16.8443  -12.7028  -12.6016  -12.3263  -12.2107   -2.1748   -1.9149   -1.8711   -1.7188   -1.2733   -1.1174   -1.0939   -0.8960   -0.8415   -0.8181   -0.4816   -0.3857    2.6253    3.5719    3.8102    4.1705    4.4077    4.9551    5.5781    6.6489
  1.3917  -36.1462  -36.1462  -17.1908  -17.1891  -16.9759  -16.9759  -16.8478  -16.8477  -12.7179  -12.6113  -12.3152  -12.1911   -2.2584   -1.8982   -1.7930   -1.6513   -1.3077   -1.1568   -1.1016   -0.8968   -0.8219   -0.7721   -0.4756   -0.4101    2.3772    3.4865    3.7093    4.0814    4.4681    4.8431    5.3946    6.6416
  1.4474  -36.1485  -36.1485  -17.1978  -17.1961  -16.9370  -16.9370  -16.8508  -16.8508  -12.7315  -12.6199  -12.3057  -12.1743   -2.3345   -1.8861   -1.7216   -1.5780   -1.3369   -1.1914   -1.1326   -0.8837   -0.8257   -0.6931   -0.4703   -0.4316    2.1465    3.4202    3.6135    4.0064    4.5094    4.7481    5.2372    6.6738
  1.5031  -36.1504  -36.1503  -17.2043  -17.2026  -16.9036  -16.9036  -16.8533  -16.8533  -12.7429  -12.6273  -12.2980  -12.1609   -2.3976   -1.8772   -1.6618   -1.5063   -1.3603   -1.2199   -1.1743   -0.8654   -0.8291   -0.6128   -0.4665   -0.4493    1.9441    3.3739    3.5300    3.9479    4.5243    4.6757    5.1112    6.7337
  1.5588  -36.1517  -36.1517  -17.2095  -17.2077  -16.8781  -16.8781  -16.8552  -16.8551  -12.7516  -12.6329  -12.2923  -12.1510   -2.4446   -1.8708   -1.6150   -1.4460   -1.3773   -1.2412   -1.2154   -0.8489   -0.8317   -0.5415   -0.4643   -0.4623    1.7833    3.3469    3.4622    3.9068    4.5167    4.6307    5.0198    6.8012
  1.6144  -36.1526  -36.1526  -17.2127  -17.2110  -16.8621  -16.8621  -16.8563  -16.8563  -12.7570  -12.6364  -12.2889  -12.1451   -2.4735   -1.8667   -1.5835   -1.4055   -1.3876   -1.2543   -1.2466   -0.8379   -0.8334   -0.4915   -0.4708   -0.4625    1.6783    3.3371    3.4141    3.8827    4.5013    4.6093    4.9646    6.8538
  1.6701  -36.1529  -36.1529  -17.2138  -17.2121  -16.8568  -16.8568  -16.8566  -16.8566  -12.7588  -12.6377  -12.2877  -12.1430   -2.4832   -1.8654   -1.5721   -1.3913   -1.3909   -1.2589   -1.2586   -0.8342   -0.8338   -0.4738   -0.4732   -0.4618    1.6416    3.3369    3.3947    3.8748    4.4943    4.6031    4.9461    6.8737
  1.6701  -36.1529  -36.1529  -17.2138  -17.2121  -16.8568  -16.8568  -16.8566  -16.8566  -12.7588  -12.6377  -12.2877  -12.1430   -2.4832   -1.8654   -1.5721   -1.3913   -1.3909   -1.2589   -1.2586   -0.8342   -0.8338   -0.4738   -0.4732   -0.4618    1.6416    3.3369    3.3947    3.8748    4.4943    4.6031    4.9461    6.8737
  1.7286  -36.1529  -36.1529  -17.2137  -17.2121  -16.8568  -16.8568  -16.8566  -16.8566  -12.7552  -12.6440  -12.2804  -12.1475   -2.4706   -1.9376   -1.4861   -1.4033   -1.4030   -1.2376   -1.2374   -0.8490   -0.8486   -0.5019   -0.4679   -0.4675    1.6924    3.1282    3.5404    3.8659    4.5085    4.6476    4.9701    6.7252
  1.7872  -36.1529  -36.1529  -17.2135  -17.2123  -16.8568  -16.8568  -16.8566  -16.8565  -12.7448  -12.6609  -12.2610  -12.1605   -2.4331   -2.0622   -1.4246   -1.4244   -1.3212   -1.1903   -1.1902   -0.8874   -0.8872   -0.6111   -0.4552   -0.4549    1.8337    2.8556    3.6485    3.8418    4.5470    4.7061    5.0940    6.4077
  1.8457  -36.1529  -36.1529  -17.2133  -17.2126  -16.8568  -16.8568  -16.8566  -16.8565  -12.7282  -12.6834  -12.2346  -12.1808   -2.3715   -2.1827   -1.4405   -1.4404   -1.1384   -1.1382   -1.1357   -0.9348   -0.9346   -0.7667   -0.4436   -0.4434    2.0420    2.5708    3.7170    3.8077    4.6001    4.6996    5.3521    6.0450
  1.9043  -36.1529  -36.1529  -17.2129  -17.2129  -16.8568  -16.8568  -16.8565  -16.8565  -12.7070  -12.7070  -12.2065  -12.2065   -2.2872   -2.2872   -1.4462   -1.4462   -1.1104   -1.1104   -0.9613   -0.9613   -0.9469   -0.9469   -0.4390   -0.4390    2.2940    2.2940    3.7668    3.7668    4.6558    4.6558    5.6836    5.6836
  1.9043  -36.1002  -36.1002  -17.2966  -17.2966  -17.2966  -17.2966  -16.9188  -16.9188  -12.5297  -12.5297  -12.5290  -12.5290   -1.5450   -1.5450   -1.3926   -1.3926   -0.8875   -0.8875   -0.6804   -0.6804   -0.6702   -0.6702   -0.4379   -0.4379    2.1714    2.1714    2.4821    2.4821    4.0058    4.0058    6.5472    6.5527
  1.9574  -36.1004  -36.1004  -17.2949  -17.2948  -17.2948  -17.2948  -16.9201  -16.9199  -12.5331  -12.5313  -12.5265  -12.5239   -1.5669   -1.5385   -1.4276   -1.3522   -0.9014   -0.8832   -0.7675   -0.7116   -0.6364   -0.6121   -0.4422   -0.4326    2.1564    2.2343    2.4769    2.5293    4.0121    4.0188    6.4781    6.9369
  2.0106  -36.1012  -36.1012  -17.2896  -17.2895  -17.2895  -17.2894  -16.9237  -16.9233  -12.5375  -12.5300  -12.5243  -12.5151   -1.5960   -1.5671   -1.4351   -1.3152   -0.9288   -0.8877   -0.8624   -0.7613   -0.6096   -0.5704   -0.4411   -0.4287    2.1878    2.3441    2.5167    2.6130    4.0393    4.0481    6.2089    6.7836
  2.0638  -36.1025  -36.1025  -17.2810  -17.2808  -17.2806  -17.2805  -16.9296  -16.9290  -12.5428  -12.5254  -12.5229  -12.5031   -1.6309   -1.6250   -1.4170   -1.2818   -0.9979   -0.9298   -0.9004   -0.8199   -0.5891   -0.5590   -0.4318   -0.4269    2.2620    2.4973    2.6007    2.7262    4.0880    4.0895    6.0561    6.6590
  2.1169  -36.1043  -36.1043  -17.2692  -17.2690  -17.2683  -17.2682  -16.9374  -16.9366  -12.5489  -12.5223  -12.5179  -12.4879   -1.6929   -1.6707   -1.3881   -1.2504   -1.1030   -0.9690   -0.9198   -0.8874   -0.5743   -0.5701   -0.4278   -0.4204    2.3740    2.6879    2.7248    2.8612    4.1366    4.1580    5.9144    6.5425
  2.1701  -36.1065  -36.1065  -17.2547  -17.2544  -17.2527  -17.2525  -16.9468  -16.9458  -12.5562  -12.5227  -12.5078  -12.4700   -1.7613   -1.7137   -1.3540   -1.2203   -1.2104   -1.0073   -0.9637   -0.9442   -0.5940   -0.5652   -0.4312   -0.4132    2.5185    2.8818    2.9076    3.0098    4.1815    4.2478    5.7832    6.4380
  2.2232  -36.1092  -36.1092  -17.2381  -17.2377  -17.2339  -17.2337  -16.9573  -16.9562  -12.5646  -12.5240  -12.4952  -12.4495   -1.8245   -1.7574   -1.3177   -1.3156   -1.1879   -1.0473   -1.0468   -0.9720   -0.6255   -0.5618   -0.4370   -0.4112    2.6900    3.0623    3.1456    3.1643    4.2141    4.3556    5.6613    6.3493
  2.2764  -36.1122  -36.1122  -17.2199  -17.2194  -17.2120  -17.2118  -16.9682  -16.9671  -12.5742  -12.5265  -12.4807  -12.4269   -1.8785   -1.7992   -1.4123   -1.2872   -1.1563   -1.1291   -1.0884   -1.0011   -0.6616   -0.5646   -0.4446   -0.4132    2.8827    3.2556    3.3154    3.3886    4.2229    4.4804    5.5474    6.2800
  2.3295  -36.1155  -36.1155  -17.2013  -17.2007  -17.1875  -17.1872  -16.9786  -16.9776  -12.5852  -12.5302  -12.4646  -12.4025   -1.9202   -1.8361   -1.4999   -1.3032   -1.1696   -1.1294   -1.1250   -1.0299   -0.7000   -0.5739   -0.4536   -0.4178    3.0898    3.4503    3.4565    3.6134    4.1977    4.6258    5.4400    6.2347
  2.3827  -36.1190  -36.1190  -17.1837  -17.1828  -17.1605  -17.1602  -16.9873  -16.9864  -12.5974  -12.5352  -12.4473  -12.3770   -1.9474   -1.8659   -1.5771   -1.3903   -1.1692   -1.1430   -1.0950   -1.0570   -0.7386   -0.5902   -0.4633   -0.4238    3.3007    3.5793    3.6345    3.7917    4.1338    4.8036    5.3378    6.2194
  2.4359  -36.1226  -36.1226  -17.1689  -17.1678  -17.1315  -17.1312  -16.9924  -16.9917  -12.6110  -12.5416  -12.4293  -12.3506   -1.9590   -1.8866   -1.6437   -1.4992   -1.2069   -1.0969   -1.0820   -1.0670   -0.7754   -0.6138   -0.4729   -0.4303    3.4925    3.6772    3.7969    3.8984    4.0447    5.0266    5.2401    6.2401
  2.4890  -36.1264  -36.1264  -17.1589  -17.1576  -17.1009  -17.1007  -16.9921  -16.9916  -12.6257  -12.5492  -12.4110  -12.3240   -1.9550   -1.8973   -1.6995   -1.6138   -1.2417   -1.1045   -1.0454   -1.0421   -0.8085   -0.6444   -0.4819   -0.4368    3.5859    3.7453    3.9280    3.9311    4.0053    5.1467    5.2907    6.3187
  2.5422  -36.1302  -36.1301  -17.1552  -17.1536  -17.0694  -17.0692  -16.9854  -16.9851  -12.6413  -12.5580  -12.3929  -12.2977   -1.9380   -1.8971   -1.7450   -1.7267   -1.2730   -1.1251   -1.0215   -0.9913   -0.8361   -0.6812   -0.4894   -0.4428    3.4865    3.7809    3.9089    4.0219    4.1090    5.0578    5.5656    6.4975
  2.5953  -36.1338  -36.1338  -17.1573  -17.1555  -17.0376  -17.0374  -16.9727  -16.9725  -12.6576  -12.5678  -12.3753  -12.2721   -1.9274   -1.8861   -1.8163   -1.7810   -1.3004   -1.1444   -1.0066   -0.9353   -0.8569   -0.7222   -0.4951   -0.4480    3.2864    3.7843    3.8541    4.0772    4.2635    4.9745    5.7754    6.5035
  2.6485  -36.1374  -36.1374  -17.1634  -17.1616  -17.0062  -17.0060  -16.9561  -16.9560  -12.6742  -12.5782  -12.3586  -12.2478   -1.9918   -1.8648   -1.8130   -1.8086   -1.3236   -1.1631   -1.0002   -0.8781   -0.8697   -0.7636   -0.4984   -0.4523    3.0523    3.7585    3.7841    4.0973    4.4014    4.8981    5.8013    6.5702
  2.7016  -36.1407  -36.1407  -17.1718  -17.1699  -16.9758  -16.9757  -16.9376  -16.9376  -12.6906  -12.5890  -12.3431  -12.2251   -2.0901   -1.8343   -1.8288   -1.7579   -1.3428   -1.1814   -1.0067   -0.8755   -0.8188   -0.7994   -0.4991   -0.4557    2.8065    3.7090    3.7099    4.0892    4.5015    4.8295    5.6792    6.5776
  2.7548  -36.1437  -36.1437  -17.1810  -17.1791  -16.9474  -16.9473  -16.9190  -16.9190  -12.7064  -12.5998  -12.3291  -12.2045   -2.1857   -1.8431   -1.7962   -1.6892   -1.3580   -1.1991   -1.0301   -0.8743   -0.8237   -0.7583   -0.4975   -0.4582    2.5609    3.6373    3.6438    4.0610    4.5582    4.7696    5.5150    6.5950
  2.8080  -36.1464  -36.1464  -17.1900  -17.1882  -16.9217  -16.9216  -16.9015  -16.9015  -12.7209  -12.6100  -12.3169  -12.1865   -2.2718   -1.8527   -1.7524   -1.6160   -1.3698   -1.2157   -1.0692   -0.8683   -0.8352   -0.6964   -0.4937   -0.4599    2.3250    3.5702    3.5709    4.0212    4.5762    4.7188    5.3534    6.6310
  2.8611  -36.1487  -36.1487  -17.1980  -17.1962  -16.8994  -16.8993  -16.8862  -16.8862  -12.7338  -12.6192  -12.3066  -12.1712   -2.3454   -1.8587   -1.7055   -1.5448   -1.3784   -1.2304   -1.1173   -0.8594   -0.8385   -0.6343   -0.4886   -0.4609    2.1077    3.4975    3.5118    3.9775    4.5669    4.6772    5.2114    6.6867
  2.9143  -36.1505  -36.1505  -17.2047  -17.2030  -16.8812  -16.8812  -16.8736  -16.8736  -12.7444  -12.6269  -12.2984  -12.1590   -2.4046   -1.8623   -1.6586   -1.4819   -1.3844   -1.2424   -1.1672   -0.8498   -0.8380   -0.5747   -0.4830   -0.4615    1.9192    3.4323    3.4629    3.9366    4.5439    4.6448    5.0967    6.7524
  2.9674  -36.1518  -36.1518  -17.2097  -17.2080  -16.8678  -16.8678  -16.8642  -16.8642  -12.7523  -12.6327  -12.2925  -12.1502   -2.4479   -1.8642   -1.6160   -1.4328   -1.3884   -1.2515   -1.2124   -0.8415   -0.8362   -0.5230   -0.4780   -0.4618    1.7708    3.3809    3.4259    3.9036    4.5191    4.6216    5.0134    6.8139
  3.0206  -36.1526  -36.1526  -17.2128  -17.2110  -16.8596  -16.8596  -16.8585  -16.8585  -12.7572  -12.6364  -12.2889  -12.1449   -2.4744   -1.8651   -1.5842   -1.4016   -1.3906   -1.2570   -1.2458   -0.8358   -0.8348   -0.4869   -0.4745   -0.4619    1.6749    3.3482    3.4027    3.8822    4.5009    4.6077    4.9630    6.8578
  3.0737  -36.1529  -36.1529  -17.2138  -17.2121  -16.8568  -16.8568  -16.8566  -16.8566  -12.7588  -12.6377  -12.2877  -12.1430   -2.4832   -1.8654   -1.5721   -1.3913   -1.3909   -1.2589   -1.2586   -0.8342   -0.8338   -0.4738   -0.4732   -0.4618    1.6416    3.3369    3.3947    3.8748    4.4943    4.6031    4.9461    6.8737
  3.0737  -36.1529  -36.1529  -17.2138  -17.2121  -16.8568  -16.8568  -16.8566  -16.8566  -12.7588  -12.6377  -12.2877  -12.1430   -2.4832   -1.8654   -1.5721   -1.3913   -1.3909   -1.2589   -1.2586   -0.8342   -0.8338   -0.4738   -0.4732   -0.4618    1.6416    3.3369    3.3947    3.8748    4.4943    4.6031    4.9461    6.8737
  3.1294  -36.1526  -36.1526  -17.2127  -17.2110  -16.8621  -16.8621  -16.8563  -16.8563  -12.7570  -12.6364  -12.2889  -12.1451   -2.4735   -1.8667   -1.5835   -1.4056   -1.3876   -1.2543   -1.2466   -0.8379   -0.8334   -0.4917   -0.4708   -0.4623    1.6783    3.3370    3.4142    3.8827    4.5013    4.6092    4.9646    6.8538
  3.1851  -36.1517  -36.1517  -17.2094  -17.2077  -16.8781  -16.8781  -16.8552  -16.8551  -12.7516  -12.6329  -12.2923  -12.1510   -2.4446   -1.8707   -1.6150   -1.4460   -1.3773   -1.2412   -1.2154   -0.8490   -0.8317   -0.5417   -0.4639   -0.4623    1.7832    3.3466    3.4624    3.9068    4.5167    4.6305    5.0199    6.8013
  3.2408  -36.1504  -36.1503  -17.2043  -17.2026  -16.9036  -16.9036  -16.8533  -16.8533  -12.7429  -12.6272  -12.2980  -12.1609   -2.3976   -1.8771   -1.6621   -1.5060   -1.3603   -1.2199   -1.1745   -0.8655   -0.8291   -0.6128   -0.4661   -0.4493    1.9440    3.3735    3.5304    3.9479    4.5242    4.6754    5.1116    6.7339
  3.2964  -36.1485  -36.1485  -17.1978  -17.1961  -16.9370  -16.9370  -16.8508  -16.8508  -12.7315  -12.6199  -12.3057  -12.1743   -2.3346   -1.8858   -1.7222   -1.5772   -1.3369   -1.1914   -1.1331   -0.8839   -0.8257   -0.6929   -0.4698   -0.4316    2.1463    3.4198    3.6140    4.0063    4.5091    4.7478    5.2378    6.6741
  3.3521  -36.1462  -36.1462  -17.1908  -17.1891  -16.9759  -16.9759  -16.8478  -16.8477  -12.7179  -12.6112  -12.3152  -12.1911   -2.2585   -1.8976   -1.7943   -1.6499   -1.3077   -1.1568   -1.1028   -0.8971   -0.8219   -0.7714   -0.4748   -0.4101    2.3769    3.4862    3.7099    4.0813    4.4676    4.8428    5.3953    6.6420
  3.4078  -36.1437  -36.1437  -17.1849  -17.1832  -17.0170  -17.0170  -16.8443  -16.8443  -12.7028  -12.6016  -12.3263  -12.2107   -2.1751   -1.9141   -1.8726   -1.7169   -1.2733   -1.1174   -1.0960   -0.8961   -0.8403   -0.8181   -0.4808   -0.3856    2.6248    3.5720    3.8107    4.1699    4.4072    4.9547    5.5789    6.6495
  3.4635  -36.1409  -36.1409  -17.1837  -17.1822  -17.0551  -17.0549  -16.8407  -16.8407  -12.6868  -12.5913  -12.3387  -12.2328   -2.1007   -1.9603   -1.9158   -1.7752   -1.2347   -1.1123   -1.0750   -0.9081   -0.8701   -0.8150   -0.4861   -0.3592    2.8805    3.6710    3.8961    4.2636    4.3647    5.0784    5.7817    6.6969
  3.5191  -36.1382  -36.1381  -17.1937  -17.1926  -17.0819  -17.0813  -16.8369  -16.8369  -12.6705  -12.5803  -12.3520  -12.2567   -2.0913   -2.0104   -1.9011   -1.8155   -1.1929   -1.1366   -1.0313   -0.9555   -0.8526   -0.8131   -0.4884   -0.3319    3.1357    3.7496    3.9439    4.3424    4.4195    5.2092    5.9944    6.7740
  3.5748  -36.1354  -36.1354  -17.2185  -17.2180  -17.0922  -17.0911  -16.8332  -16.8332  -12.6543  -12.5687  -12.3657  -12.2821   -2.1482   -2.0419   -1.9119   -1.7736   -1.1570   -1.1491   -0.9973   -0.9884   -0.8421   -0.8130   -0.4849   -0.3048    3.3835    3.7172    4.0320    4.4537    4.5383    5.3419    6.2042    6.8639
  3.6305  -36.1329  -36.1329  -17.2515  -17.2512  -17.0913  -17.0900  -16.8298  -16.8298  -12.6390  -12.5563  -12.3793  -12.3081   -2.2084   -2.0766   -1.9603   -1.6758   -1.1704   -1.1047   -1.0302   -0.9485   -0.8469   -0.8152   -0.4744   -0.2791    3.5917    3.6327    4.1731    4.5849    4.6833    5.4696    6.3867    7.0704
  3.6862  -36.1306  -36.1306  -17.2844  -17.2843  -17.0862  -17.0848  -16.8268  -16.8267  -12.6251  -12.5430  -12.3921  -12.3342   -2.2583   -2.1102   -2.0125   -1.5708   -1.1809   -1.0609   -1.0507   -0.9143   -0.8680   -0.8195   -0.4586   -0.2560    3.4760    3.8437    4.3269    4.6984    4.8510    5.5844    6.4762    6.9771
  3.7418  -36.1287  -36.1287  -17.3129  -17.3128  -17.0803  -17.0789  -16.8242  -16.8242  -12.6133  -12.5290  -12.4032  -12.3594   -2.2954   -2.1391   -2.0609   -1.4695   -1.1920   -1.0589   -1.0189   -0.9019   -0.8901   -0.8240   -0.4413   -0.2366    3.3618    4.0473    4.4733    4.7843    5.0198    5.6790    6.3930    7.0109
  3.7975  -36.1273  -36.1273  -17.3346  -17.3345  -17.0754  -17.0739  -16.8224  -16.8223  -12.6042  -12.5150  -12.4115  -12.3823   -2.3198   -2.1613   -2.1002   -1.3796   -1.2009   -1.0626   -0.9800   -0.9411   -0.8828   -0.8237   -0.4261   -0.2220    3.2720    4.2268    4.5914    4.8415    5.1634    5.7520    6.2353    7.0544
  3.8532  -36.1264  -36.1264  -17.3480  -17.3480  -17.0721  -17.0707  -16.8212  -16.8212  -12.5984  -12.5033  -12.4155  -12.4011   -2.3331   -2.1756   -2.1258   -1.3142   -1.1989   -1.0751   -0.9714   -0.9452   -0.8936   -0.8187   -0.4159   -0.2128    3.2150    4.3652    4.6559    4.8764    5.2579    5.8123    6.0959    6.9828
  3.9089  -36.1262  -36.1261  -17.3526  -17.3526  -17.0710  -17.0695  -16.8208  -16.8208  -12.5964  -12.4984  -12.4131  -12.4122   -2.3373   -2.1806   -2.1346   -1.2914   -1.1893   -1.0891   -0.9813   -0.9170   -0.9147   -0.8161   -0.4123   -0.2097    3.1955    4.4229    4.6686    4.8906    5.2898    5.8484    6.0296    6.9682
  3.9089  -36.1262  -36.1261  -17.3526  -17.3526  -17.0710  -17.0695  -16.8208  -16.8208  -12.5963  -12.4984  -12.4131  -12.4122   -2.3373   -2.1806   -2.1346   -1.2914   -1.1893   -1.0891   -0.9813   -0.9170   -0.9147   -0.8161   -0.4123   -0.2097    3.1955    4.4229    4.6686    4.8906    5.2898    5.8484    6.0293    6.9985
  3.9645  -36.1264  -36.1264  -17.3480  -17.3480  -17.0721  -17.0707  -16.8212  -16.8212  -12.5983  -12.5033  -12.4155  -12.4011   -2.3331   -2.1756   -2.1258   -1.3142   -1.1989   -1.0751   -0.9714   -0.9453   -0.8936   -0.8187   -0.4159   -0.2128    3.2150    4.3652    4.6559    4.8764    5.2579    5.8123    6.0959    6.9735
  4.0202  -36.1273  -36.1273  -17.3346  -17.3345  -17.0754  -17.0739  -16.8224  -16.8223  -12.6041  -12.5149  -12.4115  -12.3823   -2.3198   -2.1613   -2.1002   -1.3796   -1.2009   -1.0626   -0.9800   -0.9411   -0.8828   -0.8237   -0.4261   -0.2220    3.2720    4.2268    4.5914    4.8415    5.1634    5.7518    6.2353    7.0154
  4.0759  -36.1287  -36.1287  -17.3129  -17.3128  -17.0803  -17.0789  -16.8242  -16.8242  -12.6133  -12.5289  -12.4032  -12.3594   -2.2954   -2.1391   -2.0609   -1.4696   -1.1920   -1.0589   -1.0189   -0.9019   -0.8901   -0.8240   -0.4413   -0.2366    3.3618    4.0472    4.4733    4.7843    5.0198    5.6788    6.3928    7.0089
  4.1316  -36.1306  -36.1306  -17.2844  -17.2843  -17.0862  -17.0848  -16.8268  -16.8267  -12.6251  -12.5430  -12.3921  -12.3342   -2.2583   -2.1102   -2.0125   -1.5708   -1.1809   -1.0609   -1.0507   -0.9143   -0.8680   -0.8195   -0.4586   -0.2560    3.4760    3.8437    4.3269    4.6984    4.8510    5.5844    6.4759    6.9812
  4.1872  -36.1329  -36.1329  -17.2515  -17.2512  -17.0913  -17.0900  -16.8298  -16.8298  -12.6390  -12.5563  -12.3793  -12.3081   -2.2084   -2.0766   -1.9603   -1.6758   -1.1704   -1.1047   -1.0302   -0.9484   -0.8469   -0.8152   -0.4744   -0.2791    3.5917    3.6327    4.1731    4.5849    4.6833    5.4696    6.3866    6.9441
  4.2429  -36.1354  -36.1354  -17.2185  -17.2180  -17.0922  -17.0911  -16.8332  -16.8332  -12.6543  -12.5687  -12.3657  -12.2821   -2.1482   -2.0419   -1.9120   -1.7736   -1.1570   -1.1491   -0.9973   -0.9884   -0.8421   -0.8130   -0.4849   -0.3048    3.3835    3.7172    4.0320    4.4537    4.5383    5.3418    6.2042    6.8629
  4.2986  -36.1382  -36.1381  -17.1937  -17.1926  -17.0819  -17.0813  -16.8369  -16.8369  -12.6704  -12.5803  -12.3520  -12.2567   -2.0913   -2.0104   -1.9011   -1.8155   -1.1929   -1.1366   -1.0313   -0.9555   -0.8526   -0.8131   -0.4884   -0.3319    3.1357    3.7496    3.9439    4.3424    4.4195    5.2092    5.9944    6.7740
  4.3543  -36.1410  -36.1409  -17.1837  -17.1822  -17.0551  -17.0549  -16.8407  -16.8407  -12.6868  -12.5913  -12.3387  -12.2328   -2.1007   -1.9603   -1.9158   -1.7753   -1.2347   -1.1124   -1.0750   -0.9081   -0.8701   -0.8150   -0.4861   -0.3592    2.8805    3.6710    3.8961    4.2636    4.3647    5.0784    5.7817    6.6969
  4.4099  -36.1437  -36.1437  -17.1849  -17.1832  -17.0170  -17.0170  -16.8443  -16.8443  -12.7028  -12.6016  -12.3263  -12.2107   -2.1751   -1.9141   -1.8726   -1.7170   -1.2733   -1.1174   -1.0960   -0.8961   -0.8403   -0.8181   -0.4808   -0.3856    2.6248    3.5720    3.8107    4.1699    4.4072    4.9547    5.5789    6.6495
  4.4656  -36.1462  -36.1462  -17.1908  -17.1891  -16.9759  -16.9759  -16.8478  -16.8477  -12.7179  -12.6112  -12.3152  -12.1911   -2.2585   -1.8976   -1.7943   -1.6499   -1.3077   -1.1567   -1.1028   -0.8971   -0.8219   -0.7714   -0.4748   -0.4100    2.3769    3.4862    3.7099    4.0813    4.4675    4.8428    5.3953    6.6420
  4.5213  -36.1485  -36.1485  -17.1978  -17.1961  -16.9370  -16.9370  -16.8508  -16.8508  -12.7315  -12.6199  -12.3057  -12.1743   -2.3346   -1.8858   -1.7222   -1.5772   -1.3369   -1.1914   -1.1331   -0.8839   -0.8257   -0.6929   -0.4698   -0.4316    2.1463    3.4198    3.6140    4.0063    4.5091    4.7478    5.2378    6.6741
  4.5770  -36.1504  -36.1503  -17.2043  -17.2026  -16.9036  -16.9036  -16.8533  -16.8533  -12.7429  -12.6272  -12.2980  -12.1609   -2.3976   -1.8771   -1.6621   -1.5060   -1.3603   -1.2199   -1.1745   -0.8655   -0.8291   -0.6129   -0.4661   -0.4493    1.9440    3.3735    3.5304    3.9479    4.5242    4.6754    5.1116    6.7339
  4.6326  -36.1517  -36.1517  -17.2094  -17.2077  -16.8781  -16.8781  -16.8552  -16.8551  -12.7516  -12.6329  -12.2923  -12.1510   -2.4446   -1.8707   -1.6150   -1.4460   -1.3773   -1.2412   -1.2154   -0.8490   -0.8317   -0.5417   -0.4639   -0.4623    1.7832    3.3466    3.4624    3.9068    4.5167    4.6305    5.0199    6.8013
  4.6883  -36.1526  -36.1526  -17.2127  -17.2110  -16.8621  -16.8621  -16.8563  -16.8563  -12.7570  -12.6364  -12.2889  -12.1451   -2.4735   -1.8667   -1.5835   -1.4056   -1.3876   -1.2543   -1.2466   -0.8379   -0.8334   -0.4917   -0.4707   -0.4623    1.6783    3.3370    3.4142    3.8827    4.5013    4.6092    4.9646    6.8538
  4.7440  -36.1529  -36.1529  -17.2138  -17.2121  -16.8568  -16.8568  -16.8566  -16.8566  -12.7588  -12.6377  -12.2877  -12.1430   -2.4832   -1.8654   -1.5721   -1.3913   -1.3909   -1.2589   -1.2586   -0.8342   -0.8338   -0.4738   -0.4732   -0.4618    1.6416    3.3369    3.3947    3.8748    4.4943    4.6031    4.9461    6.8737
  4.7440  -36.1529  -36.1529  -17.2138  -17.2121  -16.8568  -16.8568  -16.8566  -16.8566  -12.7588  -12.6377  -12.2877  -12.1430   -2.4832   -1.8654   -1.5721   -1.3913   -1.3909   -1.2589   -1.2586   -0.8342   -0.8338   -0.4738   -0.4732   -0.4618    1.6416    3.3369    3.3947    3.8748    4.4943    4.6031    4.9461    6.8737
  4.7971  -36.1526  -36.1526  -17.2128  -17.2110  -16.8594  -16.8593  -16.8588  -16.8587  -12.7572  -12.6364  -12.2889  -12.1449   -2.4744   -1.8651   -1.5842   -1.4019   -1.3902   -1.2567   -1.2461   -0.8362   -0.8344   -0.4863   -0.4750   -0.4618    1.6749    3.3481    3.4026    3.8822    4.5009    4.6077    4.9630    6.8578
  4.8503  -36.1518  -36.1518  -17.2097  -17.2080  -16.8676  -16.8676  -16.8645  -16.8645  -12.7523  -12.6327  -12.2925  -12.1502   -2.4480   -1.8642   -1.6160   -1.4331   -1.3880   -1.2512   -1.2126   -0.8419   -0.8359   -0.5225   -0.4784   -0.4617    1.7707    3.3808    3.4258    3.9035    4.5191    4.6217    5.0134    6.8139
  4.9034  -36.1505  -36.1505  -17.2047  -17.2030  -16.8810  -16.8810  -16.8738  -16.8738  -12.7444  -12.6269  -12.2984  -12.1590   -2.4047   -1.8622   -1.6586   -1.4822   -1.3840   -1.2422   -1.1673   -0.8502   -0.8376   -0.5742   -0.4834   -0.4615    1.9189    3.4321    3.4628    3.9364    4.5440    4.6449    5.0967    6.7523
  4.9566  -36.1487  -36.1487  -17.1981  -17.1963  -16.8992  -16.8991  -16.8864  -16.8864  -12.7338  -12.6192  -12.3066  -12.1712   -2.3455   -1.8587   -1.7055   -1.5450   -1.3779   -1.2301   -1.1173   -0.8598   -0.8382   -0.6337   -0.4890   -0.4609    2.1074    3.4972    3.5116    3.9773    4.5670    4.6774    5.2113    6.6866
  5.0097  -36.1464  -36.1464  -17.1900  -17.1882  -16.9214  -16.9214  -16.9018  -16.9017  -12.7209  -12.6100  -12.3169  -12.1865   -2.2719   -1.8526   -1.7524   -1.6161   -1.3692   -1.2154   -1.0691   -0.8686   -0.8350   -0.6958   -0.4940   -0.4599    2.3245    3.5700    3.5702    4.0208    4.5763    4.7191    5.3532    6.6307
  5.0629  -36.1437  -36.1437  -17.1810  -17.1792  -16.9472  -16.9471  -16.9192  -16.9192  -12.7064  -12.5998  -12.3292  -12.2046   -2.1859   -1.8431   -1.7961   -1.6892   -1.3574   -1.1989   -1.0298   -0.8746   -0.8236   -0.7576   -0.4977   -0.4582    2.5603    3.6367    3.6431    4.0604    4.5585    4.7701    5.5148    6.5946
  5.1160  -36.1407  -36.1407  -17.1718  -17.1700  -16.9756  -16.9755  -16.9378  -16.9377  -12.6906  -12.5890  -12.3432  -12.2251   -2.0903   -1.8342   -1.8288   -1.7578   -1.3421   -1.1811   -1.0063   -0.8758   -0.8182   -0.7994   -0.4994   -0.4558    2.8057    3.7083    3.7089    4.0885    4.5019    4.8301    5.6790    6.5763
  5.1691  -36.1374  -36.1374  -17.1634  -17.1616  -17.0060  -17.0059  -16.9562  -16.9561  -12.6742  -12.5782  -12.3587  -12.2478   -1.9920   -1.8647   -1.8129   -1.8085   -1.3229   -1.1628   -0.9998   -0.8772   -0.8704   -0.7636   -0.4986   -0.4525    3.0514    3.7575    3.7831    4.0965    4.4020    4.8987    5.8008    6.5665
  5.2223  -36.1338  -36.1338  -17.1573  -17.1555  -17.0375  -17.0373  -16.9728  -16.9727  -12.6576  -12.5678  -12.3754  -12.2722   -1.9274   -1.8859   -1.8163   -1.7810   -1.2995   -1.1441   -1.0062   -0.9347   -0.8573   -0.7221   -0.4953   -0.4481    3.2854    3.7831    3.8529    4.0762    4.2642    4.9753    5.7745    6.5302
  5.2754  -36.1302  -36.1301  -17.1552  -17.1536  -17.0693  -17.0691  -16.9855  -16.9851  -12.6413  -12.5580  -12.3930  -12.2977   -1.9378   -1.8968   -1.7449   -1.7269   -1.2721   -1.1247   -1.0211   -0.9906   -0.8366   -0.6811   -0.4896   -0.4429    3.4854    3.7796    3.9074    4.0208    4.1098    5.0587    5.5646    6.4153
  5.3286  -36.1264  -36.1264  -17.1590  -17.1576  -17.1008  -17.1006  -16.9923  -16.9917  -12.6257  -12.5491  -12.4112  -12.3241   -1.9547   -1.8970   -1.6994   -1.6141   -1.2408   -1.1041   -1.0449   -1.0417   -0.8091   -0.6443   -0.4821   -0.4369    3.5852    3.7439    3.9269    3.9293    4.0057    5.1477    5.2896    6.3732
  5.3817  -36.1226  -36.1226  -17.1689  -17.1678  -17.1314  -17.1311  -16.9925  -16.9917  -12.6110  -12.5415  -12.4294  -12.3507   -1.9587   -1.8864   -1.6437   -1.4995   -1.2059   -1.0964   -1.0816   -1.0667   -0.7761   -0.6136   -0.4731   -0.4304    3.4927    3.6758    3.7958    3.8964    4.0442    5.0255    5.2412    6.2385
  5.4349  -36.1190  -36.1190  -17.1837  -17.1829  -17.1604  -17.1602  -16.9874  -16.9864  -12.5974  -12.5352  -12.4474  -12.3770   -1.9471   -1.8656   -1.5773   -1.3906   -1.1682   -1.1425   -1.0946   -1.0566   -0.7394   -0.5900   -0.4635   -0.4239    3.3014    3.5777    3.6335    3.7897    4.1330    4.8026    5.3390    6.2185
  5.4880  -36.1155  -36.1155  -17.2014  -17.2007  -17.1874  -17.1872  -16.9787  -16.9776  -12.5851  -12.5301  -12.4647  -12.4026   -1.9200   -1.8358   -1.5001   -1.3033   -1.1694   -1.1283   -1.1248   -1.0295   -0.7009   -0.5736   -0.4538   -0.4179    3.0907    3.4473    3.4571    3.6115    4.1968    4.6250    5.4412    6.2340
  5.5412  -36.1122  -36.1122  -17.2200  -17.2195  -17.2120  -17.2118  -16.9683  -16.9672  -12.5742  -12.5264  -12.4809  -12.4270   -1.8784   -1.7989   -1.4127   -1.2868   -1.1561   -1.1293   -1.0873   -1.0007   -0.6626   -0.5643   -0.4449   -0.4133    2.8838    3.2543    3.3147    3.3869    4.2220    4.4797    5.5487    6.2794
  5.5943  -36.1092  -36.1092  -17.2381  -17.2377  -17.2339  -17.2337  -16.9573  -16.9563  -12.5645  -12.5239  -12.4954  -12.4496   -1.8245   -1.7572   -1.3171   -1.3161   -1.1877   -1.0471   -1.0462   -0.9717   -0.6266   -0.5615   -0.4373   -0.4113    2.6912    3.0612    3.1448    3.1631    4.2132    4.3551    5.6626    6.3489
  5.6474  -36.1066  -36.1065  -17.2548  -17.2545  -17.2527  -17.2525  -16.9468  -16.9459  -12.5561  -12.5225  -12.5079  -12.4701   -1.7614   -1.7135   -1.3534   -1.2191   -1.2123   -1.0062   -0.9640   -0.9440   -0.5952   -0.5649   -0.4316   -0.4134    2.5197    2.8810    2.9067    3.0092    4.1805    4.2476    5.7845    6.4376
  5.7006  -36.1043  -36.1043  -17.2692  -17.2690  -17.2684  -17.2682  -16.9374  -16.9366  -12.5488  -12.5222  -12.5181  -12.4881   -1.6931   -1.6705   -1.3875   -1.2502   -1.1043   -0.9677   -0.9194   -0.8878   -0.5740   -0.5713   -0.4283   -0.4206    2.3751    2.6873    2.7243    2.8607    4.1349    4.1587    5.9156    6.5420
  5.7537  -36.1025  -36.1025  -17.2810  -17.2808  -17.2807  -17.2806  -16.9296  -16.9290  -12.5426  -12.5256  -12.5228  -12.5032   -1.6308   -1.6252   -1.4163   -1.2817   -0.9995   -0.9282   -0.8999   -0.8201   -0.5888   -0.5602   -0.4326   -0.4270    2.2631    2.4970    2.6003    2.7260    4.0831    4.0936    6.0572    6.6586
  5.8069  -36.1012  -36.1012  -17.2896  -17.2895  -17.2895  -17.2895  -16.9238  -16.9234  -12.5374  -12.5302  -12.5242  -12.5152   -1.5959   -1.5675   -1.4345   -1.3151   -0.9295   -0.8874   -0.8619   -0.7615   -0.6094   -0.5716   -0.4418   -0.4290    2.1888    2.3441    2.5164    2.6130    4.0365    4.0502    6.2099    6.7826
  5.8600  -36.1004  -36.1004  -17.2949  -17.2949  -17.2948  -17.2948  -16.9201  -16.9199  -12.5329  -12.5315  -12.5263  -12.5240   -1.5668   -1.5387   -1.4272   -1.3521   -0.9013   -0.8828   -0.7681   -0.7117   -0.6362   -0.6130   -0.4431   -0.4329    2.1572    2.2345    2.4765    2.5297    4.0090    4.0214    6.3738    6.7848
  5.9132  -36.1002  -36.1002  -17.2966  -17.2966  -17.2966  -17.2966  -16.9189  -16.9188  -12.5298  -12.5297  -12.5290  -12.5289   -1.5452   -1.5448   -1.3942   -1.3907   -0.8879   -0.8866   -0.6845   -0.6780   -0.6724   -0.6679   -0.4402   -0.4368    2.1713    2.1725    2.4773    2.4869    4.0004    4.0108    6.5474    6.5536
