#K-Path     Band-1    Band-2    Band-3    Band-4      ...     Band-n
  0.0000  -44.8737  -44.8716  -44.0469  -44.0438  -44.0310  -44.0306  -33.0797  -33.0796  -33.0722  -33.0721  -32.9788  -32.9654  -24.5088  -24.4662  -24.4595  -24.4550  -24.3454  -24.3420  -23.7408  -23.7402  -23.6961  -23.6936  -23.6463  -23.6271  -23.6173  -23.5806  -23.5800  -23.5727  -23.5701  -23.5579  -15.4758  -15.4733  -15.4001  -15.3990  -15.3532  -15.3520  -15.3512  -15.3388  -15.2977  -15.2930  -15.2649  -15.2572  -15.2479  -15.2195  -15.1889  -15.1882  -15.1681  -15.0923  -12.2059  -11.4295  -11.4002  -10.7932  -10.6762  -10.5680  -10.5374  -10.4471  -10.2220  -10.1897   -9.7822   -9.7787   -6.3774   -6.2922   -5.7150   -5.6401   -4.8015   -3.7970   -3.7372   -3.6739   -3.6539   -3.5183   -3.4993   -3.1159   -3.0006   -2.9935   -2.8764   -2.4982   -2.4805   -2.3698   -2.1885   -1.9596   -1.9404   -1.9043   -1.8543   -1.8197   -1.5988   -1.5334   -1.4725   -1.4485   -1.3110   -1.2468   -1.2065   -1.1886   -1.0824   -0.8459   -0.5040   -0.2275    1.4014    1.8874    1.9639    2.2282    2.2849    2.5419    2.7952    2.8737    2.9928    3.0564    3.1194    3.1347    3.1728    3.1778    3.2579    3.4223    3.4503    3.4953    3.6623    3.9007    4.0050    4.0114    4.0407    4.2950    4.3329    4.3727    4.4138    4.5683    4.7261    4.8297    4.9049    5.0323
  0.0515  -44.8737  -44.8716  -44.0469  -44.0438  -44.0310  -44.0306  -33.0797  -33.0796  -33.0722  -33.0721  -32.9788  -32.9654  -24.5088  -24.4662  -24.4595  -24.4550  -24.3454  -24.3420  -23.7408  -23.7402  -23.6961  -23.6936  -23.6463  -23.6271  -23.6173  -23.5809  -23.5797  -23.5727  -23.5701  -23.5579  -15.4757  -15.4734  -15.4001  -15.3990  -15.3532  -15.3515  -15.3513  -15.3393  -15.2976  -15.2932  -15.2646  -15.2575  -15.2478  -15.2196  -15.1889  -15.1882  -15.1681  -15.0923  -12.2046  -11.4804  -11.3427  -10.8022  -10.6847  -10.5583  -10.5374  -10.4472  -10.2226  -10.1892   -9.7821   -9.7787   -6.3742   -6.2956   -5.7230   -5.6331   -4.7877   -3.7942   -3.7769   -3.7031   -3.6667   -3.4831   -3.4663   -3.1327   -3.0185   -2.9611   -2.8879   -2.5283   -2.4714   -2.3177   -2.1895   -1.9436   -1.9397   -1.9032   -1.8761   -1.8029   -1.6052   -1.5468   -1.4602   -1.4376   -1.3439   -1.2279   -1.2144   -1.1836   -1.0764   -0.8822   -0.5050   -0.2271    1.4305    1.9119    1.9590    2.2140    2.2856    2.5415    2.7852    2.8597    2.8906    3.0611    3.1169    3.1347    3.1828    3.2359    3.3036    3.3971    3.4841    3.5142    3.6673    3.8545    3.9894    4.0203    4.0617    4.2610    4.3072    4.3699    4.4012    4.5588    4.6785    4.7438    4.8798    4.9441
  0.1030  -44.8737  -44.8716  -44.0469  -44.0438  -44.0310  -44.0306  -33.0797  -33.0796  -33.0722  -33.0721  -32.9788  -32.9654  -24.5088  -24.4662  -24.4595  -24.4550  -24.3454  -24.3420  -23.7408  -23.7402  -23.6961  -23.6935  -23.6463  -23.6271  -23.6173  -23.5814  -23.5792  -23.5728  -23.5701  -23.5579  -15.4756  -15.4736  -15.4001  -15.3990  -15.3530  -15.3514  -15.3502  -15.3408  -15.2971  -15.2937  -15.2639  -15.2581  -15.2475  -15.2197  -15.1888  -15.1881  -15.1682  -15.0923  -12.2013  -11.5310  -11.2740  -10.8282  -10.6983  -10.5401  -10.5373  -10.4472  -10.2240  -10.1881   -9.7821   -9.7787   -6.3653   -6.3051   -5.7384   -5.6202   -4.7516   -3.8824   -3.7861   -3.7127   -3.6936   -3.4485   -3.3924   -3.1699   -3.0292   -2.9167   -2.9159   -2.5732   -2.4503   -2.2233   -2.1909   -1.9477   -1.9414   -1.8983   -1.8506   -1.7837   -1.6209   -1.5685   -1.4423   -1.4207   -1.3941   -1.2318   -1.2134   -1.1668   -1.0635   -0.9754   -0.5074   -0.2260    1.5026    1.9470    1.9833    2.1759    2.2914    2.5393    2.6459    2.8078    2.9278    2.9907    3.1156    3.1498    3.1959    3.3019    3.3667    3.4094    3.5431    3.5697    3.6728    3.8465    3.9847    4.0327    4.0952    4.1602    4.3110    4.3696    4.4007    4.5882    4.6766    4.7141    4.8081    4.9667
  0.1544  -44.8737  -44.8716  -44.0469  -44.0438  -44.0310  -44.0306  -33.0797  -33.0796  -33.0722  -33.0721  -32.9788  -32.9654  -24.5088  -24.4662  -24.4595  -24.4550  -24.3454  -24.3420  -23.7408  -23.7402  -23.6961  -23.6935  -23.6462  -23.6271  -23.6173  -23.5816  -23.5788  -23.5729  -23.5701  -23.5579  -15.4753  -15.4739  -15.4001  -15.3991  -15.3528  -15.3516  -15.3483  -15.3430  -15.2964  -15.2944  -15.2630  -15.2590  -15.2472  -15.2199  -15.1888  -15.1879  -15.1683  -15.0924  -12.1981  -11.5642  -11.2182  -10.8601  -10.7062  -10.5372  -10.5259  -10.4473  -10.2253  -10.1870   -9.7821   -9.7787   -6.3518   -6.3192   -5.7507   -5.6103   -4.7102   -3.9762   -3.7734   -3.7209   -3.7155   -3.4164   -3.3352   -3.2095   -3.0345   -2.9447   -2.8755   -2.6103   -2.4303   -2.1903   -2.1378   -1.9934   -1.9458   -1.8926   -1.7726   -1.7419   -1.6369   -1.5831   -1.4510   -1.4474   -1.4131   -1.2269   -1.2096   -1.1489   -1.0853   -1.0527   -0.5097   -0.2246    1.5799    1.9349    2.0932    2.1342    2.2976    2.4612    2.5370    2.8089    2.9361    2.9650    3.1040    3.1511    3.1998    3.3491    3.3633    3.4969    3.5614    3.6731    3.6816    3.8178    3.9714    3.9937    4.0506    4.1681    4.3084    4.3833    4.4102    4.4574    4.4915    4.5915    4.7864    4.9035
  0.2059  -44.8737  -44.8716  -44.0469  -44.0438  -44.0310  -44.0306  -33.0797  -33.0796  -33.0722  -33.0721  -32.9788  -32.9654  -24.5088  -24.4662  -24.4595  -24.4550  -24.3454  -24.3420  -23.7408  -23.7401  -23.6961  -23.6935  -23.6462  -23.6271  -23.6173  -23.5817  -23.5787  -23.5729  -23.5702  -23.5579  -15.4752  -15.4740  -15.4001  -15.3991  -15.3527  -15.3517  -15.3466  -15.3447  -15.2959  -15.2950  -15.2625  -15.2594  -15.2471  -15.2199  -15.1887  -15.1879  -15.1683  -15.0924  -12.1967  -11.5757  -11.1953  -10.8757  -10.7086  -10.5372  -10.5207  -10.4474  -10.2258  -10.1866   -9.7821   -9.7788   -6.3357   -6.3355   -5.7552   -5.6068   -4.6909   -4.0141   -3.7629   -3.7366   -3.7163   -3.4031   -3.3082   -3.2317   -3.0360   -2.9570   -2.8571   -2.6263   -2.4223   -2.1895   -2.0910   -2.0283   -1.9480   -1.8905   -1.7652   -1.6713   -1.6275   -1.5874   -1.5075   -1.4652   -1.4103   -1.2089   -1.1807   -1.1676   -1.1418   -1.0488   -0.5107   -0.2240    1.6144    1.9298    2.1150    2.1867    2.2997    2.3415    2.5364    2.8120    2.9145    2.9845    3.0894    3.1511    3.2023    3.3666    3.3687    3.5326    3.5669    3.6745    3.7629    3.8493    3.8565    4.0000    4.0835    4.2300    4.2933    4.3236    4.4055    4.4152    4.4644    4.6326    4.8373    4.9074
  0.2059  -44.8733  -44.8719  -44.0468  -44.0439  -44.0310  -44.0306  -33.0788  -33.0787  -33.0731  -33.0730  -32.9788  -32.9654  -24.5048  -24.4703  -24.4626  -24.4519  -24.3463  -24.3410  -23.7406  -23.7400  -23.6958  -23.6933  -23.6426  -23.6307  -23.6175  -23.5806  -23.5790  -23.5730  -23.5706  -23.5579  -15.4523  -15.4450  -15.4378  -15.4373  -15.3609  -15.3587  -15.3475  -15.3374  -15.3195  -15.3040  -15.2498  -15.2429  -15.2421  -15.2220  -15.1916  -15.1899  -15.1688  -15.0919  -12.0726  -11.2392  -11.0632  -11.0539  -10.8075  -10.7325  -10.5085  -10.3715  -10.3524  -10.3347   -9.8650   -9.8569   -6.1714   -5.9264   -5.4002   -5.1512   -4.8602   -4.6565   -4.1644   -3.6276   -3.5401   -3.2460   -3.1310   -3.0837   -3.0611   -3.0358   -2.7502   -2.6964   -2.5542   -2.3655   -2.1044   -2.0879   -2.0450   -1.9093   -1.7721   -1.7505   -1.7312   -1.7024   -1.6896   -1.5446   -1.5027   -1.4582   -1.3408   -1.1461   -1.1190   -1.0060   -0.6128   -0.4934    1.7884    2.0705    2.1130    2.4350    2.6442    2.7134    2.7208    2.8005    2.8063    2.8781    2.9481    3.0719    3.1153    3.4580    3.4813    3.5053    3.5280    3.7236    3.7489    3.7853    3.8234    4.1006    4.2796    4.3441    4.3848    4.5411    4.5887    4.7626    4.8158    4.8522    4.9243    4.9917
  0.2680  -44.8734  -44.8719  -44.0468  -44.0439  -44.0310  -44.0306  -33.0788  -33.0787  -33.0731  -33.0730  -32.9788  -32.9654  -24.5050  -24.4701  -24.4625  -24.4520  -24.3463  -24.3411  -23.7406  -23.7400  -23.6958  -23.6933  -23.6429  -23.6305  -23.6175  -23.5806  -23.5790  -23.5730  -23.5706  -23.5579  -15.4556  -15.4499  -15.4338  -15.4319  -15.3607  -15.3584  -15.3476  -15.3374  -15.3185  -15.3036  -15.2507  -15.2429  -15.2428  -15.2218  -15.1915  -15.1898  -15.1688  -15.0919  -12.0797  -11.2503  -11.1366  -10.9859  -10.7925  -10.7262  -10.5130  -10.3855  -10.3609  -10.3030   -9.8605   -9.8528   -6.1737   -5.9511   -5.4215   -5.2273   -4.8477   -4.5716   -4.1515   -3.6428   -3.5448   -3.2547   -3.1488   -3.0917   -3.0510   -3.0158   -2.7126   -2.6795   -2.5727   -2.3415   -2.1497   -2.0608   -2.0538   -1.9198   -1.8229   -1.7363   -1.6937   -1.6904   -1.6602   -1.5422   -1.5061   -1.4614   -1.3352   -1.1477   -1.1438   -0.9864   -0.6154   -0.4875    1.8063    2.0169    2.1723    2.4164    2.6593    2.6614    2.7188    2.8068    2.8321    2.8824    2.9771    3.0703    3.1588    3.4214    3.4688    3.4793    3.5551    3.6268    3.7594    3.8189    3.8525    4.0850    4.2867    4.3341    4.3581    4.5352    4.5882    4.7260    4.7926    4.9027    4.9317    5.0475
  0.3302  -44.8734  -44.8719  -44.0468  -44.0439  -44.0310  -44.0306  -33.0790  -33.0789  -33.0729  -33.0728  -32.9788  -32.9654  -24.5056  -24.4695  -24.4622  -24.4523  -24.3462  -24.3412  -23.7406  -23.7400  -23.6958  -23.6933  -23.6435  -23.6299  -23.6174  -23.5806  -23.5792  -23.5729  -23.5705  -23.5579  -15.4611  -15.4566  -15.4262  -15.4238  -15.3601  -15.3576  -15.3479  -15.3374  -15.3159  -15.3025  -15.2529  -15.2447  -15.2431  -15.2214  -15.1912  -15.1895  -15.1687  -15.0920  -12.0992  -11.2785  -11.2137  -10.9240  -10.7535  -10.7095  -10.5222  -10.4225  -10.3348  -10.2683   -9.8478   -9.8413   -6.1817   -6.0196   -5.4699   -5.3710   -4.8242   -4.3996   -4.1140   -3.6783   -3.5500   -3.2791   -3.2090   -3.1019   -3.0350   -2.9429   -2.7360   -2.6153   -2.5415   -2.3134   -2.1895   -2.0491   -2.0357   -1.9591   -1.8523   -1.7177   -1.6668   -1.6579   -1.6056   -1.5461   -1.5151   -1.4601   -1.3254   -1.1878   -1.1522   -0.9497   -0.6159   -0.4645    1.8520    1.9496    2.2328    2.3602    2.6350    2.6936    2.7109    2.8272    2.8327    2.8877    3.0365    3.0549    3.2582    3.3551    3.3967    3.4804    3.4973    3.5662    3.7925    3.8456    3.9253    4.0577    4.2747    4.3185    4.3481    4.4284    4.4903    4.6872    4.7473    4.7978    4.8782    5.0606
  0.3923  -44.8735  -44.8718  -44.0469  -44.0439  -44.0310  -44.0306  -33.0792  -33.0791  -33.0727  -33.0726  -32.9788  -32.9654  -24.5064  -24.4686  -24.4617  -24.4528  -24.3460  -24.3414  -23.7407  -23.7401  -23.6959  -23.6934  -23.6443  -23.6291  -23.6174  -23.5806  -23.5794  -23.5729  -23.5704  -23.5579  -15.4663  -15.4624  -15.4182  -15.4159  -15.3590  -15.3563  -15.3484  -15.3376  -15.3119  -15.3007  -15.2558  -15.2475  -15.2438  -15.2208  -15.1907  -15.1892  -15.1686  -15.0920  -12.1268  -11.3139  -11.2849  -10.8751  -10.7024  -10.6896  -10.5302  -10.4495  -10.3025  -10.2396   -9.8299   -9.8255   -6.1985   -6.1153   -5.5231   -5.5064   -4.8075   -4.2126   -4.0568   -3.7119   -3.5507   -3.3161   -3.2950   -3.1084   -3.0193   -2.8495   -2.7684   -2.6728   -2.4349   -2.3395   -2.1447   -2.0453   -1.9954   -1.9689   -1.8226   -1.7139   -1.6332   -1.6283   -1.6178   -1.5550   -1.4918   -1.4457   -1.3288   -1.2117   -1.1591   -0.9131   -0.6012   -0.4181    1.8760    1.9066    2.1569    2.3935    2.6495    2.7110    2.7126    2.7844    2.8535    2.8861    3.0138    3.0938    3.2509    3.3049    3.3076    3.5002    3.5052    3.5689    3.7307    3.8394    3.9295    4.0730    4.2554    4.2743    4.3446    4.4449    4.5466    4.6064    4.6589    4.6815    4.7974    5.0043
  0.4544  -44.8736  -44.8717  -44.0469  -44.0439  -44.0310  -44.0306  -33.0794  -33.0793  -33.0725  -33.0724  -32.9788  -32.9654  -24.5073  -24.4677  -24.4610  -24.4535  -24.3458  -24.3416  -23.7407  -23.7401  -23.6960  -23.6934  -23.6450  -23.6283  -23.6174  -23.5806  -23.5796  -23.5728  -23.5703  -23.5579  -15.4704  -15.4671  -15.4109  -15.4089  -15.3575  -15.3546  -15.3492  -15.3378  -15.3072  -15.2983  -15.2590  -15.2508  -15.2450  -15.2203  -15.1900  -15.1888  -15.1684  -15.0921  -12.1563  -11.3482  -11.3452  -10.8385  -10.6763  -10.6506  -10.5351  -10.4608  -10.2711  -10.2175   -9.8106   -9.8088   -6.2251   -6.2159   -5.6084   -5.5704   -4.8009   -4.0331   -3.9883   -3.7280   -3.5584   -3.3836   -3.3615   -3.1116   -3.0037   -2.8811   -2.7430   -2.6703   -2.4255   -2.3955   -2.0975   -2.0473   -1.9409   -1.9202   -1.7313   -1.7182   -1.6866   -1.6004   -1.5957   -1.5346   -1.4370   -1.4228   -1.3357   -1.2097   -1.1658   -0.8826   -0.5695   -0.3541    1.7744    1.9498    2.0293    2.4244    2.6314    2.6430    2.7034    2.7910    2.8544    2.8940    3.0081    3.1183    3.2055    3.2597    3.2898    3.5084    3.5399    3.5581    3.7076    3.7845    3.9553    4.0816    4.2108    4.2553    4.3984    4.4361    4.4885    4.6185    4.6587    4.7273    4.8246    5.0425
  0.5166  -44.8736  -44.8716  -44.0469  -44.0438  -44.0310  -44.0306  -33.0795  -33.0794  -33.0724  -33.0723  -32.9788  -32.9654  -24.5081  -24.4669  -24.4603  -24.4541  -24.3456  -24.3418  -23.7408  -23.7401  -23.6960  -23.6935  -23.6457  -23.6277  -23.6173  -23.5806  -23.5798  -23.5728  -23.5702  -23.5579  -15.4734  -15.4705  -15.4051  -15.4036  -15.3559  -15.3530  -15.3501  -15.3382  -15.3026  -15.2958  -15.2620  -15.2539  -15.2464  -15.2199  -15.1895  -15.1885  -15.1682  -15.0922  -12.1822  -11.3911  -11.3760  -10.8130  -10.6732  -10.6069  -10.5371  -10.4580  -10.2451  -10.2019   -9.7947   -9.7938   -6.3013   -6.2566   -5.6725   -5.6077   -4.8001   -3.9159   -3.8708   -3.7241   -3.5906   -3.4548   -3.4122   -3.1134   -2.9919   -2.9398   -2.8151   -2.5462   -2.4485   -2.4355   -2.1452   -1.9961   -1.9271   -1.8912   -1.7702   -1.7642   -1.6201   -1.5804   -1.5149   -1.4917   -1.3636   -1.3527   -1.3236   -1.2021   -1.1647   -0.8613   -0.5345   -0.2900    1.6217    1.9416    1.9698    2.3456    2.4823    2.5822    2.7948    2.8317    2.8433    2.9308    3.0571    3.1279    3.2054    3.2163    3.2931    3.4490    3.5130    3.5642    3.6785    3.8125    3.9040    4.0657    4.1711    4.3080    4.3619    4.4311    4.4527    4.5320    4.6506    4.7037    4.7641    4.9621
  0.5787  -44.8737  -44.8716  -44.0469  -44.0438  -44.0310  -44.0306  -33.0796  -33.0795  -33.0722  -33.0722  -32.9788  -32.9654  -24.5086  -24.4664  -24.4597  -24.4547  -24.3454  -24.3420  -23.7408  -23.7401  -23.6961  -23.6935  -23.6461  -23.6273  -23.6173  -23.5806  -23.5800  -23.5727  -23.5701  -23.5579  -15.4752  -15.4726  -15.4014  -15.4002  -15.3543  -15.3517  -15.3512  -15.3386  -15.2991  -15.2938  -15.2641  -15.2563  -15.2475  -15.2196  -15.1891  -15.1883  -15.1681  -15.0922  -12.1997  -11.4198  -11.3940  -10.7981  -10.6750  -10.5780  -10.5375  -10.4506  -10.2280  -10.1927   -9.7854   -9.7826   -6.3577   -6.2823   -5.7053   -5.6317   -4.8010   -3.8448   -3.7379   -3.7169   -3.6392   -3.5002   -3.4655   -3.1150   -2.9936   -2.9798   -2.8635   -2.4851   -2.4847   -2.4045   -2.1772   -1.9688   -1.9201   -1.9142   -1.8264   -1.8061   -1.5980   -1.5486   -1.4830   -1.4558   -1.3173   -1.2696   -1.2445   -1.1964   -1.1261   -0.8494   -0.5111   -0.2439    1.4673    1.8996    1.9688    2.2598    2.3391    2.5538    2.8061    2.8551    2.9555    2.9732    3.1121    3.1392    3.1849    3.1969    3.2806    3.4140    3.4823    3.5218    3.6408    3.8924    3.9439    4.0574    4.0939    4.3004    4.3727    4.3996    4.4367    4.4897    4.7180    4.8326    4.8638    4.9441
  0.6408  -44.8737  -44.8716  -44.0469  -44.0438  -44.0310  -44.0306  -33.0797  -33.0796  -33.0722  -33.0721  -32.9788  -32.9654  -24.5088  -24.4662  -24.4595  -24.4550  -24.3454  -24.3420  -23.7408  -23.7402  -23.6961  -23.6936  -23.6463  -23.6271  -23.6173  -23.5806  -23.5800  -23.5727  -23.5701  -23.5579  -15.4758  -15.4733  -15.4001  -15.3990  -15.3532  -15.3520  -15.3512  -15.3388  -15.2977  -15.2930  -15.2649  -15.2572  -15.2479  -15.2195  -15.1889  -15.1882  -15.1681  -15.0923  -12.2059  -11.4295  -11.4002  -10.7932  -10.6762  -10.5680  -10.5374  -10.4471  -10.2220  -10.1897   -9.7822   -9.7787   -6.3774   -6.2922   -5.7150   -5.6401   -4.8015   -3.7970   -3.7372   -3.6739   -3.6539   -3.5183   -3.4993   -3.1159   -3.0006   -2.9935   -2.8764   -2.4982   -2.4805   -2.3698   -2.1885   -1.9596   -1.9404   -1.9043   -1.8543   -1.8197   -1.5988   -1.5334   -1.4725   -1.4485   -1.3110   -1.2468   -1.2065   -1.1886   -1.0824   -0.8459   -0.5040   -0.2275    1.4014    1.8874    1.9639    2.2282    2.2849    2.5419    2.7952    2.8737    2.9928    3.0552    3.1193    3.1347    3.1728    3.1781    3.2570    3.4222    3.4503    3.4944    3.6623    3.8768    4.0031    4.0081    4.0478    4.2896    4.3089    4.3714    4.4260    4.5682    4.6551    4.8336    4.9027    5.0029
  0.6408  -44.8737  -44.8716  -44.0469  -44.0438  -44.0310  -44.0306  -33.0797  -33.0796  -33.0722  -33.0721  -32.9788  -32.9654  -24.5088  -24.4662  -24.4595  -24.4550  -24.3454  -24.3420  -23.7408  -23.7402  -23.6961  -23.6936  -23.6463  -23.6271  -23.6173  -23.5806  -23.5800  -23.5727  -23.5701  -23.5579  -15.4758  -15.4733  -15.4001  -15.3990  -15.3532  -15.3520  -15.3512  -15.3388  -15.2977  -15.2930  -15.2649  -15.2572  -15.2479  -15.2195  -15.1889  -15.1882  -15.1681  -15.0923  -12.2059  -11.4295  -11.4002  -10.7932  -10.6762  -10.5680  -10.5374  -10.4471  -10.2220  -10.1897   -9.7822   -9.7787   -6.3774   -6.2922   -5.7150   -5.6401   -4.8015   -3.7970   -3.7372   -3.6739   -3.6539   -3.5183   -3.4993   -3.1159   -3.0006   -2.9935   -2.8764   -2.4982   -2.4805   -2.3698   -2.1885   -1.9596   -1.9404   -1.9043   -1.8543   -1.8197   -1.5988   -1.5334   -1.4725   -1.4485   -1.3110   -1.2468   -1.2065   -1.1886   -1.0824   -0.8459   -0.5040   -0.2275    1.4014    1.8874    1.9639    2.2282    2.2849    2.5419    2.7952    2.8737    2.9928    3.0548    3.1195    3.1347    3.1729    3.1782    3.2558    3.4222    3.4503    3.4944    3.6622    3.8677    4.0030    4.0114    4.0652    4.2893    4.3124    4.3874    4.4401    4.5017    4.7869    4.8052    4.9488    5.0058
  0.6972  -44.8737  -44.8716  -44.0469  -44.0439  -44.0310  -44.0306  -33.0796  -33.0795  -33.0723  -33.0722  -32.9788  -32.9654  -24.5087  -24.4663  -24.4595  -24.4549  -24.3454  -24.3420  -23.7408  -23.7402  -23.6961  -23.6936  -23.6462  -23.6280  -23.6162  -23.5806  -23.5800  -23.5729  -23.5700  -23.5580  -15.4759  -15.4735  -15.4022  -15.4011  -15.3520  -15.3511  -15.3494  -15.3386  -15.2978  -15.2931  -15.2652  -15.2578  -15.2483  -15.2203  -15.1884  -15.1882  -15.1681  -15.0923  -12.1994  -11.4235  -11.3929  -10.7990  -10.6764  -10.5673  -10.5377  -10.4492  -10.2211  -10.1896   -9.8009   -9.7862   -6.3593   -6.2738   -5.7214   -5.6345   -4.7850   -3.8007   -3.7421   -3.6886   -3.6436   -3.5257   -3.4807   -3.0906   -3.0362   -2.9730   -2.8795   -2.5236   -2.5120   -2.3662   -2.1783   -1.9728   -1.9361   -1.8913   -1.8558   -1.7799   -1.5912   -1.5389   -1.4782   -1.4473   -1.3305   -1.2311   -1.2259   -1.1970   -1.0904   -0.8589   -0.5269   -0.2717    1.4337    1.8926    1.9689    2.2406    2.2875    2.5535    2.7911    2.8781    2.9357    3.0106    3.0899    3.1255    3.2088    3.2518    3.2930    3.4008    3.4554    3.5175    3.6766    3.8800    3.9611    3.9990    4.0461    4.2512    4.2651    4.4032    4.4515    4.5970    4.7368    4.7760    4.9240    4.9736
  0.7537  -44.8737  -44.8716  -44.0468  -44.0439  -44.0310  -44.0306  -33.0795  -33.0794  -33.0724  -33.0723  -32.9787  -32.9654  -24.5086  -24.4665  -24.4597  -24.4547  -24.3454  -24.3420  -23.7408  -23.7401  -23.6961  -23.6935  -23.6462  -23.6300  -23.6136  -23.5806  -23.5800  -23.5735  -23.5698  -23.5583  -15.4762  -15.4739  -15.4076  -15.4064  -15.3509  -15.3468  -15.3449  -15.3380  -15.2979  -15.2935  -15.2659  -15.2596  -15.2492  -15.2225  -15.1882  -15.1868  -15.1684  -15.0922  -12.1805  -11.4054  -11.3720  -10.8174  -10.6737  -10.5687  -10.5372  -10.4553  -10.2185  -10.1897   -9.8453   -9.8167   -6.3071   -6.2203   -5.7349   -5.6217   -4.7386   -3.8366   -3.7599   -3.6887   -3.6219   -3.5375   -3.4350   -3.0839   -3.0206   -2.9740   -2.8783   -2.6050   -2.5626   -2.3678   -2.1715   -2.0106   -1.9021   -1.8694   -1.8387   -1.7107   -1.5737   -1.5533   -1.4937   -1.4450   -1.3585   -1.2903   -1.2376   -1.1988   -1.0938   -0.8959   -0.5871   -0.3830    1.5126    1.9092    1.9799    2.2699    2.2934    2.5618    2.7696    2.7927    2.8891    2.9895    3.1073    3.1279    3.2473    3.3046    3.3746    3.3932    3.4606    3.5698    3.6908    3.8472    3.8779    3.9358    4.0661    4.1753    4.2550    4.4087    4.4921    4.6605    4.7369    4.8099    4.9529    5.0553
  0.8101  -44.8737  -44.8716  -44.0467  -44.0440  -44.0310  -44.0306  -33.0792  -33.0791  -33.0727  -33.0726  -32.9787  -32.9654  -24.5083  -24.4668  -24.4599  -24.4544  -24.3455  -24.3419  -23.7408  -23.7401  -23.6961  -23.6936  -23.6460  -23.6323  -23.6104  -23.5807  -23.5799  -23.5745  -23.5694  -23.5588  -15.4767  -15.4744  -15.4147  -15.4133  -15.3495  -15.3415  -15.3396  -15.3368  -15.2980  -15.2939  -15.2671  -15.2620  -15.2506  -15.2255  -15.1881  -15.1848  -15.1688  -15.0922  -12.1504  -11.3754  -11.3399  -10.8470  -10.6642  -10.5778  -10.5341  -10.4648  -10.2149  -10.1910   -9.9086   -9.8670   -6.2269   -6.1372   -5.7477   -5.6052   -4.6706   -3.9159   -3.7826   -3.6596   -3.6310   -3.4996   -3.3758   -3.1116   -3.0172   -2.9330   -2.8547   -2.6980   -2.6229   -2.3877   -2.1818   -2.0597   -1.8784   -1.8323   -1.8234   -1.6591   -1.5871   -1.5366   -1.5131   -1.4495   -1.3797   -1.3602   -1.2733   -1.2115   -1.0655   -0.9544   -0.6650   -0.5200    1.6062    1.9397    1.9897    2.2819    2.3059    2.5058    2.7060    2.7209    2.8674    3.0580    3.1155    3.1431    3.2546    3.3508    3.3884    3.4176    3.5151    3.6345    3.6810    3.8016    3.8220    3.9233    4.1096    4.1560    4.2561    4.4249    4.4812    4.6948    4.7539    4.9117    4.9505    5.1220
  0.8665  -44.8736  -44.8717  -44.0466  -44.0442  -44.0310  -44.0306  -33.0788  -33.0787  -33.0731  -33.0730  -32.9787  -32.9655  -24.5080  -24.4673  -24.4601  -24.4541  -24.3456  -24.3418  -23.7408  -23.7401  -23.6961  -23.6936  -23.6459  -23.6345  -23.6069  -23.5807  -23.5800  -23.5758  -23.5689  -23.5594  -15.4773  -15.4751  -15.4223  -15.4208  -15.3475  -15.3370  -15.3363  -15.3331  -15.2977  -15.2942  -15.2685  -15.2646  -15.2522  -15.2290  -15.1879  -15.1827  -15.1692  -15.0921  -12.1112  -11.3361  -11.2992  -10.8812  -10.6491  -10.5960  -10.5317  -10.4756  -10.2118  -10.1957   -9.9820   -9.9300   -6.1282   -6.0344   -5.7522   -5.5847   -4.5946   -4.0205   -3.7932   -3.6703   -3.6270   -3.4110   -3.3132   -3.1287   -3.0334   -2.9169   -2.7934   -2.7665   -2.6760   -2.4195   -2.2342   -2.0854   -1.9257   -1.8577   -1.7650   -1.6556   -1.6196   -1.5365   -1.5138   -1.4604   -1.3894   -1.3784   -1.2922   -1.2233   -1.0335   -1.0236   -0.7436   -0.6516    1.6936    1.9834    1.9962    2.2275    2.3209    2.4397    2.6647    2.6696    2.8560    3.0902    3.1162    3.1945    3.2482    3.3307    3.3667    3.4944    3.5837    3.6292    3.7221    3.8050    3.8398    3.9173    4.0835    4.2321    4.2902    4.4419    4.5080    4.6268    4.7957    4.8401    4.9694    5.0728
  0.9229  -44.8736  -44.8717  -44.0464  -44.0444  -44.0310  -44.0306  -33.0784  -33.0783  -33.0735  -33.0734  -32.9786  -32.9655  -24.5076  -24.4677  -24.4602  -24.4538  -24.3457  -24.3417  -23.7407  -23.7401  -23.6961  -23.6936  -23.6456  -23.6365  -23.6033  -23.5808  -23.5802  -23.5774  -23.5682  -23.5602  -15.4781  -15.4758  -15.4296  -15.4280  -15.3451  -15.3353  -15.3326  -15.3290  -15.2971  -15.2940  -15.2700  -15.2670  -15.2538  -15.2327  -15.1878  -15.1809  -15.1697  -15.0920  -12.0661  -11.2970  -11.2497  -10.9088  -10.6398  -10.6175  -10.5345  -10.4823  -10.2127  -10.2075  -10.0525   -9.9963   -6.0282   -5.9254   -5.7354   -5.5602   -4.5268   -4.1378   -3.7836   -3.7029   -3.6059   -3.3182   -3.2653   -3.1416   -3.0057   -2.9310   -2.8425   -2.7213   -2.6863   -2.4409   -2.3309   -2.1006   -2.0329   -1.9069   -1.7332   -1.6658   -1.6606   -1.5747   -1.5155   -1.4471   -1.3760   -1.3640   -1.3003   -1.2074   -1.1083   -0.9954   -0.8274   -0.7531    1.7667    1.9954    2.0168    2.1508    2.3238    2.4316    2.6245    2.6478    2.8456    3.0670    3.0905    3.1682    3.2872    3.3125    3.3845    3.5450    3.5994    3.6655    3.7583    3.8243    3.8733    3.9476    4.0968    4.2340    4.3654    4.4632    4.5115    4.6263    4.7248    4.8603    4.9887    5.0864
  0.9793  -44.8736  -44.8717  -44.0461  -44.0446  -44.0310  -44.0306  -33.0779  -33.0778  -33.0740  -33.0739  -32.9786  -32.9656  -24.5073  -24.4682  -24.4604  -24.4536  -24.3458  -24.3417  -23.7407  -23.7401  -23.6961  -23.6936  -23.6453  -23.6382  -23.5997  -23.5815  -23.5805  -23.5785  -23.5673  -23.5611  -15.4788  -15.4765  -15.4360  -15.4344  -15.3425  -15.3337  -15.3303  -15.3265  -15.2960  -15.2931  -15.2712  -15.2689  -15.2553  -15.2360  -15.1876  -15.1794  -15.1702  -15.0919  -12.0195  -11.2744  -11.1877  -10.9166  -10.6711  -10.6222  -10.5372  -10.4809  -10.2373  -10.2181  -10.1046  -10.0534   -5.9580   -5.8179   -5.6817   -5.5339   -4.4813   -4.2572   -3.7488   -3.7221   -3.5941   -3.2731   -3.2484   -3.1257   -2.9535   -2.9312   -2.8649   -2.7282   -2.6596   -2.4542   -2.4114   -2.1874   -2.0910   -1.9694   -1.7437   -1.6883   -1.6696   -1.6115   -1.5166   -1.4385   -1.3662   -1.3503   -1.2914   -1.2290   -1.1253   -0.9835   -0.9136   -0.8133    1.8202    1.9550    1.9963    2.1920    2.3209    2.4491    2.6003    2.6479    2.8413    3.0112    3.0459    3.1163    3.2546    3.3290    3.4622    3.5545    3.5612    3.7395    3.7647    3.8494    3.9151    3.9951    4.0959    4.2794    4.3362    4.4676    4.5293    4.6171    4.6262    4.8232    4.9279    5.0657
  1.0358  -44.8735  -44.8717  -44.0459  -44.0448  -44.0310  -44.0306  -33.0773  -33.0772  -33.0746  -33.0745  -32.9786  -32.9656  -24.5070  -24.4686  -24.4604  -24.4534  -24.3458  -24.3416  -23.7407  -23.7401  -23.6961  -23.6936  -23.6449  -23.6396  -23.5961  -23.5836  -23.5806  -23.5789  -23.5664  -23.5621  -15.4794  -15.4770  -15.4410  -15.4395  -15.3400  -15.3320  -15.3295  -15.3258  -15.2946  -15.2919  -15.2721  -15.2703  -15.2566  -15.2388  -15.1874  -15.1783  -15.1706  -15.0918  -11.9773  -11.2731  -11.1170  -10.8986  -10.7191  -10.6477  -10.5253  -10.4743  -10.2745  -10.2400  -10.1323  -10.0892   -5.9298   -5.7114   -5.6073   -5.5101   -4.4609   -4.3654   -3.7284   -3.6931   -3.5918   -3.2972   -3.2106   -3.1232   -2.9558   -2.9003   -2.8295   -2.7199   -2.6767   -2.5118   -2.3883   -2.2618   -2.1416   -2.0281   -1.7720   -1.7014   -1.6699   -1.6377   -1.5189   -1.4352   -1.3688   -1.3375   -1.3006   -1.2864   -1.0954   -1.0006   -0.9494   -0.8517    1.8249    1.9180    1.9921    2.2848    2.3205    2.4741    2.5927    2.6612    2.8472    2.9488    3.0062    3.0697    3.2060    3.3224    3.5005    3.5278    3.5721    3.7012    3.8171    3.8992    3.9770    4.0375    4.0732    4.2117    4.3247    4.4416    4.5139    4.6220    4.7294    4.8315    4.9459    4.9828
  1.0922  -44.8735  -44.8718  -44.0456  -44.0451  -44.0310  -44.0306  -33.0768  -33.0767  -33.0752  -33.0751  -32.9785  -32.9656  -24.5069  -24.4688  -24.4605  -24.4533  -24.3459  -24.3416  -23.7407  -23.7401  -23.6961  -23.6936  -23.6445  -23.6407  -23.5927  -23.5863  -23.5806  -23.5790  -23.5653  -23.5632  -15.4797  -15.4773  -15.4441  -15.4429  -15.3379  -15.3301  -15.3296  -15.3266  -15.2935  -15.2907  -15.2723  -15.2712  -15.2575  -15.2407  -15.1873  -15.1776  -15.1709  -15.0917  -11.9472  -11.2823  -11.0489  -10.8716  -10.7592  -10.6932  -10.5074  -10.4670  -10.3031  -10.2697  -10.1429  -10.1049   -5.9221   -5.6252   -5.5497   -5.4948   -4.4586   -4.4426   -3.7199   -3.6556   -3.5840   -3.3122   -3.1912   -3.1197   -3.0154   -2.8654   -2.8413   -2.6912   -2.6542   -2.5304   -2.3840   -2.2686   -2.1830   -2.0847   -1.7846   -1.7378   -1.6530   -1.6414   -1.5211   -1.4292   -1.4082   -1.3428   -1.3324   -1.2977   -1.0664   -1.0183   -0.9500   -0.8777    1.7890    1.9354    1.9859    2.3244    2.3760    2.4891    2.6025    2.6643    2.8587    2.9017    2.9996    3.0306    3.1493    3.3031    3.4350    3.5646    3.6089    3.6656    3.8492    3.9479    4.0159    4.0389    4.1008    4.1114    4.3428    4.4365    4.5275    4.6243    4.6580    4.8298    4.8959    5.0459
  1.1486  -44.8735  -44.8718  -44.0454  -44.0453  -44.0310  -44.0306  -33.0764  -33.0763  -33.0755  -33.0754  -32.9785  -32.9656  -24.5068  -24.4689  -24.4605  -24.4533  -24.3459  -24.3416  -23.7407  -23.7401  -23.6961  -23.6936  -23.6443  -23.6411  -23.5894  -23.5893  -23.5806  -23.5790  -23.5644  -23.5641  -15.4798  -15.4774  -15.4452  -15.4441  -15.3370  -15.3299  -15.3286  -15.3278  -15.2931  -15.2903  -15.2722  -15.2718  -15.2578  -15.2414  -15.1873  -15.1774  -15.1710  -15.0917  -11.9361  -11.2875  -11.0142  -10.8683  -10.7556  -10.7315  -10.4992  -10.4635  -10.3127  -10.2844  -10.1454  -10.1090   -5.9207   -5.5899   -5.5287   -5.4910   -4.4760   -4.4552   -3.7124   -3.6533   -3.5694   -3.3153   -3.1887   -3.0840   -3.0804   -2.8626   -2.8500   -2.6667   -2.6398   -2.5341   -2.3852   -2.2607   -2.1951   -2.1127   -1.7846   -1.7581   -1.6450   -1.6365   -1.5194   -1.4517   -1.4081   -1.3714   -1.3278   -1.2962   -1.0470   -1.0316   -0.9458   -0.8889    1.7739    1.9468    1.9813    2.3279    2.4180    2.4929    2.6135    2.6541    2.8659    2.8842    3.0041    3.0266    3.1105    3.2939    3.4058    3.5773    3.6254    3.6550    3.8535    3.9723    4.0092    4.0545    4.0671    4.1138    4.3394    4.4543    4.5821    4.6446    4.7221    4.8724    4.9501    5.1280
  1.1486  -44.8735  -44.8718  -44.0454  -44.0453  -44.0310  -44.0306  -33.0764  -33.0763  -33.0755  -33.0754  -32.9785  -32.9656  -24.5068  -24.4689  -24.4605  -24.4533  -24.3459  -24.3416  -23.7407  -23.7400  -23.6961  -23.6935  -23.6443  -23.6411  -23.5894  -23.5894  -23.5809  -23.5786  -23.5644  -23.5642  -15.4793  -15.4780  -15.4449  -15.4444  -15.3368  -15.3316  -15.3276  -15.3270  -15.2944  -15.2893  -15.2727  -15.2712  -15.2580  -15.2411  -15.1875  -15.1775  -15.1708  -15.0916  -11.9351  -11.2969  -10.9829  -10.9084  -10.7676  -10.6688  -10.5636  -10.4111  -10.3584  -10.2575  -10.1482  -10.1090   -5.9212   -5.5745   -5.5385   -5.4926   -4.5287   -4.3860   -3.7591   -3.6812   -3.5459   -3.2762   -3.2508   -3.1765   -2.9914   -2.8673   -2.8109   -2.7128   -2.5839   -2.4844   -2.3511   -2.2683   -2.1101   -2.0616   -1.9555   -1.7309   -1.6484   -1.6062   -1.5505   -1.5286   -1.4087   -1.3960   -1.3404   -1.2489   -1.0875   -1.0264   -0.9463   -0.8596    1.8051    2.0082    2.0408    2.3113    2.3267    2.5440    2.5522    2.6283    2.7305    2.8521    3.0447    3.1246    3.2514    3.3603    3.3948    3.5527    3.6817    3.7682    3.7751    3.8575    3.8717    3.9623    4.0635    4.1614    4.3277    4.3536    4.5935    4.6485    4.7625    4.8072    4.9269    5.1885
  1.2073  -44.8735  -44.8718  -44.0456  -44.0451  -44.0310  -44.0306  -33.0768  -33.0767  -33.0752  -33.0751  -32.9785  -32.9656  -24.5068  -24.4688  -24.4605  -24.4533  -24.3458  -24.3416  -23.7407  -23.7401  -23.6961  -23.6935  -23.6445  -23.6407  -23.5927  -23.5863  -23.5808  -23.5786  -23.5654  -23.5632  -15.4792  -15.4778  -15.4439  -15.4431  -15.3374  -15.3315  -15.3294  -15.3258  -15.2946  -15.2899  -15.2725  -15.2709  -15.2577  -15.2405  -15.1875  -15.1777  -15.1707  -15.0917  -11.9461  -11.2970  -11.0120  -10.9013  -10.7699  -10.6476  -10.5686  -10.4104  -10.3477  -10.2485  -10.1432  -10.1054   -5.9249   -5.6197   -5.5267   -5.5167   -4.5182   -4.3673   -3.7635   -3.6762   -3.5722   -3.2875   -3.2288   -3.1833   -2.9540   -2.8642   -2.8226   -2.7200   -2.6196   -2.4659   -2.3530   -2.2750   -2.1098   -2.0308   -1.9464   -1.7252   -1.6600   -1.6249   -1.5267   -1.5137   -1.4048   -1.3697   -1.3379   -1.2491   -1.0856   -1.0251   -0.9498   -0.8589    1.8200    1.9957    2.0368    2.2816    2.3278    2.5189    2.5954    2.6214    2.7507    2.8464    3.0309    3.1626    3.2508    3.3297    3.4571    3.5495    3.6489    3.7573    3.7762    3.8377    3.8816    3.9690    4.0552    4.1554    4.3025    4.3489    4.5786    4.6420    4.7564    4.8138    4.9931    5.1749
  1.2660  -44.8735  -44.8717  -44.0459  -44.0448  -44.0310  -44.0306  -33.0773  -33.0772  -33.0746  -33.0745  -32.9786  -32.9656  -24.5070  -24.4686  -24.4604  -24.4534  -24.3458  -24.3416  -23.7407  -23.7401  -23.6961  -23.6935  -23.6449  -23.6396  -23.5961  -23.5838  -23.5805  -23.5787  -23.5664  -23.5621  -15.4791  -15.4773  -15.4408  -15.4397  -15.3385  -15.3336  -15.3297  -15.3255  -15.2952  -15.2916  -15.2717  -15.2702  -15.2569  -15.2386  -15.1875  -15.1783  -15.1705  -15.0918  -11.9760  -11.3047  -11.0487  -10.9331  -10.7371  -10.6191  -10.5731  -10.4214  -10.3069  -10.2307  -10.1282  -10.0896   -5.9387   -5.6941   -5.6123   -5.5091   -4.4930   -4.3197   -3.7666   -3.6967   -3.5964   -3.2968   -3.2145   -3.1821   -2.9269   -2.8710   -2.8258   -2.7274   -2.6582   -2.4407   -2.3671   -2.2597   -2.0768   -1.9955   -1.9172   -1.7228   -1.6654   -1.6237   -1.5316   -1.4797   -1.3933   -1.3372   -1.3017   -1.2405   -1.0905   -1.0044   -0.9620   -0.8530    1.8623    1.9661    2.0224    2.2437    2.3197    2.4883    2.5908    2.6610    2.7773    2.8523    3.0433    3.1897    3.2678    3.3567    3.4903    3.5572    3.6188    3.7164    3.7629    3.8160    3.8676    3.9470    4.0374    4.2115    4.2771    4.3974    4.5909    4.6739    4.7721    4.7954    4.9132    5.1079
  1.3247  -44.8736  -44.8717  -44.0461  -44.0446  -44.0310  -44.0306  -33.0779  -33.0778  -33.0740  -33.0739  -32.9786  -32.9656  -24.5073  -24.4682  -24.4604  -24.4536  -24.3457  -24.3417  -23.7407  -23.7401  -23.6961  -23.6935  -23.6453  -23.6382  -23.5997  -23.5822  -23.5795  -23.5787  -23.5674  -23.5611  -15.4786  -15.4767  -15.4359  -15.4345  -15.3397  -15.3368  -15.3300  -15.3268  -15.2959  -15.2935  -15.2702  -15.2693  -15.2555  -15.2359  -15.1875  -15.1794  -15.1702  -15.0919  -12.0179  -11.3298  -11.0824  -10.9655  -10.6931  -10.6115  -10.5585  -10.4396  -10.2561  -10.2146  -10.1031  -10.0508   -5.9727   -5.7828   -5.7128   -5.5199   -4.4760   -4.2546   -3.7548   -3.7483   -3.5907   -3.2871   -3.2288   -3.1918   -2.9827   -2.9000   -2.8214   -2.7439   -2.5909   -2.4572   -2.3399   -2.1922   -2.0149   -1.9884   -1.8729   -1.7146   -1.6459   -1.6195   -1.5405   -1.4653   -1.3980   -1.3278   -1.2574   -1.2105   -1.0917   -0.9912   -0.9391   -0.8324    1.8839    1.9738    2.0024    2.2172    2.3176    2.4569    2.5445    2.7153    2.7597    2.9241    3.0911    3.1734    3.3053    3.4027    3.5062    3.5366    3.6448    3.6697    3.7163    3.7782    3.8201    3.9011    4.0516    4.1762    4.3115    4.4525    4.6042    4.6344    4.7552    4.8770    4.9302    5.1796
  1.3834  -44.8736  -44.8717  -44.0464  -44.0444  -44.0310  -44.0306  -33.0784  -33.0783  -33.0735  -33.0734  -32.9786  -32.9655  -24.5076  -24.4677  -24.4602  -24.4538  -24.3457  -24.3417  -23.7407  -23.7401  -23.6961  -23.6935  -23.6456  -23.6365  -23.6033  -23.5816  -23.5790  -23.5777  -23.5682  -23.5602  -15.4780  -15.4760  -15.4295  -15.4280  -15.3417  -15.3390  -15.3320  -15.3296  -15.2967  -15.2946  -15.2685  -15.2678  -15.2538  -15.2326  -15.1876  -15.1809  -15.1698  -15.0921  -12.0645  -11.3660  -11.1401  -10.9521  -10.6688  -10.6040  -10.5383  -10.4562  -10.2284  -10.1980  -10.0555   -9.9926   -6.0379   -5.9049   -5.7635   -5.5428   -4.4953   -4.1761   -3.7816   -3.7186   -3.5963   -3.2936   -3.2559   -3.2178   -3.0548   -2.9143   -2.7994   -2.7395   -2.6383   -2.3915   -2.2551   -2.0978   -2.0073   -1.9346   -1.8299   -1.6868   -1.6366   -1.6182   -1.5389   -1.4616   -1.4173   -1.3180   -1.2506   -1.2176   -1.0356   -1.0253   -0.8521   -0.7796    1.8316    1.9859    2.0641    2.1876    2.3202    2.4432    2.5091    2.7198    2.7798    3.0039    3.1415    3.1779    3.3313    3.3857    3.4893    3.5552    3.6179    3.6282    3.6981    3.7156    3.7957    3.9205    4.0486    4.0769    4.3695    4.4155    4.5192    4.6350    4.7756    4.8454    4.9240    5.0468
  1.4420  -44.8736  -44.8717  -44.0466  -44.0442  -44.0310  -44.0306  -33.0788  -33.0787  -33.0731  -33.0730  -32.9787  -32.9655  -24.5080  -24.4672  -24.4601  -24.4541  -24.3456  -24.3418  -23.7408  -23.7401  -23.6961  -23.6935  -23.6459  -23.6345  -23.6069  -23.5813  -23.5792  -23.5760  -23.5689  -23.5594  -15.4772  -15.4752  -15.4223  -15.4207  -15.3449  -15.3396  -15.3360  -15.3337  -15.2973  -15.2948  -15.2674  -15.2652  -15.2520  -15.2291  -15.1877  -15.1827  -15.1694  -15.0922  -12.1099  -11.4008  -11.2092  -10.9125  -10.6668  -10.5864  -10.5273  -10.4647  -10.2216  -10.1880   -9.9850   -9.9272   -6.1262   -6.0340   -5.7718   -5.5705   -4.5566   -4.0858   -3.7884   -3.6611   -3.6150   -3.4026   -3.2912   -3.1581   -3.1078   -2.9112   -2.7724   -2.7495   -2.6909   -2.3261   -2.1585   -2.0341   -2.0021   -1.8511   -1.8052   -1.6905   -1.6226   -1.5925   -1.5299   -1.4675   -1.4366   -1.3093   -1.2574   -1.2333   -1.0635   -0.9658   -0.7659   -0.6721    1.7549    1.9783    2.0748    2.2275    2.3148    2.4591    2.5204    2.7134    2.8120    3.0607    3.1458    3.2148    3.3237    3.3707    3.4042    3.5162    3.5667    3.6425    3.6540    3.7297    3.8141    3.9114    4.0323    4.0512    4.3224    4.4188    4.5407    4.6337    4.8141    4.8511    4.9329    5.1074
  1.5007  -44.8737  -44.8716  -44.0467  -44.0440  -44.0310  -44.0306  -33.0792  -33.0791  -33.0727  -33.0726  -32.9787  -32.9654  -24.5083  -24.4668  -24.4599  -24.4544  -24.3455  -24.3419  -23.7408  -23.7401  -23.6961  -23.6935  -23.6460  -23.6323  -23.6104  -23.5811  -23.5794  -23.5745  -23.5695  -23.5588  -15.4766  -15.4745  -15.4147  -15.4133  -15.3478  -15.3413  -15.3402  -15.3382  -15.2976  -15.2943  -15.2665  -15.2624  -15.2503  -15.2256  -15.1879  -15.1847  -15.1689  -15.0923  -12.1495  -11.4262  -11.2755  -10.8679  -10.6711  -10.5710  -10.5294  -10.4620  -10.2206  -10.1860   -9.9103   -9.8656   -6.2197   -6.1443   -5.7602   -5.5973   -4.6403   -3.9872   -3.7803   -3.6586   -3.5814   -3.5056   -3.3457   -3.1372   -3.0715   -2.9325   -2.8564   -2.6897   -2.6377   -2.2977   -2.1308   -2.0234   -1.9390   -1.8405   -1.7882   -1.7071   -1.5958   -1.5708   -1.5177   -1.4687   -1.4204   -1.3075   -1.2551   -1.2227   -1.0941   -0.9130   -0.6777   -0.5314    1.6567    1.9705    2.0075    2.2801    2.3176    2.5006    2.5959    2.7293    2.8303    3.0688    3.1390    3.1806    3.2758    3.3524    3.3814    3.4880    3.5161    3.6169    3.6814    3.7161    3.8390    3.9191    4.0725    4.0991    4.2230    4.4170    4.5550    4.6310    4.7463    4.8113    4.9279    4.9826
  1.5594  -44.8737  -44.8716  -44.0468  -44.0439  -44.0310  -44.0306  -33.0795  -33.0794  -33.0724  -33.0723  -32.9787  -32.9654  -24.5086  -24.4665  -24.4597  -24.4547  -24.3454  -24.3420  -23.7408  -23.7401  -23.6961  -23.6935  -23.6462  -23.6300  -23.6136  -23.5809  -23.5797  -23.5735  -23.5698  -23.5583  -15.4761  -15.4739  -15.4076  -15.4064  -15.3502  -15.3468  -15.3449  -15.3389  -15.2977  -15.2937  -15.2657  -15.2598  -15.2490  -15.2226  -15.1881  -15.1867  -15.1685  -15.0923  -12.1801  -11.4386  -11.3330  -10.8290  -10.6747  -10.5639  -10.5358  -10.4548  -10.2210  -10.1873   -9.8458   -9.8162   -6.3020   -6.2256   -5.7407   -5.6195   -4.7216   -3.8859   -3.7696   -3.6870   -3.5958   -3.5189   -3.4057   -3.1248   -3.0267   -2.9842   -2.8803   -2.6065   -2.5733   -2.3109   -2.1485   -1.9875   -1.9223   -1.8810   -1.8051   -1.7408   -1.5879   -1.5639   -1.4934   -1.4598   -1.3434   -1.3017   -1.2343   -1.2126   -1.1028   -0.8764   -0.5921   -0.3876    1.5431    1.9354    1.9755    2.2603    2.3145    2.5526    2.7073    2.7916    2.8423    2.9945    3.1329    3.2014    3.2214    3.3072    3.3407    3.4495    3.4786    3.5630    3.6736    3.8067    3.8996    3.9255    4.0559    4.1533    4.1876    4.3887    4.4762    4.6646    4.7373    4.8226    4.8776    5.0052
  1.6181  -44.8737  -44.8716  -44.0469  -44.0439  -44.0310  -44.0306  -33.0796  -33.0795  -33.0723  -33.0722  -32.9788  -32.9654  -24.5087  -24.4663  -24.4595  -24.4549  -24.3454  -24.3420  -23.7408  -23.7402  -23.6961  -23.6936  -23.6462  -23.6280  -23.6162  -23.5807  -23.5799  -23.5729  -23.5700  -23.5580  -15.4759  -15.4735  -15.4022  -15.4011  -15.3519  -15.3510  -15.3494  -15.3388  -15.2977  -15.2932  -15.2651  -15.2579  -15.2482  -15.2204  -15.1884  -15.1881  -15.1682  -15.0923  -12.1993  -11.4372  -11.3778  -10.8025  -10.6761  -10.5657  -10.5377  -10.4491  -10.2217  -10.1890   -9.8009   -9.7861   -6.3578   -6.2754   -5.7226   -5.6345   -4.7801   -3.8079   -3.7589   -3.6907   -3.6392   -3.5081   -3.4674   -3.1080   -3.0434   -2.9679   -2.8810   -2.5289   -2.5140   -2.3481   -2.1715   -1.9665   -1.9372   -1.8978   -1.8386   -1.7937   -1.5968   -1.5412   -1.4774   -1.4523   -1.3164   -1.2419   -1.2357   -1.1958   -1.0910   -0.8537   -0.5280   -0.2729    1.4429    1.8997    1.9671    2.2375    2.2945    2.5510    2.7904    2.8709    2.8862    3.0057    3.1211    3.1532    3.2131    3.2444    3.2887    3.4094    3.4642    3.5106    3.6665    3.8675    3.9530    3.9901    4.0258    4.2351    4.3151    4.3601    4.4462    4.6296    4.7437    4.7885    4.8968    5.1072
  1.6768  -44.8737  -44.8716  -44.0469  -44.0438  -44.0310  -44.0306  -33.0797  -33.0796  -33.0722  -33.0721  -32.9788  -32.9654  -24.5088  -24.4662  -24.4595  -24.4550  -24.3454  -24.3420  -23.7408  -23.7402  -23.6961  -23.6936  -23.6463  -23.6271  -23.6173  -23.5806  -23.5800  -23.5727  -23.5701  -23.5579  -15.4758  -15.4733  -15.4001  -15.3990  -15.3532  -15.3520  -15.3512  -15.3388  -15.2977  -15.2930  -15.2649  -15.2572  -15.2479  -15.2195  -15.1889  -15.1882  -15.1681  -15.0923  -12.2059  -11.4295  -11.4002  -10.7932  -10.6762  -10.5680  -10.5374  -10.4471  -10.2220  -10.1897   -9.7822   -9.7787   -6.3774   -6.2922   -5.7150   -5.6401   -4.8015   -3.7970   -3.7372   -3.6739   -3.6539   -3.5183   -3.4993   -3.1159   -3.0006   -2.9935   -2.8764   -2.4982   -2.4805   -2.3698   -2.1885   -1.9596   -1.9404   -1.9043   -1.8543   -1.8197   -1.5988   -1.5334   -1.4725   -1.4485   -1.3110   -1.2468   -1.2065   -1.1886   -1.0824   -0.8459   -0.5040   -0.2275    1.4014    1.8874    1.9639    2.2282    2.2849    2.5419    2.7952    2.8737    2.9928    3.0538    3.1193    3.1347    3.1729    3.1780    3.2559    3.4222    3.4503    3.4945    3.6623    3.8578    4.0041    4.0108    4.0527    4.2947    4.3154    4.3857    4.4216    4.5176    4.7224    4.7851    4.8729    5.0621
  1.6768  -44.8737  -44.8716  -44.0469  -44.0438  -44.0310  -44.0306  -33.0797  -33.0796  -33.0722  -33.0721  -32.9788  -32.9654  -24.5088  -24.4662  -24.4595  -24.4550  -24.3454  -24.3420  -23.7408  -23.7402  -23.6961  -23.6936  -23.6463  -23.6271  -23.6173  -23.5806  -23.5800  -23.5727  -23.5701  -23.5579  -15.4758  -15.4733  -15.4001  -15.3990  -15.3532  -15.3520  -15.3512  -15.3388  -15.2977  -15.2930  -15.2649  -15.2572  -15.2479  -15.2195  -15.1889  -15.1882  -15.1681  -15.0923  -12.2059  -11.4295  -11.4002  -10.7932  -10.6762  -10.5680  -10.5374  -10.4471  -10.2220  -10.1897   -9.7822   -9.7787   -6.3774   -6.2922   -5.7150   -5.6401   -4.8015   -3.7970   -3.7372   -3.6739   -3.6539   -3.5183   -3.4993   -3.1159   -3.0006   -2.9935   -2.8764   -2.4982   -2.4805   -2.3698   -2.1885   -1.9596   -1.9404   -1.9043   -1.8543   -1.8197   -1.5988   -1.5334   -1.4725   -1.4485   -1.3110   -1.2468   -1.2065   -1.1886   -1.0824   -0.8459   -0.5040   -0.2275    1.4014    1.8874    1.9639    2.2282    2.2849    2.5419    2.7952    2.8737    2.9928    3.0561    3.1193    3.1347    3.1731    3.1781    3.2567    3.4222    3.4505    3.4951    3.6624    3.8850    4.0051    4.0108    4.0837    4.2913    4.3254    4.4086    4.4339    4.5862    4.6971    4.7831    4.8758    4.9565
  1.7332  -44.8737  -44.8716  -44.0469  -44.0439  -44.0310  -44.0306  -33.0796  -33.0795  -33.0723  -33.0722  -32.9788  -32.9654  -24.5087  -24.4663  -24.4595  -24.4549  -24.3454  -24.3420  -23.7408  -23.7402  -23.6961  -23.6936  -23.6462  -23.6280  -23.6162  -23.5806  -23.5800  -23.5729  -23.5700  -23.5580  -15.4759  -15.4735  -15.4022  -15.4011  -15.3520  -15.3511  -15.3494  -15.3386  -15.2978  -15.2931  -15.2652  -15.2578  -15.2483  -15.2203  -15.1884  -15.1882  -15.1681  -15.0923  -12.1994  -11.4235  -11.3929  -10.7990  -10.6764  -10.5673  -10.5377  -10.4492  -10.2211  -10.1896   -9.8009   -9.7862   -6.3593   -6.2738   -5.7214   -5.6345   -4.7850   -3.8007   -3.7421   -3.6886   -3.6436   -3.5257   -3.4807   -3.0906   -3.0362   -2.9730   -2.8795   -2.5237   -2.5120   -2.3662   -2.1783   -1.9728   -1.9360   -1.8913   -1.8558   -1.7799   -1.5912   -1.5389   -1.4782   -1.4473   -1.3305   -1.2312   -1.2258   -1.1970   -1.0904   -0.8589   -0.5269   -0.2717    1.4337    1.8926    1.9689    2.2406    2.2874    2.5535    2.7911    2.8781    2.9357    3.0104    3.0902    3.1255    3.2089    3.2523    3.2933    3.4008    3.4553    3.5186    3.6758    3.8863    3.9604    3.9923    4.0200    4.2478    4.2698    4.3866    4.4276    4.6110    4.7575    4.8294    4.9498    5.0291
  1.7896  -44.8737  -44.8716  -44.0468  -44.0439  -44.0310  -44.0306  -33.0795  -33.0794  -33.0724  -33.0723  -32.9787  -32.9654  -24.5086  -24.4665  -24.4597  -24.4547  -24.3454  -24.3420  -23.7408  -23.7401  -23.6961  -23.6935  -23.6462  -23.6300  -23.6136  -23.5806  -23.5800  -23.5735  -23.5698  -23.5583  -15.4762  -15.4738  -15.4076  -15.4064  -15.3509  -15.3468  -15.3449  -15.3380  -15.2979  -15.2935  -15.2659  -15.2596  -15.2492  -15.2225  -15.1882  -15.1868  -15.1684  -15.0922  -12.1805  -11.4054  -11.3720  -10.8174  -10.6737  -10.5687  -10.5372  -10.4553  -10.2185  -10.1897   -9.8453   -9.8167   -6.3071   -6.2203   -5.7349   -5.6217   -4.7386   -3.8366   -3.7599   -3.6887   -3.6219   -3.5375   -3.4350   -3.0839   -3.0205   -2.9740   -2.8783   -2.6050   -2.5626   -2.3678   -2.1715   -2.0106   -1.9021   -1.8693   -1.8387   -1.7107   -1.5736   -1.5533   -1.4937   -1.4450   -1.3585   -1.2903   -1.2376   -1.1988   -1.0938   -0.8959   -0.5871   -0.3830    1.5126    1.9092    1.9799    2.2699    2.2934    2.5618    2.7696    2.7927    2.8890    2.9895    3.1074    3.1279    3.2474    3.3047    3.3744    3.3930    3.4605    3.5707    3.6944    3.8384    3.8839    3.9472    4.0611    4.1893    4.2567    4.3981    4.4824    4.7025    4.7649    4.8418    4.9352    5.0955
  1.8461  -44.8737  -44.8716  -44.0467  -44.0440  -44.0310  -44.0306  -33.0792  -33.0791  -33.0727  -33.0726  -32.9787  -32.9654  -24.5083  -24.4668  -24.4599  -24.4544  -24.3455  -24.3419  -23.7408  -23.7401  -23.6961  -23.6936  -23.6460  -23.6323  -23.6104  -23.5807  -23.5799  -23.5745  -23.5694  -23.5588  -15.4767  -15.4744  -15.4147  -15.4133  -15.3494  -15.3415  -15.3396  -15.3368  -15.2980  -15.2939  -15.2671  -15.2620  -15.2506  -15.2255  -15.1881  -15.1848  -15.1688  -15.0922  -12.1504  -11.3754  -11.3399  -10.8470  -10.6642  -10.5778  -10.5341  -10.4648  -10.2149  -10.1910   -9.9086   -9.8670   -6.2269   -6.1372   -5.7477   -5.6052   -4.6706   -3.9159   -3.7826   -3.6596   -3.6310   -3.4996   -3.3758   -3.1116   -3.0171   -2.9331   -2.8547   -2.6980   -2.6229   -2.3877   -2.1818   -2.0597   -1.8784   -1.8323   -1.8234   -1.6591   -1.5870   -1.5367   -1.5131   -1.4494   -1.3796   -1.3602   -1.2733   -1.2116   -1.0655   -0.9544   -0.6650   -0.5200    1.6062    1.9396    1.9897    2.2819    2.3059    2.5058    2.7059    2.7209    2.8673    3.0580    3.1155    3.1431    3.2544    3.3506    3.3875    3.4191    3.5147    3.6346    3.6805    3.7897    3.8238    3.9152    4.1017    4.1309    4.2535    4.4164    4.4881    4.6743    4.7811    4.8407    4.9193    5.0138
  1.9025  -44.8736  -44.8717  -44.0466  -44.0442  -44.0310  -44.0306  -33.0788  -33.0787  -33.0731  -33.0730  -32.9787  -32.9655  -24.5080  -24.4672  -24.4601  -24.4541  -24.3456  -24.3418  -23.7408  -23.7401  -23.6961  -23.6936  -23.6459  -23.6345  -23.6069  -23.5807  -23.5800  -23.5758  -23.5689  -23.5594  -15.4773  -15.4751  -15.4223  -15.4208  -15.3475  -15.3369  -15.3364  -15.3331  -15.2978  -15.2942  -15.2685  -15.2646  -15.2522  -15.2290  -15.1879  -15.1827  -15.1692  -15.0921  -12.1112  -11.3360  -11.2992  -10.8812  -10.6491  -10.5960  -10.5317  -10.4756  -10.2118  -10.1957   -9.9820   -9.9300   -6.1282   -6.0344   -5.7522   -5.5847   -4.5946   -4.0205   -3.7932   -3.6703   -3.6270   -3.4110   -3.3132   -3.1287   -3.0334   -2.9170   -2.7934   -2.7666   -2.6760   -2.4195   -2.2343   -2.0854   -1.9256   -1.8577   -1.7650   -1.6555   -1.6195   -1.5365   -1.5138   -1.4604   -1.3893   -1.3783   -1.2923   -1.2233   -1.0335   -1.0236   -0.7436   -0.6516    1.6935    1.9834    1.9962    2.2274    2.3209    2.4397    2.6646    2.6696    2.8559    3.0902    3.1161    3.1946    3.2480    3.3309    3.3665    3.4928    3.5840    3.6284    3.7218    3.7988    3.8483    3.9174    4.0800    4.2276    4.2477    4.4467    4.5388    4.6067    4.7850    4.8556    4.9846    5.0803
  1.9589  -44.8736  -44.8717  -44.0464  -44.0444  -44.0310  -44.0306  -33.0784  -33.0783  -33.0735  -33.0734  -32.9786  -32.9655  -24.5076  -24.4677  -24.4603  -24.4538  -24.3457  -24.3417  -23.7407  -23.7401  -23.6961  -23.6936  -23.6456  -23.6365  -23.6033  -23.5808  -23.5802  -23.5774  -23.5682  -23.5602  -15.4781  -15.4758  -15.4296  -15.4280  -15.3451  -15.3353  -15.3326  -15.3290  -15.2971  -15.2940  -15.2699  -15.2669  -15.2538  -15.2327  -15.1878  -15.1809  -15.1697  -15.0920  -12.0661  -11.2970  -11.2496  -10.9088  -10.6398  -10.6175  -10.5345  -10.4823  -10.2127  -10.2075  -10.0525   -9.9963   -6.0282   -5.9254   -5.7354   -5.5602   -4.5268   -4.1378   -3.7836   -3.7028   -3.6059   -3.3182   -3.2653   -3.1416   -3.0057   -2.9310   -2.8426   -2.7213   -2.6863   -2.4409   -2.3309   -2.1006   -2.0328   -1.9069   -1.7332   -1.6657   -1.6606   -1.5747   -1.5156   -1.4471   -1.3760   -1.3639   -1.3003   -1.2074   -1.1083   -0.9954   -0.8274   -0.7532    1.7667    1.9954    2.0168    2.1508    2.3238    2.4315    2.6245    2.6478    2.8456    3.0670    3.0904    3.1682    3.2871    3.3124    3.3856    3.5464    3.6006    3.6660    3.7596    3.8239    3.8728    3.9492    4.0943    4.2487    4.3467    4.4465    4.5493    4.6343    4.6683    4.8948    4.9660    5.1758
  2.0153  -44.8736  -44.8717  -44.0461  -44.0446  -44.0310  -44.0306  -33.0779  -33.0778  -33.0740  -33.0739  -32.9786  -32.9656  -24.5073  -24.4682  -24.4604  -24.4536  -24.3458  -24.3417  -23.7407  -23.7401  -23.6961  -23.6936  -23.6453  -23.6382  -23.5997  -23.5815  -23.5805  -23.5785  -23.5673  -23.5611  -15.4788  -15.4765  -15.4360  -15.4344  -15.3425  -15.3337  -15.3303  -15.3265  -15.2960  -15.2932  -15.2712  -15.2688  -15.2553  -15.2360  -15.1876  -15.1794  -15.1702  -15.0919  -12.0195  -11.2744  -11.1876  -10.9166  -10.6711  -10.6222  -10.5372  -10.4809  -10.2373  -10.2181  -10.1046  -10.0534   -5.9580   -5.8179   -5.6816   -5.5339   -4.4813   -4.2572   -3.7488   -3.7221   -3.5941   -3.2731   -3.2484   -3.1257   -2.9535   -2.9312   -2.8650   -2.7282   -2.6596   -2.4542   -2.4114   -2.1874   -2.0910   -1.9694   -1.7436   -1.6883   -1.6695   -1.6115   -1.5167   -1.4386   -1.3662   -1.3502   -1.2914   -1.2290   -1.1252   -0.9834   -0.9136   -0.8133    1.8202    1.9549    1.9963    2.1921    2.3208    2.4490    2.6004    2.6479    2.8412    3.0111    3.0458    3.1164    3.2546    3.3292    3.4625    3.5544    3.5610    3.7395    3.7640    3.8473    3.9154    3.9928    4.0952    4.2849    4.3504    4.4469    4.5612    4.5689    4.6643    4.8078    4.9263    4.9880
  2.0718  -44.8735  -44.8717  -44.0459  -44.0448  -44.0310  -44.0306  -33.0773  -33.0772  -33.0746  -33.0745  -32.9786  -32.9656  -24.5070  -24.4686  -24.4604  -24.4534  -24.3458  -24.3416  -23.7407  -23.7401  -23.6961  -23.6936  -23.6449  -23.6396  -23.5961  -23.5836  -23.5805  -23.5789  -23.5664  -23.5621  -15.4794  -15.4770  -15.4410  -15.4395  -15.3400  -15.3320  -15.3295  -15.3258  -15.2947  -15.2920  -15.2720  -15.2702  -15.2566  -15.2388  -15.1874  -15.1783  -15.1706  -15.0918  -11.9774  -11.2731  -11.1169  -10.8986  -10.7192  -10.6478  -10.5253  -10.4743  -10.2744  -10.2400  -10.1323  -10.0892   -5.9298   -5.7114   -5.6073   -5.5101   -4.4609   -4.3654   -3.7284   -3.6931   -3.5918   -3.2972   -3.2106   -3.1231   -2.9558   -2.9003   -2.8296   -2.7199   -2.6767   -2.5118   -2.3884   -2.2617   -2.1416   -2.0281   -1.7720   -1.7014   -1.6699   -1.6377   -1.5189   -1.4353   -1.3688   -1.3374   -1.3006   -1.2865   -1.0953   -1.0005   -0.9493   -0.8517    1.8248    1.9179    1.9921    2.2849    2.3204    2.4739    2.5927    2.6612    2.8471    2.9487    3.0061    3.0697    3.2060    3.3230    3.5006    3.5278    3.5727    3.7019    3.8178    3.8939    3.9774    4.0388    4.0763    4.2134    4.3261    4.4717    4.5360    4.5888    4.6634    4.8082    4.8559    4.9673
  2.1282  -44.8735  -44.8718  -44.0456  -44.0451  -44.0310  -44.0306  -33.0768  -33.0767  -33.0752  -33.0751  -32.9785  -32.9656  -24.5069  -24.4688  -24.4605  -24.4533  -24.3459  -24.3416  -23.7407  -23.7401  -23.6961  -23.6936  -23.6445  -23.6407  -23.5927  -23.5863  -23.5806  -23.5790  -23.5653  -23.5632  -15.4797  -15.4773  -15.4441  -15.4429  -15.3379  -15.3301  -15.3296  -15.3266  -15.2937  -15.2908  -15.2722  -15.2712  -15.2575  -15.2407  -15.1873  -15.1776  -15.1709  -15.0917  -11.9472  -11.2824  -11.0489  -10.8716  -10.7593  -10.6932  -10.5074  -10.4669  -10.3031  -10.2697  -10.1429  -10.1049   -5.9221   -5.6252   -5.5497   -5.4948   -4.4586   -4.4426   -3.7199   -3.6556   -3.5840   -3.3122   -3.1912   -3.1197   -3.0154   -2.8654   -2.8414   -2.6912   -2.6542   -2.5304   -2.3840   -2.2686   -2.1830   -2.0847   -1.7846   -1.7378   -1.6530   -1.6414   -1.5212   -1.4292   -1.4082   -1.3427   -1.3323   -1.2976   -1.0663   -1.0183   -0.9499   -0.8778    1.7890    1.9354    1.9859    2.3243    2.3760    2.4891    2.6024    2.6643    2.8585    2.9016    2.9995    3.0306    3.1493    3.3036    3.4351    3.5645    3.6085    3.6659    3.8463    3.9432    4.0186    4.0391    4.0961    4.1101    4.3376    4.4464    4.5216    4.5902    4.6779    4.8115    4.9155    5.0332
  2.1846  -44.8735  -44.8718  -44.0454  -44.0453  -44.0310  -44.0306  -33.0764  -33.0763  -33.0755  -33.0754  -32.9785  -32.9656  -24.5068  -24.4689  -24.4605  -24.4533  -24.3459  -24.3416  -23.7407  -23.7401  -23.6961  -23.6936  -23.6443  -23.6411  -23.5894  -23.5893  -23.5806  -23.5790  -23.5644  -23.5641  -15.4798  -15.4774  -15.4452  -15.4441  -15.3370  -15.3298  -15.3286  -15.3278  -15.2933  -15.2904  -15.2721  -15.2717  -15.2578  -15.2414  -15.1873  -15.1774  -15.1710  -15.0917  -11.9361  -11.2875  -11.0141  -10.8682  -10.7556  -10.7315  -10.4992  -10.4635  -10.3127  -10.2844  -10.1454  -10.1090   -5.9207   -5.5899   -5.5286   -5.4910   -4.4760   -4.4552   -3.7124   -3.6534   -3.5694   -3.3153   -3.1887   -3.0839   -3.0804   -2.8626   -2.8499   -2.6667   -2.6398   -2.5340   -2.3852   -2.2607   -2.1952   -2.1127   -1.7846   -1.7582   -1.6450   -1.6366   -1.5195   -1.4517   -1.4082   -1.3714   -1.3277   -1.2961   -1.0469   -1.0315   -0.9457   -0.8889    1.7738    1.9468    1.9814    2.3278    2.4180    2.4929    2.6133    2.6541    2.8657    2.8841    3.0041    3.0266    3.1106    3.2927    3.4058    3.5775    3.6247    3.6539    3.8535    3.9618    4.0089    4.0530    4.0646    4.1125    4.3394    4.4211    4.5449    4.6006    4.7447    4.8582    4.8885    4.9938
  2.1846  -44.8735  -44.8718  -44.0454  -44.0453  -44.0310  -44.0306  -33.0764  -33.0763  -33.0755  -33.0754  -32.9785  -32.9656  -24.5068  -24.4689  -24.4605  -24.4533  -24.3459  -24.3416  -23.7407  -23.7400  -23.6961  -23.6935  -23.6443  -23.6411  -23.5894  -23.5894  -23.5809  -23.5786  -23.5644  -23.5642  -15.4793  -15.4780  -15.4449  -15.4444  -15.3368  -15.3317  -15.3275  -15.3270  -15.2942  -15.2892  -15.2728  -15.2713  -15.2580  -15.2411  -15.1875  -15.1775  -15.1708  -15.0916  -11.9351  -11.2969  -10.9829  -10.9085  -10.7676  -10.6687  -10.5636  -10.4111  -10.3584  -10.2575  -10.1481  -10.1090   -5.9213   -5.5746   -5.5386   -5.4927   -4.5287   -4.3860   -3.7591   -3.6812   -3.5459   -3.2763   -3.2509   -3.1765   -2.9914   -2.8673   -2.8109   -2.7129   -2.5839   -2.4845   -2.3511   -2.2682   -2.1100   -2.0615   -1.9556   -1.7309   -1.6482   -1.6062   -1.5505   -1.5286   -1.4086   -1.3961   -1.3404   -1.2490   -1.0877   -1.0265   -0.9462   -0.8597    1.8051    2.0081    2.0409    2.3113    2.3268    2.5440    2.5521    2.6285    2.7306    2.8522    3.0447    3.1245    3.2514    3.3602    3.3950    3.5514    3.6820    3.7685    3.7757    3.8566    3.8758    3.9658    4.0610    4.1585    4.3262    4.3350    4.5822    4.6377    4.7661    4.8231    4.9253    5.0763
  2.2433  -44.8735  -44.8718  -44.0456  -44.0451  -44.0310  -44.0306  -33.0768  -33.0767  -33.0752  -33.0751  -32.9785  -32.9656  -24.5069  -24.4688  -24.4605  -24.4533  -24.3458  -24.3416  -23.7407  -23.7401  -23.6961  -23.6935  -23.6445  -23.6407  -23.5927  -23.5864  -23.5808  -23.5786  -23.5654  -23.5632  -15.4792  -15.4778  -15.4439  -15.4431  -15.3374  -15.3316  -15.3293  -15.3258  -15.2945  -15.2898  -15.2726  -15.2710  -15.2577  -15.2405  -15.1875  -15.1777  -15.1707  -15.0917  -11.9461  -11.2970  -11.0120  -10.9014  -10.7698  -10.6475  -10.5686  -10.4104  -10.3477  -10.2485  -10.1431  -10.1054   -5.9249   -5.6197   -5.5267   -5.5167   -4.5182   -4.3673   -3.7635   -3.6762   -3.5722   -3.2875   -3.2288   -3.1833   -2.9540   -2.8642   -2.8226   -2.7200   -2.6196   -2.4660   -2.3530   -2.2750   -2.1097   -2.0308   -1.9464   -1.7252   -1.6599   -1.6249   -1.5267   -1.5137   -1.4047   -1.3697   -1.3379   -1.2491   -1.0858   -1.0251   -0.9498   -0.8590    1.8201    1.9957    2.0369    2.2816    2.3278    2.5190    2.5953    2.6216    2.7507    2.8466    3.0310    3.1625    3.2508    3.3299    3.4570    3.5491    3.6488    3.7561    3.7753    3.8385    3.8834    3.9699    4.0562    4.1578    4.3107    4.3810    4.5840    4.6479    4.7370    4.7828    4.8852    5.0846
  2.3020  -44.8735  -44.8717  -44.0459  -44.0448  -44.0310  -44.0306  -33.0773  -33.0772  -33.0746  -33.0745  -32.9786  -32.9656  -24.5070  -24.4686  -24.4604  -24.4534  -24.3458  -24.3416  -23.7407  -23.7401  -23.6961  -23.6935  -23.6449  -23.6396  -23.5961  -23.5838  -23.5805  -23.5787  -23.5664  -23.5621  -15.4791  -15.4773  -15.4409  -15.4397  -15.3385  -15.3337  -15.3296  -15.3255  -15.2951  -15.2915  -15.2718  -15.2702  -15.2569  -15.2386  -15.1875  -15.1783  -15.1705  -15.0918  -11.9760  -11.3047  -11.0487  -10.9332  -10.7371  -10.6190  -10.5732  -10.4214  -10.3069  -10.2307  -10.1281  -10.0896   -5.9387   -5.6942   -5.6124   -5.5091   -4.4930   -4.3197   -3.7666   -3.6967   -3.5964   -3.2968   -3.2145   -3.1821   -2.9269   -2.8709   -2.8258   -2.7274   -2.6582   -2.4407   -2.3671   -2.2596   -2.0768   -1.9955   -1.9172   -1.7228   -1.6654   -1.6237   -1.5316   -1.4797   -1.3932   -1.3372   -1.3018   -1.2405   -1.0906   -1.0044   -0.9619   -0.8531    1.8623    1.9661    2.0225    2.2438    2.3198    2.4884    2.5910    2.6609    2.7774    2.8523    3.0434    3.1897    3.2680    3.3566    3.4909    3.5572    3.6182    3.7148    3.7604    3.8156    3.8719    3.9494    4.0382    4.2178    4.2819    4.4336    4.5728    4.6333    4.7634    4.8834    4.9982    5.1481
  2.3607  -44.8736  -44.8717  -44.0461  -44.0446  -44.0310  -44.0306  -33.0779  -33.0778  -33.0740  -33.0739  -32.9786  -32.9656  -24.5073  -24.4682  -24.4604  -24.4536  -24.3457  -24.3417  -23.7407  -23.7401  -23.6961  -23.6935  -23.6453  -23.6382  -23.5997  -23.5822  -23.5795  -23.5787  -23.5674  -23.5611  -15.4786  -15.4767  -15.4359  -15.4345  -15.3397  -15.3368  -15.3300  -15.3268  -15.2959  -15.2934  -15.2702  -15.2693  -15.2555  -15.2359  -15.1875  -15.1794  -15.1702  -15.0919  -12.0179  -11.3298  -11.0824  -10.9655  -10.6931  -10.6115  -10.5586  -10.4396  -10.2561  -10.2146  -10.1030  -10.0508   -5.9727   -5.7828   -5.7128   -5.5199   -4.4760   -4.2546   -3.7548   -3.7483   -3.5907   -3.2872   -3.2288   -3.1918   -2.9827   -2.9000   -2.8213   -2.7439   -2.5909   -2.4572   -2.3399   -2.1921   -2.0149   -1.9884   -1.8729   -1.7146   -1.6460   -1.6195   -1.5404   -1.4653   -1.3980   -1.3278   -1.2575   -1.2105   -1.0917   -0.9911   -0.9391   -0.8324    1.8839    1.9739    2.0024    2.2172    2.3176    2.4570    2.5447    2.7152    2.7598    2.9241    3.0912    3.1734    3.3054    3.4028    3.5062    3.5363    3.6447    3.6695    3.7156    3.7783    3.8202    3.8917    4.0497    4.1766    4.3080    4.4345    4.5302    4.6422    4.7331    4.7874    4.8687    5.0000
  2.4194  -44.8736  -44.8717  -44.0464  -44.0444  -44.0310  -44.0306  -33.0784  -33.0783  -33.0735  -33.0734  -32.9786  -32.9655  -24.5076  -24.4677  -24.4602  -24.4538  -24.3457  -24.3417  -23.7407  -23.7401  -23.6961  -23.6935  -23.6456  -23.6365  -23.6033  -23.5816  -23.5790  -23.5777  -23.5682  -23.5602  -15.4780  -15.4760  -15.4295  -15.4280  -15.3418  -15.3390  -15.3320  -15.3296  -15.2966  -15.2946  -15.2685  -15.2679  -15.2538  -15.2326  -15.1876  -15.1809  -15.1698  -15.0921  -12.0645  -11.3660  -11.1402  -10.9521  -10.6688  -10.6040  -10.5383  -10.4562  -10.2284  -10.1980  -10.0555   -9.9926   -6.0380   -5.9050   -5.7635   -5.5428   -4.4953   -4.1761   -3.7816   -3.7186   -3.5963   -3.2936   -3.2559   -3.2178   -3.0548   -2.9143   -2.7993   -2.7395   -2.6383   -2.3915   -2.2550   -2.0977   -2.0073   -1.9346   -1.8299   -1.6868   -1.6366   -1.6182   -1.5389   -1.4616   -1.4172   -1.3180   -1.2507   -1.2176   -1.0356   -1.0253   -0.8521   -0.7796    1.8316    1.9859    2.0642    2.1876    2.3202    2.4433    2.5093    2.7198    2.7798    3.0039    3.1414    3.1779    3.3316    3.3855    3.4893    3.5549    3.6189    3.6294    3.6983    3.7158    3.7972    3.9199    4.0509    4.0711    4.3688    4.4797    4.6079    4.6725    4.7433    4.8645    4.9280    5.0963
  2.4780  -44.8736  -44.8717  -44.0466  -44.0442  -44.0310  -44.0306  -33.0788  -33.0787  -33.0731  -33.0730  -32.9787  -32.9655  -24.5080  -24.4673  -24.4601  -24.4541  -24.3456  -24.3418  -23.7408  -23.7401  -23.6961  -23.6935  -23.6459  -23.6345  -23.6069  -23.5813  -23.5792  -23.5760  -23.5689  -23.5594  -15.4772  -15.4752  -15.4223  -15.4208  -15.3449  -15.3396  -15.3360  -15.3337  -15.2973  -15.2947  -15.2675  -15.2652  -15.2520  -15.2291  -15.1877  -15.1827  -15.1694  -15.0922  -12.1099  -11.4008  -11.2092  -10.9125  -10.6668  -10.5864  -10.5273  -10.4647  -10.2216  -10.1880   -9.9850   -9.9272   -6.1262   -6.0340   -5.7718   -5.5705   -4.5566   -4.0858   -3.7884   -3.6612   -3.6151   -3.4026   -3.2912   -3.1581   -3.1078   -2.9111   -2.7723   -2.7495   -2.6909   -2.3261   -2.1584   -2.0341   -2.0021   -1.8511   -1.8052   -1.6905   -1.6226   -1.5925   -1.5299   -1.4675   -1.4366   -1.3093   -1.2574   -1.2333   -1.0635   -0.9658   -0.7659   -0.6721    1.7549    1.9783    2.0747    2.2276    2.3148    2.4592    2.5204    2.7134    2.8120    3.0607    3.1457    3.2149    3.3239    3.3701    3.4036    3.5161    3.5664    3.6425    3.6540    3.7314    3.8146    3.9148    4.0289    4.0563    4.2901    4.4095    4.5129    4.6450    4.7996    4.8633    5.0314    5.0525
  2.5367  -44.8737  -44.8716  -44.0467  -44.0440  -44.0310  -44.0306  -33.0792  -33.0791  -33.0727  -33.0726  -32.9787  -32.9654  -24.5083  -24.4668  -24.4599  -24.4544  -24.3455  -24.3419  -23.7408  -23.7401  -23.6961  -23.6935  -23.6460  -23.6323  -23.6104  -23.5811  -23.5794  -23.5745  -23.5695  -23.5588  -15.4766  -15.4745  -15.4147  -15.4133  -15.3479  -15.3414  -15.3402  -15.3382  -15.2976  -15.2943  -15.2665  -15.2624  -15.2503  -15.2257  -15.1879  -15.1847  -15.1689  -15.0923  -12.1495  -11.4262  -11.2755  -10.8679  -10.6711  -10.5710  -10.5294  -10.4620  -10.2206  -10.1860   -9.9103   -9.8656   -6.2197   -6.1443   -5.7602   -5.5974   -4.6403   -3.9872   -3.7803   -3.6587   -3.5814   -3.5055   -3.3457   -3.1372   -3.0715   -2.9325   -2.8564   -2.6897   -2.6377   -2.2977   -2.1308   -2.0234   -1.9390   -1.8405   -1.7882   -1.7071   -1.5958   -1.5708   -1.5177   -1.4686   -1.4204   -1.3075   -1.2550   -1.2227   -1.0941   -0.9130   -0.6777   -0.5313    1.6567    1.9706    2.0075    2.2801    2.3176    2.5006    2.5959    2.7293    2.8303    3.0688    3.1390    3.1805    3.2762    3.3523    3.3833    3.4888    3.5170    3.6151    3.6792    3.7136    3.8347    3.9096    4.0756    4.0828    4.1900    4.4381    4.5241    4.6688    4.7620    4.8742    4.8926    5.0120
  2.5954  -44.8737  -44.8716  -44.0468  -44.0439  -44.0310  -44.0306  -33.0795  -33.0794  -33.0724  -33.0723  -32.9787  -32.9654  -24.5086  -24.4665  -24.4597  -24.4547  -24.3454  -24.3420  -23.7408  -23.7401  -23.6961  -23.6935  -23.6462  -23.6300  -23.6136  -23.5809  -23.5797  -23.5735  -23.5698  -23.5583  -15.4761  -15.4739  -15.4076  -15.4064  -15.3502  -15.3468  -15.3449  -15.3389  -15.2977  -15.2937  -15.2657  -15.2598  -15.2490  -15.2226  -15.1881  -15.1867  -15.1685  -15.0923  -12.1801  -11.4386  -11.3330  -10.8290  -10.6747  -10.5639  -10.5358  -10.4548  -10.2210  -10.1873   -9.8458   -9.8162   -6.3020   -6.2256   -5.7407   -5.6195   -4.7216   -3.8859   -3.7696   -3.6870   -3.5958   -3.5189   -3.4057   -3.1248   -3.0267   -2.9843   -2.8803   -2.6065   -2.5733   -2.3109   -2.1485   -1.9875   -1.9223   -1.8810   -1.8051   -1.7408   -1.5879   -1.5639   -1.4934   -1.4598   -1.3435   -1.3016   -1.2343   -1.2125   -1.1028   -0.8764   -0.5921   -0.3876    1.5431    1.9354    1.9755    2.2603    2.3145    2.5526    2.7074    2.7916    2.8424    2.9945    3.1329    3.2015    3.2220    3.3078    3.3405    3.4496    3.4786    3.5628    3.6752    3.8088    3.8989    3.9256    4.0835    4.1480    4.1962    4.4165    4.5170    4.7122    4.7426    4.8389    4.9228    4.9662
  2.6541  -44.8737  -44.8716  -44.0469  -44.0439  -44.0310  -44.0306  -33.0796  -33.0795  -33.0723  -33.0722  -32.9788  -32.9654  -24.5087  -24.4663  -24.4595  -24.4549  -24.3454  -24.3420  -23.7408  -23.7402  -23.6961  -23.6936  -23.6462  -23.6280  -23.6162  -23.5807  -23.5799  -23.5729  -23.5700  -23.5580  -15.4759  -15.4735  -15.4022  -15.4011  -15.3519  -15.3510  -15.3494  -15.3388  -15.2977  -15.2932  -15.2651  -15.2579  -15.2482  -15.2204  -15.1884  -15.1881  -15.1682  -15.0923  -12.1993  -11.4372  -11.3778  -10.8025  -10.6761  -10.5657  -10.5377  -10.4491  -10.2217  -10.1890   -9.8009   -9.7861   -6.3578   -6.2754   -5.7226   -5.6345   -4.7801   -3.8079   -3.7588   -3.6907   -3.6392   -3.5081   -3.4674   -3.1080   -3.0434   -2.9679   -2.8810   -2.5289   -2.5141   -2.3481   -2.1715   -1.9665   -1.9372   -1.8978   -1.8386   -1.7937   -1.5969   -1.5412   -1.4774   -1.4523   -1.3164   -1.2420   -1.2356   -1.1958   -1.0910   -0.8537   -0.5280   -0.2729    1.4429    1.8997    1.9671    2.2375    2.2945    2.5510    2.7905    2.8708    2.8863    3.0058    3.1211    3.1533    3.2129    3.2447    3.2890    3.4096    3.4639    3.5106    3.6672    3.8777    3.9546    3.9962    4.0240    4.2428    4.2751    4.3605    4.4374    4.6363    4.7329    4.7690    4.8190    5.0843
  2.7128  -44.8737  -44.8716  -44.0469  -44.0438  -44.0310  -44.0306  -33.0797  -33.0796  -33.0722  -33.0721  -32.9788  -32.9654  -24.5088  -24.4662  -24.4595  -24.4550  -24.3454  -24.3420  -23.7408  -23.7402  -23.6961  -23.6936  -23.6463  -23.6271  -23.6173  -23.5806  -23.5800  -23.5727  -23.5701  -23.5579  -15.4758  -15.4733  -15.4001  -15.3990  -15.3532  -15.3520  -15.3512  -15.3388  -15.2977  -15.2930  -15.2649  -15.2572  -15.2479  -15.2195  -15.1889  -15.1882  -15.1681  -15.0923  -12.2059  -11.4295  -11.4002  -10.7932  -10.6762  -10.5680  -10.5374  -10.4471  -10.2220  -10.1897   -9.7822   -9.7787   -6.3774   -6.2922   -5.7150   -5.6401   -4.8015   -3.7970   -3.7372   -3.6739   -3.6539   -3.5183   -3.4993   -3.1159   -3.0006   -2.9935   -2.8764   -2.4982   -2.4805   -2.3698   -2.1885   -1.9596   -1.9404   -1.9043   -1.8543   -1.8197   -1.5988   -1.5334   -1.4725   -1.4485   -1.3110   -1.2468   -1.2065   -1.1886   -1.0824   -0.8459   -0.5040   -0.2275    1.4014    1.8874    1.9639    2.2282    2.2849    2.5419    2.7952    2.8737    2.9928    3.0559    3.1194    3.1348    3.1729    3.1778    3.2575    3.4222    3.4503    3.4950    3.6622    3.9068    4.0024    4.0059    4.0565    4.2960    4.3566    4.4053    4.4415    4.5267    4.7182    4.7867    4.8157    5.0692
  2.7128  -44.8737  -44.8716  -44.0469  -44.0438  -44.0310  -44.0306  -33.0797  -33.0796  -33.0722  -33.0721  -32.9788  -32.9654  -24.5088  -24.4662  -24.4595  -24.4550  -24.3454  -24.3420  -23.7408  -23.7402  -23.6961  -23.6936  -23.6463  -23.6271  -23.6173  -23.5806  -23.5800  -23.5727  -23.5701  -23.5579  -15.4758  -15.4733  -15.4001  -15.3990  -15.3532  -15.3520  -15.3512  -15.3388  -15.2977  -15.2930  -15.2649  -15.2572  -15.2479  -15.2195  -15.1889  -15.1882  -15.1681  -15.0923  -12.2059  -11.4295  -11.4002  -10.7932  -10.6762  -10.5680  -10.5374  -10.4471  -10.2220  -10.1897   -9.7822   -9.7787   -6.3774   -6.2922   -5.7150   -5.6401   -4.8015   -3.7970   -3.7372   -3.6739   -3.6539   -3.5183   -3.4993   -3.1159   -3.0006   -2.9935   -2.8764   -2.4982   -2.4805   -2.3698   -2.1885   -1.9596   -1.9404   -1.9043   -1.8543   -1.8197   -1.5988   -1.5334   -1.4725   -1.4485   -1.3110   -1.2468   -1.2065   -1.1886   -1.0824   -0.8459   -0.5040   -0.2275    1.4014    1.8874    1.9639    2.2282    2.2849    2.5419    2.7952    2.8737    2.9928    3.0564    3.1194    3.1347    3.1728    3.1776    3.2572    3.4223    3.4503    3.4949    3.6624    3.8898    4.0038    4.0080    4.0668    4.2976    4.3346    4.4225    4.4634    4.5490    4.6994    4.7299    4.9396    5.0298
  2.7729  -44.8737  -44.8716  -44.0469  -44.0438  -44.0310  -44.0306  -33.0796  -33.0795  -33.0722  -33.0721  -32.9788  -32.9654  -24.5086  -24.4663  -24.4597  -24.4548  -24.3454  -24.3420  -23.7408  -23.7401  -23.6961  -23.6935  -23.6461  -23.6272  -23.6173  -23.5807  -23.5799  -23.5727  -23.5701  -23.5579  -15.4753  -15.4728  -15.4011  -15.3999  -15.3540  -15.3517  -15.3512  -15.3388  -15.2987  -15.2937  -15.2642  -15.2566  -15.2476  -15.2196  -15.1890  -15.1883  -15.1681  -15.0923  -12.2008  -11.4441  -11.3718  -10.7991  -10.6777  -10.5736  -10.5368  -10.4499  -10.2267  -10.1919   -9.7846   -9.7817   -6.3616   -6.2854   -5.7098   -5.6318   -4.7976   -3.8383   -3.7406   -3.7179   -3.6392   -3.5128   -3.4527   -3.1192   -3.0028   -2.9725   -2.8691   -2.5007   -2.4782   -2.3811   -2.1800   -1.9621   -1.9272   -1.9108   -1.8415   -1.8012   -1.5996   -1.5490   -1.4771   -1.4501   -1.3248   -1.2642   -1.2308   -1.1961   -1.1155   -0.8565   -0.5096   -0.2400    1.4593    1.9024    1.9669    2.2505    2.3255    2.5507    2.8025    2.8637    2.9166    3.0069    3.0998    3.1530    3.1849    3.2140    3.2720    3.4143    3.4789    3.5239    3.6435    3.8637    3.9558    4.0480    4.0790    4.3016    4.3334    4.3774    4.4415    4.4934    4.6201    4.7899    4.8504    4.9867
  2.8331  -44.8737  -44.8716  -44.0469  -44.0438  -44.0310  -44.0306  -33.0796  -33.0795  -33.0723  -33.0722  -32.9788  -32.9654  -24.5082  -24.4667  -24.4602  -24.4543  -24.3455  -24.3418  -23.7408  -23.7401  -23.6960  -23.6935  -23.6458  -23.6275  -23.6173  -23.5809  -23.5796  -23.5728  -23.5702  -23.5579  -15.4739  -15.4713  -15.4040  -15.4025  -15.3553  -15.3528  -15.3499  -15.3388  -15.3013  -15.2955  -15.2623  -15.2548  -15.2466  -15.2198  -15.1893  -15.1884  -15.1682  -15.0922  -12.1864  -11.4522  -11.3230  -10.8163  -10.6819  -10.5937  -10.5318  -10.4574  -10.2396  -10.1992   -9.7919   -9.7903   -6.3169   -6.2659   -5.6903   -5.6089   -4.7869   -3.9196   -3.8467   -3.7177   -3.5992   -3.5081   -3.3689   -3.1257   -3.0093   -2.9359   -2.8334   -2.5232   -2.4658   -2.3886   -2.1552   -1.9713   -1.9357   -1.9019   -1.8124   -1.7502   -1.6107   -1.5898   -1.4923   -1.4570   -1.3599   -1.3499   -1.3119   -1.2045   -1.1391   -0.8788   -0.5280   -0.2757    1.5980    1.9358    1.9792    2.3212    2.4325    2.5690    2.7833    2.8317    2.8454    2.9426    3.0590    3.1512    3.1989    3.2457    3.2879    3.4311    3.5068    3.5769    3.6721    3.8487    3.9140    4.0716    4.1554    4.2804    4.3678    4.3873    4.4558    4.6423    4.6890    4.7910    4.8690    4.9894
  2.8932  -44.8736  -44.8717  -44.0469  -44.0439  -44.0310  -44.0306  -33.0794  -33.0793  -33.0725  -33.0724  -32.9788  -32.9654  -24.5076  -24.4674  -24.4607  -24.4537  -24.3457  -24.3417  -23.7407  -23.7401  -23.6960  -23.6935  -23.6453  -23.6281  -23.6173  -23.5810  -23.5793  -23.5728  -23.5703  -23.5579  -15.4715  -15.4687  -15.4085  -15.4067  -15.3566  -15.3543  -15.3486  -15.3390  -15.3048  -15.2981  -15.2597  -15.2524  -15.2453  -15.2202  -15.1897  -15.1885  -15.1684  -15.0922  -12.1647  -11.4431  -11.2677  -10.8435  -10.6883  -10.6266  -10.5234  -10.4658  -10.2584  -10.2122   -9.8040   -9.8029   -6.2602   -6.2275   -5.6485   -5.5757   -4.7727   -4.0474   -3.9289   -3.7228   -3.5791   -3.4759   -3.2881   -3.1305   -3.0395   -2.8854   -2.7720   -2.5634   -2.4433   -2.3703   -2.1219   -2.0146   -1.9487   -1.9194   -1.7748   -1.6902   -1.6606   -1.6385   -1.5444   -1.4900   -1.4269   -1.4026   -1.3677   -1.2344   -1.1152   -0.8998   -0.5575   -0.3282    1.7420    1.9237    2.0573    2.4138    2.5697    2.5930    2.6914    2.8196    2.8507    2.9006    3.0158    3.1531    3.1767    3.2671    3.3069    3.4327    3.5192    3.6137    3.7463    3.7872    3.9604    4.0515    4.1649    4.2466    4.3008    4.4477    4.4776    4.5523    4.6549    4.7361    4.7997    4.9424
  2.9534  -44.8735  -44.8717  -44.0469  -44.0439  -44.0310  -44.0306  -33.0793  -33.0792  -33.0726  -33.0725  -32.9788  -32.9654  -24.5069  -24.4681  -24.4613  -24.4531  -24.3459  -24.3415  -23.7407  -23.7401  -23.6959  -23.6934  -23.6446  -23.6287  -23.6174  -23.5810  -23.5790  -23.5729  -23.5704  -23.5579  -15.4682  -15.4651  -15.4144  -15.4122  -15.3579  -15.3559  -15.3472  -15.3394  -15.3083  -15.3011  -15.2567  -15.2496  -15.2440  -15.2206  -15.1902  -15.1888  -15.1687  -15.0921  -12.1392  -11.4159  -11.2122  -10.8802  -10.6977  -10.6660  -10.5158  -10.4683  -10.2805  -10.2313   -9.8199   -9.8175   -6.2293   -6.1478   -5.5773   -5.5353   -4.7621   -4.1977   -3.9958   -3.7203   -3.5767   -3.4293   -3.2176   -3.1324   -3.0801   -2.8274   -2.7097   -2.5970   -2.4180   -2.3390   -2.1715   -2.0471   -1.9746   -1.9411   -1.7918   -1.7289   -1.6816   -1.6418   -1.6030   -1.5173   -1.4535   -1.4144   -1.3789   -1.2719   -1.0798   -0.9129   -0.5890   -0.3869    1.8395    1.8843    2.1751    2.4220    2.6218    2.6741    2.7121    2.8005    2.8404    2.9210    2.9698    3.1429    3.1601    3.2955    3.3318    3.3868    3.5170    3.6336    3.7324    3.8624    3.9688    4.0408    4.1588    4.2062    4.2864    4.4415    4.5436    4.5664    4.6558    4.7315    4.8667    4.9800
  3.0135  -44.8735  -44.8718  -44.0469  -44.0439  -44.0310  -44.0306  -33.0791  -33.0790  -33.0728  -33.0727  -32.9788  -32.9654  -24.5061  -24.4689  -24.4619  -24.4526  -24.3460  -24.3413  -23.7407  -23.7400  -23.6959  -23.6934  -23.6439  -23.6294  -23.6174  -23.5810  -23.5788  -23.5729  -23.5705  -23.5579  -15.4641  -15.4606  -15.4212  -15.4188  -15.3589  -15.3574  -15.3460  -15.3399  -15.3111  -15.3041  -15.2539  -15.2470  -15.2431  -15.2211  -15.1905  -15.1891  -15.1689  -15.0920  -12.1135  -11.3719  -11.1623  -10.9262  -10.7142  -10.7024  -10.5065  -10.4615  -10.3050  -10.2554   -9.8361   -9.8331   -6.2114   -6.0558   -5.4962   -5.4696   -4.7656   -4.3496   -4.0550   -3.7049   -3.5693   -3.3955   -3.1893   -3.1252   -3.0973   -2.7749   -2.6649   -2.6127   -2.4452   -2.3233   -2.2597   -2.0569   -1.9807   -1.9713   -1.8734   -1.7312   -1.6870   -1.6772   -1.5875   -1.5460   -1.4591   -1.4102   -1.3791   -1.3084   -1.0377   -0.9174   -0.6104   -0.4397    1.8252    1.9130    2.2525    2.3920    2.6021    2.7239    2.7753    2.8089    2.8556    2.9573    2.9648    3.1108    3.1469    3.2753    3.2923    3.4130    3.4637    3.6561    3.7720    3.9179    4.0052    4.0490    4.1710    4.2199    4.3305    4.4293    4.4882    4.5777    4.6938    4.7818    4.9371    5.0496
  3.0737  -44.8734  -44.8719  -44.0468  -44.0439  -44.0310  -44.0306  -33.0789  -33.0788  -33.0730  -33.0729  -32.9788  -32.9654  -24.5054  -24.4696  -24.4622  -24.4522  -24.3462  -24.3411  -23.7406  -23.7400  -23.6958  -23.6933  -23.6433  -23.6300  -23.6174  -23.5810  -23.5787  -23.5730  -23.5706  -23.5579  -15.4594  -15.4553  -15.4282  -15.4258  -15.3596  -15.3586  -15.3450  -15.3404  -15.3129  -15.3070  -15.2514  -15.2448  -15.2425  -15.2216  -15.1907  -15.1894  -15.1692  -15.0920  -12.0917  -11.3153  -11.1232  -10.9810  -10.7434  -10.7225  -10.4871  -10.4502  -10.3335  -10.2801   -9.8499   -9.8472   -6.2010   -5.9724   -5.4480   -5.3490   -4.7921   -4.4905   -4.1008   -3.6775   -3.5496   -3.3862   -3.2221   -3.1103   -3.0698   -2.7418   -2.6468   -2.6263   -2.5596   -2.2990   -2.2436   -2.1144   -2.0385   -1.9265   -1.8925   -1.7521   -1.6969   -1.6694   -1.6237   -1.5548   -1.4518   -1.4156   -1.3809   -1.3309   -0.9973   -0.9142   -0.6157   -0.4771    1.7802    1.9653    2.2125    2.4150    2.6021    2.7177    2.7676    2.8318    2.8869    3.0027    3.0169    3.0666    3.1211    3.1833    3.2466    3.3983    3.4766    3.6148    3.8389    3.9567    4.0284    4.1088    4.1939    4.2887    4.4223    4.4571    4.4995    4.6265    4.7871    4.8610    4.9668    5.1773
  3.1338  -44.8734  -44.8719  -44.0468  -44.0439  -44.0310  -44.0306  -33.0788  -33.0787  -33.0731  -33.0730  -32.9788  -32.9654  -24.5049  -24.4701  -24.4625  -24.4520  -24.3463  -24.3410  -23.7406  -23.7400  -23.6958  -23.6933  -23.6428  -23.6305  -23.6175  -23.5809  -23.5786  -23.5730  -23.5706  -23.5579  -15.4547  -15.4494  -15.4346  -15.4329  -15.3599  -15.3595  -15.3444  -15.3407  -15.3136  -15.3092  -15.2497  -15.2433  -15.2423  -15.2220  -15.1908  -15.1897  -15.1694  -15.0919  -12.0770  -11.2556  -11.0986  -11.0383  -10.7658  -10.7355  -10.4576  -10.4378  -10.3688  -10.2984   -9.8590   -9.8573   -6.1959   -5.9140   -5.4063   -5.2344   -4.8324   -4.6042   -4.1275   -3.6466   -3.5226   -3.4013   -3.2527   -3.1047   -3.0426   -2.7606   -2.6648   -2.6351   -2.5932   -2.2779   -2.2300   -2.1566   -2.0493   -1.9156   -1.8815   -1.7619   -1.6974   -1.6782   -1.6426   -1.5790   -1.4457   -1.4287   -1.3831   -1.3369   -0.9741   -0.9032   -0.6109   -0.4966    1.7498    2.0179    2.1451    2.4079    2.6381    2.7144    2.7407    2.8055    2.9179    2.9992    3.0526    3.0681    3.1283    3.1691    3.1856    3.3396    3.4845    3.5947    3.8878    4.0016    4.0523    4.1709    4.1843    4.3860    4.4448    4.5340    4.6043    4.6435    4.8047    4.8976    4.9885    5.0919
  3.1940  -44.8733  -44.8719  -44.0468  -44.0439  -44.0310  -44.0306  -33.0788  -33.0787  -33.0731  -33.0730  -32.9788  -32.9654  -24.5048  -24.4703  -24.4626  -24.4519  -24.3463  -24.3410  -23.7406  -23.7400  -23.6958  -23.6933  -23.6426  -23.6307  -23.6175  -23.5809  -23.5786  -23.5730  -23.5706  -23.5579  -15.4521  -15.4454  -15.4377  -15.4373  -15.3600  -15.3598  -15.3442  -15.3409  -15.3137  -15.3101  -15.2490  -15.2427  -15.2423  -15.2221  -15.1907  -15.1898  -15.1694  -15.0919  -12.0719  -11.2226  -11.0914  -11.0691  -10.7738  -10.7403  -10.4436  -10.4115  -10.4060  -10.3050   -9.8619   -9.8611   -6.1945   -5.8931   -5.3878   -5.1820   -4.8532   -4.6536   -4.1358   -3.6314   -3.5077   -3.4152   -3.2642   -3.1030   -3.0336   -2.7892   -2.6483   -2.6472   -2.6002   -2.2773   -2.2126   -2.1823   -2.0315   -1.9365   -1.8627   -1.7646   -1.6961   -1.6894   -1.6357   -1.5989   -1.4438   -1.4369   -1.3820   -1.3378   -0.9685   -0.8961   -0.6075   -0.5021    1.7394    2.0631    2.0938    2.3988    2.6623    2.7072    2.7406    2.7793    2.9162    2.9797    3.0512    3.1044    3.1364    3.1756    3.1939    3.2830    3.4861    3.5786    3.9023    4.0160    4.0428    4.1719    4.1895    4.3885    4.4872    4.5340    4.6438    4.6920    4.8512    4.8890    4.9582    5.0797
