#K-Path     Band-1    Band-2    Band-3    Band-4      ...     Band-n
  0.0000  -44.8737  -44.8716  -44.0469  -44.0438  -44.0310  -44.0306  -33.0797  -33.0796  -33.0722  -33.0721  -32.9788  -32.9654  -24.5088  -24.4662  -24.4595  -24.4550  -24.3454  -24.3420  -23.7408  -23.7402  -23.6961  -23.6936  -23.6463  -23.6271  -23.6173  -23.5806  -23.5800  -23.5727  -23.5701  -23.5579  -15.4758  -15.4733  -15.4001  -15.3990  -15.3532  -15.3520  -15.3512  -15.3388  -15.2977  -15.2930  -15.2649  -15.2572  -15.2479  -15.2195  -15.1889  -15.1882  -15.1681  -15.0923  -12.2058  -11.4295  -11.4002  -10.7932  -10.6762  -10.5680  -10.5374  -10.4471  -10.2220  -10.1897   -9.7822   -9.7787   -6.3774   -6.2922   -5.7150   -5.6401   -4.8015   -3.7970   -3.7372   -3.6739   -3.6539   -3.5183   -3.4993   -3.1159   -3.0006   -2.9935   -2.8764   -2.4982   -2.4805   -2.3698   -2.1885   -1.9596   -1.9404   -1.9043   -1.8543   -1.8198   -1.5987   -1.5334   -1.4725   -1.4485   -1.3110   -1.2468   -1.2065   -1.1886   -1.0824   -0.8459   -0.5040   -0.2275    1.4014    1.8874    1.9639    2.2282    2.2849    2.5419    2.7952    2.8737    2.9928    3.0555    3.1194    3.1346    3.1728    3.1783    3.2566    3.4222    3.4503    3.4953    3.6622    3.8710    4.0028    4.0072    4.0565    4.2944    4.3122    4.3698    4.4329    4.6136    4.7170    4.8269    4.9245    5.0836
  0.0515  -44.8737  -44.8716  -44.0469  -44.0438  -44.0310  -44.0306  -33.0797  -33.0796  -33.0722  -33.0721  -32.9788  -32.9654  -24.5088  -24.4662  -24.4595  -24.4550  -24.3454  -24.3420  -23.7408  -23.7402  -23.6961  -23.6936  -23.6463  -23.6271  -23.6173  -23.5809  -23.5797  -23.5728  -23.5701  -23.5579  -15.4757  -15.4734  -15.4001  -15.3990  -15.3532  -15.3515  -15.3513  -15.3393  -15.2976  -15.2932  -15.2646  -15.2575  -15.2478  -15.2196  -15.1889  -15.1882  -15.1681  -15.0923  -12.2045  -11.4804  -11.3427  -10.8022  -10.6847  -10.5583  -10.5373  -10.4472  -10.2226  -10.1892   -9.7821   -9.7787   -6.3742   -6.2956   -5.7230   -5.6331   -4.7877   -3.7942   -3.7769   -3.7031   -3.6667   -3.4831   -3.4663   -3.1327   -3.0185   -2.9611   -2.8879   -2.5283   -2.4714   -2.3177   -2.1895   -1.9436   -1.9397   -1.9032   -1.8761   -1.8029   -1.6051   -1.5468   -1.4602   -1.4376   -1.3439   -1.2279   -1.2144   -1.1836   -1.0764   -0.8822   -0.5050   -0.2271    1.4304    1.9119    1.9590    2.2140    2.2856    2.5415    2.7852    2.8597    2.8906    3.0611    3.1170    3.1341    3.1827    3.2357    3.3034    3.3970    3.4839    3.5142    3.6677    3.8542    3.9865    4.0264    4.0847    4.2766    4.3057    4.3606    4.4970    4.5688    4.6647    4.7426    4.8614    4.9525
  0.1030  -44.8737  -44.8716  -44.0469  -44.0438  -44.0310  -44.0306  -33.0797  -33.0796  -33.0722  -33.0721  -32.9788  -32.9654  -24.5088  -24.4662  -24.4595  -24.4550  -24.3454  -24.3420  -23.7408  -23.7402  -23.6961  -23.6935  -23.6463  -23.6271  -23.6173  -23.5814  -23.5792  -23.5728  -23.5701  -23.5579  -15.4756  -15.4736  -15.4001  -15.3990  -15.3530  -15.3514  -15.3502  -15.3408  -15.2971  -15.2937  -15.2639  -15.2581  -15.2475  -15.2197  -15.1888  -15.1881  -15.1682  -15.0923  -12.2013  -11.5310  -11.2740  -10.8281  -10.6983  -10.5401  -10.5373  -10.4472  -10.2240  -10.1881   -9.7821   -9.7787   -6.3653   -6.3051   -5.7384   -5.6202   -4.7516   -3.8824   -3.7861   -3.7127   -3.6936   -3.4485   -3.3924   -3.1699   -3.0292   -2.9167   -2.9159   -2.5732   -2.4503   -2.2233   -2.1909   -1.9477   -1.9414   -1.8983   -1.8506   -1.7837   -1.6209   -1.5685   -1.4423   -1.4207   -1.3941   -1.2318   -1.2134   -1.1668   -1.0635   -0.9754   -0.5074   -0.2260    1.5026    1.9470    1.9833    2.1759    2.2914    2.5393    2.6459    2.8078    2.9278    2.9903    3.1155    3.1495    3.1958    3.3020    3.3666    3.4096    3.5429    3.5697    3.6736    3.8401    3.9870    4.0297    4.1066    4.1505    4.3228    4.3642    4.4240    4.5803    4.6436    4.7743    4.8486    4.9930
  0.1544  -44.8737  -44.8716  -44.0469  -44.0438  -44.0310  -44.0306  -33.0797  -33.0796  -33.0722  -33.0721  -32.9788  -32.9654  -24.5088  -24.4662  -24.4595  -24.4550  -24.3454  -24.3420  -23.7408  -23.7402  -23.6961  -23.6935  -23.6463  -23.6271  -23.6173  -23.5816  -23.5788  -23.5729  -23.5702  -23.5579  -15.4753  -15.4739  -15.4001  -15.3991  -15.3528  -15.3516  -15.3483  -15.3429  -15.2964  -15.2944  -15.2630  -15.2590  -15.2472  -15.2198  -15.1888  -15.1879  -15.1683  -15.0924  -12.1981  -11.5642  -11.2182  -10.8601  -10.7062  -10.5372  -10.5259  -10.4473  -10.2253  -10.1870   -9.7821   -9.7787   -6.3518   -6.3192   -5.7507   -5.6103   -4.7102   -3.9762   -3.7734   -3.7209   -3.7155   -3.4164   -3.3352   -3.2095   -3.0345   -2.9447   -2.8755   -2.6103   -2.4303   -2.1903   -2.1378   -1.9934   -1.9458   -1.8926   -1.7726   -1.7419   -1.6369   -1.5831   -1.4510   -1.4474   -1.4131   -1.2269   -1.2096   -1.1489   -1.0853   -1.0527   -0.5097   -0.2246    1.5799    1.9349    2.0931    2.1342    2.2976    2.4612    2.5370    2.8089    2.9358    2.9650    3.1040    3.1511    3.1998    3.3489    3.3632    3.4988    3.5616    3.6736    3.6823    3.8288    3.9774    3.9908    4.0589    4.1581    4.3120    4.3656    4.4283    4.4874    4.5104    4.5596    4.7539    4.9189
  0.2059  -44.8737  -44.8716  -44.0469  -44.0438  -44.0310  -44.0306  -33.0797  -33.0796  -33.0722  -33.0721  -32.9788  -32.9654  -24.5088  -24.4662  -24.4595  -24.4550  -24.3454  -24.3420  -23.7408  -23.7402  -23.6961  -23.6935  -23.6462  -23.6271  -23.6173  -23.5817  -23.5787  -23.5729  -23.5702  -23.5579  -15.4752  -15.4740  -15.4001  -15.3991  -15.3527  -15.3517  -15.3466  -15.3447  -15.2959  -15.2950  -15.2625  -15.2594  -15.2471  -15.2199  -15.1887  -15.1879  -15.1683  -15.0924  -12.1967  -11.5757  -11.1953  -10.8757  -10.7086  -10.5372  -10.5207  -10.4474  -10.2258  -10.1866   -9.7821   -9.7788   -6.3357   -6.3355   -5.7552   -5.6068   -4.6909   -4.0141   -3.7629   -3.7366   -3.7163   -3.4031   -3.3082   -3.2317   -3.0360   -2.9570   -2.8571   -2.6263   -2.4223   -2.1895   -2.0910   -2.0283   -1.9480   -1.8905   -1.7652   -1.6713   -1.6275   -1.5874   -1.5075   -1.4652   -1.4103   -1.2089   -1.1807   -1.1676   -1.1418   -1.0488   -0.5107   -0.2240    1.6144    1.9298    2.1150    2.1867    2.2997    2.3415    2.5364    2.8119    2.9146    2.9845    3.0894    3.1511    3.2023    3.3666    3.3690    3.5326    3.5673    3.6731    3.7629    3.8404    3.8559    3.9912    4.0721    4.2338    4.3012    4.3085    4.4177    4.4418    4.4914    4.5091    4.8874    4.9343
  0.2059  -44.8733  -44.8719  -44.0468  -44.0439  -44.0310  -44.0306  -33.0788  -33.0787  -33.0731  -33.0730  -32.9788  -32.9654  -24.5048  -24.4703  -24.4626  -24.4519  -24.3463  -24.3410  -23.7406  -23.7400  -23.6958  -23.6933  -23.6426  -23.6307  -23.6175  -23.5806  -23.5790  -23.5730  -23.5707  -23.5579  -15.4523  -15.4450  -15.4378  -15.4373  -15.3609  -15.3587  -15.3475  -15.3374  -15.3195  -15.3040  -15.2498  -15.2429  -15.2421  -15.2220  -15.1916  -15.1899  -15.1688  -15.0919  -12.0726  -11.2392  -11.0632  -11.0539  -10.8075  -10.7325  -10.5085  -10.3715  -10.3524  -10.3347   -9.8650   -9.8569   -6.1714   -5.9264   -5.4002   -5.1512   -4.8602   -4.6565   -4.1644   -3.6276   -3.5401   -3.2460   -3.1310   -3.0837   -3.0611   -3.0358   -2.7503   -2.6964   -2.5542   -2.3655   -2.1044   -2.0878   -2.0450   -1.9093   -1.7721   -1.7505   -1.7312   -1.7024   -1.6895   -1.5446   -1.5027   -1.4582   -1.3408   -1.1461   -1.1190   -1.0060   -0.6128   -0.4934    1.7884    2.0705    2.1130    2.4350    2.6442    2.7132    2.7208    2.8005    2.8063    2.8781    2.9477    3.0717    3.1142    3.4580    3.4816    3.5050    3.5277    3.7228    3.7479    3.7863    3.8173    4.1192    4.2799    4.3377    4.3454    4.5138    4.5442    4.6946    4.8281    4.8712    4.9492    5.0515
  0.2680  -44.8734  -44.8719  -44.0468  -44.0439  -44.0310  -44.0306  -33.0788  -33.0787  -33.0731  -33.0730  -32.9788  -32.9654  -24.5050  -24.4701  -24.4625  -24.4520  -24.3463  -24.3411  -23.7406  -23.7400  -23.6958  -23.6933  -23.6429  -23.6305  -23.6175  -23.5806  -23.5790  -23.5730  -23.5706  -23.5579  -15.4556  -15.4499  -15.4338  -15.4319  -15.3607  -15.3584  -15.3476  -15.3374  -15.3185  -15.3036  -15.2507  -15.2429  -15.2428  -15.2218  -15.1915  -15.1898  -15.1688  -15.0919  -12.0797  -11.2503  -11.1366  -10.9859  -10.7925  -10.7262  -10.5130  -10.3855  -10.3609  -10.3030   -9.8605   -9.8528   -6.1737   -5.9511   -5.4215   -5.2273   -4.8477   -4.5716   -4.1515   -3.6428   -3.5448   -3.2547   -3.1488   -3.0917   -3.0510   -3.0158   -2.7126   -2.6795   -2.5727   -2.3415   -2.1497   -2.0608   -2.0538   -1.9198   -1.8229   -1.7363   -1.6937   -1.6904   -1.6602   -1.5422   -1.5061   -1.4614   -1.3352   -1.1477   -1.1438   -0.9864   -0.6154   -0.4875    1.8063    2.0169    2.1723    2.4164    2.6593    2.6614    2.7189    2.8068    2.8320    2.8824    2.9782    3.0703    3.1587    3.4214    3.4687    3.4793    3.5552    3.6280    3.7597    3.8265    3.8624    4.1006    4.2759    4.3302    4.3868    4.4875    4.6296    4.7470    4.8035    4.8395    4.9805    5.0687
  0.3302  -44.8734  -44.8719  -44.0469  -44.0439  -44.0310  -44.0306  -33.0790  -33.0789  -33.0729  -33.0728  -32.9788  -32.9654  -24.5056  -24.4695  -24.4622  -24.4523  -24.3462  -24.3412  -23.7406  -23.7400  -23.6958  -23.6933  -23.6435  -23.6299  -23.6174  -23.5806  -23.5792  -23.5729  -23.5705  -23.5579  -15.4611  -15.4566  -15.4262  -15.4238  -15.3601  -15.3576  -15.3479  -15.3374  -15.3159  -15.3025  -15.2529  -15.2447  -15.2431  -15.2214  -15.1912  -15.1895  -15.1687  -15.0919  -12.0992  -11.2785  -11.2137  -10.9240  -10.7535  -10.7095  -10.5222  -10.4225  -10.3348  -10.2683   -9.8478   -9.8413   -6.1817   -6.0196   -5.4699   -5.3710   -4.8242   -4.3996   -4.1140   -3.6783   -3.5500   -3.2791   -3.2090   -3.1019   -3.0350   -2.9429   -2.7360   -2.6153   -2.5415   -2.3134   -2.1895   -2.0491   -2.0357   -1.9591   -1.8523   -1.7177   -1.6668   -1.6579   -1.6056   -1.5461   -1.5151   -1.4601   -1.3254   -1.1878   -1.1522   -0.9497   -0.6159   -0.4645    1.8520    1.9496    2.2328    2.3602    2.6350    2.6936    2.7109    2.8272    2.8325    2.8877    3.0359    3.0549    3.2568    3.3551    3.3966    3.4791    3.4973    3.5666    3.7921    3.8407    3.9026    4.0625    4.2694    4.3154    4.3278    4.4463    4.4925    4.6511    4.7627    4.7765    4.9163    5.0216
  0.3923  -44.8735  -44.8718  -44.0469  -44.0439  -44.0310  -44.0306  -33.0792  -33.0791  -33.0727  -33.0726  -32.9788  -32.9654  -24.5064  -24.4686  -24.4617  -24.4528  -24.3460  -24.3414  -23.7407  -23.7401  -23.6959  -23.6934  -23.6443  -23.6291  -23.6174  -23.5806  -23.5794  -23.5729  -23.5704  -23.5579  -15.4663  -15.4624  -15.4182  -15.4159  -15.3590  -15.3563  -15.3484  -15.3376  -15.3119  -15.3006  -15.2558  -15.2475  -15.2438  -15.2208  -15.1907  -15.1892  -15.1686  -15.0920  -12.1268  -11.3139  -11.2849  -10.8751  -10.7024  -10.6896  -10.5302  -10.4495  -10.3025  -10.2396   -9.8299   -9.8255   -6.1985   -6.1153   -5.5231   -5.5064   -4.8075   -4.2126   -4.0568   -3.7119   -3.5507   -3.3161   -3.2950   -3.1084   -3.0193   -2.8495   -2.7684   -2.6728   -2.4349   -2.3395   -2.1448   -2.0453   -1.9954   -1.9689   -1.8226   -1.7139   -1.6332   -1.6283   -1.6178   -1.5550   -1.4918   -1.4457   -1.3288   -1.2117   -1.1591   -0.9131   -0.6012   -0.4181    1.8760    1.9066    2.1569    2.3935    2.6495    2.7110    2.7126    2.7844    2.8535    2.8861    3.0138    3.0939    3.2510    3.3049    3.3084    3.5000    3.5050    3.5719    3.7341    3.8405    3.9432    4.0847    4.2576    4.2676    4.3736    4.4586    4.5005    4.6193    4.6799    4.7491    4.9074    5.0454
  0.4544  -44.8736  -44.8717  -44.0469  -44.0439  -44.0310  -44.0306  -33.0794  -33.0793  -33.0725  -33.0724  -32.9788  -32.9654  -24.5073  -24.4677  -24.4610  -24.4535  -24.3458  -24.3416  -23.7407  -23.7401  -23.6960  -23.6934  -23.6450  -23.6283  -23.6174  -23.5806  -23.5796  -23.5728  -23.5703  -23.5579  -15.4704  -15.4671  -15.4109  -15.4089  -15.3575  -15.3546  -15.3492  -15.3378  -15.3072  -15.2983  -15.2590  -15.2508  -15.2450  -15.2203  -15.1900  -15.1888  -15.1684  -15.0921  -12.1563  -11.3482  -11.3452  -10.8385  -10.6763  -10.6506  -10.5351  -10.4608  -10.2711  -10.2175   -9.8106   -9.8088   -6.2251   -6.2159   -5.6084   -5.5704   -4.8009   -4.0331   -3.9883   -3.7280   -3.5584   -3.3836   -3.3615   -3.1116   -3.0037   -2.8811   -2.7430   -2.6703   -2.4255   -2.3955   -2.0975   -2.0473   -1.9409   -1.9202   -1.7313   -1.7182   -1.6866   -1.6004   -1.5957   -1.5346   -1.4370   -1.4228   -1.3357   -1.2097   -1.1658   -0.8826   -0.5695   -0.3541    1.7744    1.9498    2.0293    2.4244    2.6314    2.6430    2.7034    2.7910    2.8544    2.8940    3.0081    3.1182    3.2056    3.2596    3.2891    3.5084    3.5402    3.5587    3.7069    3.7851    3.9397    4.0704    4.1998    4.2536    4.3855    4.4521    4.4878    4.5799    4.6215    4.6778    4.7389    4.9402
  0.5166  -44.8736  -44.8716  -44.0469  -44.0439  -44.0310  -44.0306  -33.0795  -33.0794  -33.0724  -33.0723  -32.9788  -32.9654  -24.5081  -24.4669  -24.4603  -24.4542  -24.3456  -24.3418  -23.7408  -23.7401  -23.6960  -23.6935  -23.6457  -23.6277  -23.6173  -23.5806  -23.5798  -23.5728  -23.5702  -23.5579  -15.4734  -15.4705  -15.4051  -15.4036  -15.3559  -15.3530  -15.3501  -15.3382  -15.3026  -15.2958  -15.2619  -15.2539  -15.2464  -15.2199  -15.1895  -15.1885  -15.1682  -15.0922  -12.1822  -11.3911  -11.3760  -10.8130  -10.6732  -10.6069  -10.5371  -10.4580  -10.2451  -10.2019   -9.7947   -9.7938   -6.3013   -6.2566   -5.6725   -5.6077   -4.8001   -3.9159   -3.8708   -3.7241   -3.5906   -3.4548   -3.4122   -3.1134   -2.9919   -2.9398   -2.8151   -2.5462   -2.4485   -2.4355   -2.1452   -1.9961   -1.9271   -1.8912   -1.7702   -1.7642   -1.6201   -1.5804   -1.5149   -1.4917   -1.3637   -1.3527   -1.3236   -1.2021   -1.1647   -0.8613   -0.5345   -0.2900    1.6217    1.9416    1.9698    2.3456    2.4823    2.5822    2.7948    2.8317    2.8433    2.9308    3.0571    3.1280    3.2054    3.2165    3.2933    3.4492    3.5129    3.5634    3.6794    3.8133    3.9282    4.0543    4.1685    4.2965    4.3707    4.4432    4.5118    4.5525    4.6551    4.7004    4.7850    5.0103
  0.5787  -44.8737  -44.8716  -44.0469  -44.0438  -44.0310  -44.0306  -33.0796  -33.0795  -33.0722  -33.0722  -32.9788  -32.9654  -24.5086  -24.4664  -24.4597  -24.4547  -24.3454  -24.3420  -23.7408  -23.7402  -23.6961  -23.6935  -23.6461  -23.6273  -23.6173  -23.5806  -23.5800  -23.5727  -23.5701  -23.5579  -15.4752  -15.4726  -15.4014  -15.4002  -15.3543  -15.3517  -15.3511  -15.3386  -15.2991  -15.2938  -15.2641  -15.2563  -15.2475  -15.2196  -15.1891  -15.1883  -15.1681  -15.0922  -12.1997  -11.4198  -11.3940  -10.7981  -10.6750  -10.5780  -10.5375  -10.4506  -10.2280  -10.1927   -9.7854   -9.7826   -6.3577   -6.2823   -5.7053   -5.6317   -4.8010   -3.8448   -3.7379   -3.7169   -3.6392   -3.5002   -3.4655   -3.1150   -2.9936   -2.9798   -2.8635   -2.4851   -2.4847   -2.4045   -2.1772   -1.9688   -1.9201   -1.9142   -1.8264   -1.8061   -1.5980   -1.5486   -1.4830   -1.4558   -1.3173   -1.2696   -1.2445   -1.1964   -1.1261   -0.8494   -0.5111   -0.2439    1.4673    1.8996    1.9688    2.2598    2.3391    2.5538    2.8061    2.8551    2.9562    2.9732    3.1121    3.1389    3.1848    3.1971    3.2805    3.4141    3.4823    3.5230    3.6402    3.8876    3.9459    4.0669    4.0763    4.2951    4.3635    4.3815    4.4322    4.5045    4.7077    4.8002    4.9154    4.9822
  0.6408  -44.8737  -44.8716  -44.0469  -44.0438  -44.0310  -44.0306  -33.0797  -33.0796  -33.0722  -33.0721  -32.9788  -32.9654  -24.5088  -24.4662  -24.4595  -24.4550  -24.3454  -24.3420  -23.7408  -23.7402  -23.6961  -23.6936  -23.6463  -23.6271  -23.6173  -23.5806  -23.5800  -23.5727  -23.5701  -23.5579  -15.4758  -15.4733  -15.4001  -15.3990  -15.3532  -15.3520  -15.3512  -15.3388  -15.2977  -15.2930  -15.2649  -15.2572  -15.2479  -15.2195  -15.1889  -15.1882  -15.1681  -15.0923  -12.2058  -11.4295  -11.4002  -10.7932  -10.6762  -10.5680  -10.5374  -10.4471  -10.2220  -10.1897   -9.7822   -9.7787   -6.3774   -6.2922   -5.7150   -5.6401   -4.8015   -3.7970   -3.7372   -3.6739   -3.6539   -3.5183   -3.4993   -3.1159   -3.0006   -2.9935   -2.8764   -2.4982   -2.4805   -2.3698   -2.1885   -1.9596   -1.9404   -1.9043   -1.8543   -1.8198   -1.5987   -1.5334   -1.4725   -1.4485   -1.3110   -1.2468   -1.2065   -1.1886   -1.0824   -0.8459   -0.5040   -0.2275    1.4014    1.8874    1.9639    2.2282    2.2849    2.5419    2.7952    2.8737    2.9928    3.0551    3.1193    3.1347    3.1729    3.1781    3.2566    3.4222    3.4503    3.4952    3.6626    3.8627    4.0032    4.0096    4.0654    4.2886    4.3152    4.4016    4.4621    4.5435    4.7007    4.7658    4.9209    5.0910
  0.6408  -44.8737  -44.8716  -44.0469  -44.0438  -44.0310  -44.0306  -33.0797  -33.0796  -33.0722  -33.0721  -32.9788  -32.9654  -24.5088  -24.4662  -24.4595  -24.4550  -24.3454  -24.3420  -23.7408  -23.7402  -23.6961  -23.6936  -23.6463  -23.6271  -23.6173  -23.5806  -23.5800  -23.5727  -23.5701  -23.5579  -15.4758  -15.4733  -15.4001  -15.3990  -15.3532  -15.3520  -15.3512  -15.3388  -15.2977  -15.2930  -15.2649  -15.2572  -15.2479  -15.2195  -15.1889  -15.1882  -15.1681  -15.0923  -12.2058  -11.4295  -11.4002  -10.7932  -10.6762  -10.5680  -10.5374  -10.4471  -10.2220  -10.1897   -9.7822   -9.7787   -6.3774   -6.2922   -5.7150   -5.6401   -4.8015   -3.7970   -3.7372   -3.6739   -3.6539   -3.5183   -3.4993   -3.1159   -3.0006   -2.9935   -2.8764   -2.4982   -2.4805   -2.3698   -2.1885   -1.9596   -1.9404   -1.9043   -1.8543   -1.8198   -1.5987   -1.5334   -1.4725   -1.4485   -1.3110   -1.2468   -1.2065   -1.1886   -1.0824   -0.8459   -0.5040   -0.2275    1.4014    1.8874    1.9639    2.2282    2.2849    2.5419    2.7952    2.8737    2.9928    3.0552    3.1194    3.1346    3.1730    3.1778    3.2560    3.4222    3.4503    3.4947    3.6622    3.8559    4.0021    4.0100    4.0868    4.2930    4.3072    4.3891    4.4374    4.5458    4.7788    4.8235    4.9534    5.0712
  0.6972  -44.8737  -44.8716  -44.0469  -44.0439  -44.0310  -44.0306  -33.0796  -33.0795  -33.0723  -33.0722  -32.9788  -32.9654  -24.5087  -24.4663  -24.4595  -24.4549  -24.3454  -24.3420  -23.7408  -23.7402  -23.6961  -23.6936  -23.6462  -23.6280  -23.6162  -23.5806  -23.5800  -23.5729  -23.5700  -23.5580  -15.4759  -15.4735  -15.4022  -15.4011  -15.3520  -15.3511  -15.3494  -15.3386  -15.2978  -15.2931  -15.2652  -15.2578  -15.2483  -15.2203  -15.1884  -15.1882  -15.1681  -15.0923  -12.1994  -11.4235  -11.3929  -10.7990  -10.6764  -10.5673  -10.5377  -10.4492  -10.2211  -10.1896   -9.8009   -9.7862   -6.3593   -6.2738   -5.7214   -5.6345   -4.7850   -3.8007   -3.7421   -3.6886   -3.6436   -3.5257   -3.4807   -3.0906   -3.0362   -2.9730   -2.8795   -2.5236   -2.5120   -2.3662   -2.1783   -1.9728   -1.9361   -1.8913   -1.8559   -1.7799   -1.5912   -1.5389   -1.4782   -1.4473   -1.3305   -1.2311   -1.2259   -1.1970   -1.0904   -0.8589   -0.5269   -0.2717    1.4337    1.8926    1.9689    2.2406    2.2874    2.5535    2.7911    2.8781    2.9354    3.0104    3.0900    3.1254    3.2090    3.2523    3.2926    3.4008    3.4553    3.5169    3.6754    3.8926    3.9602    3.9893    4.0300    4.2534    4.2634    4.4157    4.4447    4.5692    4.7193    4.8351    4.9142    5.0379
  0.7537  -44.8737  -44.8716  -44.0468  -44.0439  -44.0310  -44.0306  -33.0795  -33.0794  -33.0724  -33.0723  -32.9787  -32.9654  -24.5086  -24.4665  -24.4597  -24.4547  -24.3454  -24.3420  -23.7408  -23.7401  -23.6961  -23.6935  -23.6462  -23.6300  -23.6136  -23.5806  -23.5800  -23.5735  -23.5698  -23.5583  -15.4762  -15.4739  -15.4076  -15.4064  -15.3509  -15.3468  -15.3449  -15.3380  -15.2979  -15.2935  -15.2659  -15.2596  -15.2492  -15.2225  -15.1882  -15.1868  -15.1684  -15.0922  -12.1805  -11.4054  -11.3720  -10.8174  -10.6737  -10.5687  -10.5372  -10.4553  -10.2185  -10.1897   -9.8453   -9.8167   -6.3071   -6.2203   -5.7349   -5.6217   -4.7386   -3.8366   -3.7599   -3.6887   -3.6219   -3.5375   -3.4350   -3.0839   -3.0205   -2.9740   -2.8783   -2.6050   -2.5626   -2.3678   -2.1715   -2.0106   -1.9021   -1.8694   -1.8387   -1.7107   -1.5737   -1.5533   -1.4937   -1.4450   -1.3585   -1.2903   -1.2376   -1.1988   -1.0938   -0.8959   -0.5871   -0.3830    1.5126    1.9092    1.9799    2.2699    2.2934    2.5618    2.7696    2.7927    2.8891    2.9895    3.1073    3.1278    3.2481    3.3041    3.3745    3.3932    3.4603    3.5699    3.6905    3.8348    3.8768    3.9286    4.0529    4.1764    4.2484    4.3967    4.5173    4.6722    4.7650    4.8312    4.9673    5.0506
  0.8101  -44.8737  -44.8716  -44.0467  -44.0440  -44.0310  -44.0306  -33.0792  -33.0791  -33.0727  -33.0726  -32.9787  -32.9654  -24.5083  -24.4668  -24.4599  -24.4544  -24.3455  -24.3419  -23.7408  -23.7401  -23.6961  -23.6936  -23.6460  -23.6323  -23.6104  -23.5807  -23.5800  -23.5745  -23.5694  -23.5588  -15.4767  -15.4744  -15.4147  -15.4133  -15.3494  -15.3415  -15.3396  -15.3368  -15.2980  -15.2939  -15.2671  -15.2620  -15.2506  -15.2255  -15.1881  -15.1848  -15.1688  -15.0922  -12.1504  -11.3754  -11.3399  -10.8470  -10.6642  -10.5778  -10.5341  -10.4648  -10.2149  -10.1910   -9.9086   -9.8670   -6.2269   -6.1372   -5.7477   -5.6052   -4.6706   -3.9159   -3.7826   -3.6596   -3.6310   -3.4996   -3.3758   -3.1116   -3.0172   -2.9330   -2.8547   -2.6980   -2.6229   -2.3877   -2.1818   -2.0597   -1.8784   -1.8323   -1.8234   -1.6591   -1.5871   -1.5366   -1.5131   -1.4495   -1.3797   -1.3602   -1.2733   -1.2115   -1.0655   -0.9544   -0.6649   -0.5200    1.6062    1.9396    1.9897    2.2819    2.3059    2.5058    2.7059    2.7209    2.8674    3.0580    3.1155    3.1431    3.2542    3.3504    3.3876    3.4186    3.5149    3.6353    3.6802    3.7899    3.8224    3.9160    4.1024    4.1337    4.2593    4.4467    4.5016    4.6257    4.7461    4.8711    4.9532    5.0722
  0.8665  -44.8736  -44.8717  -44.0466  -44.0442  -44.0310  -44.0306  -33.0788  -33.0787  -33.0731  -33.0730  -32.9787  -32.9655  -24.5080  -24.4673  -24.4601  -24.4541  -24.3456  -24.3418  -23.7408  -23.7401  -23.6961  -23.6936  -23.6459  -23.6345  -23.6069  -23.5807  -23.5800  -23.5758  -23.5689  -23.5594  -15.4773  -15.4751  -15.4223  -15.4208  -15.3475  -15.3370  -15.3363  -15.3331  -15.2977  -15.2942  -15.2685  -15.2646  -15.2522  -15.2290  -15.1879  -15.1827  -15.1692  -15.0921  -12.1112  -11.3361  -11.2992  -10.8812  -10.6491  -10.5960  -10.5317  -10.4756  -10.2118  -10.1957   -9.9820   -9.9300   -6.1282   -6.0344   -5.7522   -5.5847   -4.5946   -4.0205   -3.7932   -3.6703   -3.6270   -3.4110   -3.3132   -3.1287   -3.0334   -2.9169   -2.7934   -2.7665   -2.6760   -2.4195   -2.2342   -2.0854   -1.9257   -1.8577   -1.7650   -1.6556   -1.6196   -1.5365   -1.5138   -1.4604   -1.3894   -1.3784   -1.2922   -1.2233   -1.0335   -1.0236   -0.7436   -0.6516    1.6936    1.9834    1.9962    2.2275    2.3209    2.4397    2.6647    2.6697    2.8560    3.0902    3.1163    3.1945    3.2481    3.3308    3.3668    3.4925    3.5851    3.6297    3.7215    3.8001    3.8409    3.9153    4.0846    4.2270    4.2596    4.4429    4.5039    4.6523    4.7758    4.8452    4.9568    5.0658
  0.9229  -44.8736  -44.8717  -44.0464  -44.0444  -44.0310  -44.0306  -33.0784  -33.0783  -33.0735  -33.0734  -32.9786  -32.9655  -24.5076  -24.4677  -24.4602  -24.4538  -24.3457  -24.3417  -23.7407  -23.7401  -23.6961  -23.6936  -23.6456  -23.6365  -23.6033  -23.5808  -23.5802  -23.5774  -23.5682  -23.5602  -15.4781  -15.4758  -15.4296  -15.4280  -15.3451  -15.3353  -15.3326  -15.3290  -15.2971  -15.2940  -15.2700  -15.2670  -15.2538  -15.2327  -15.1878  -15.1809  -15.1697  -15.0920  -12.0661  -11.2970  -11.2497  -10.9088  -10.6398  -10.6175  -10.5345  -10.4823  -10.2127  -10.2075  -10.0525   -9.9963   -6.0282   -5.9254   -5.7354   -5.5602   -4.5268   -4.1378   -3.7836   -3.7029   -3.6059   -3.3182   -3.2653   -3.1416   -3.0057   -2.9310   -2.8425   -2.7213   -2.6862   -2.4409   -2.3309   -2.1006   -2.0329   -1.9069   -1.7332   -1.6658   -1.6606   -1.5747   -1.5155   -1.4471   -1.3760   -1.3640   -1.3003   -1.2074   -1.1083   -0.9954   -0.8274   -0.7531    1.7667    1.9954    2.0168    2.1508    2.3238    2.4316    2.6245    2.6478    2.8456    3.0670    3.0906    3.1682    3.2872    3.3124    3.3843    3.5456    3.5990    3.6667    3.7588    3.8231    3.8685    3.9485    4.0940    4.2472    4.3631    4.4593    4.5341    4.5950    4.7272    4.8008    4.9931    5.0658
  0.9793  -44.8736  -44.8717  -44.0462  -44.0446  -44.0310  -44.0306  -33.0779  -33.0778  -33.0740  -33.0739  -32.9786  -32.9656  -24.5073  -24.4682  -24.4604  -24.4536  -24.3458  -24.3417  -23.7407  -23.7401  -23.6961  -23.6936  -23.6453  -23.6382  -23.5997  -23.5815  -23.5805  -23.5785  -23.5673  -23.5611  -15.4788  -15.4765  -15.4360  -15.4344  -15.3425  -15.3337  -15.3303  -15.3265  -15.2960  -15.2931  -15.2712  -15.2689  -15.2553  -15.2360  -15.1876  -15.1794  -15.1702  -15.0919  -12.0195  -11.2744  -11.1877  -10.9166  -10.6710  -10.6222  -10.5372  -10.4809  -10.2373  -10.2181  -10.1046  -10.0534   -5.9580   -5.8179   -5.6817   -5.5339   -4.4813   -4.2572   -3.7488   -3.7221   -3.5941   -3.2731   -3.2484   -3.1257   -2.9535   -2.9312   -2.8649   -2.7282   -2.6596   -2.4542   -2.4114   -2.1874   -2.0910   -1.9694   -1.7437   -1.6883   -1.6696   -1.6115   -1.5166   -1.4385   -1.3662   -1.3503   -1.2914   -1.2290   -1.1253   -0.9835   -0.9136   -0.8133    1.8202    1.9550    1.9963    2.1920    2.3209    2.4491    2.6003    2.6479    2.8413    3.0112    3.0460    3.1163    3.2546    3.3292    3.4620    3.5542    3.5615    3.7400    3.7665    3.8499    3.9144    3.9946    4.0935    4.2784    4.3464    4.4653    4.5596    4.6212    4.6682    4.8738    4.9195    5.0695
  1.0358  -44.8735  -44.8717  -44.0459  -44.0449  -44.0310  -44.0306  -33.0773  -33.0772  -33.0746  -33.0745  -32.9785  -32.9656  -24.5070  -24.4686  -24.4604  -24.4534  -24.3458  -24.3416  -23.7407  -23.7401  -23.6961  -23.6936  -23.6449  -23.6396  -23.5961  -23.5836  -23.5806  -23.5789  -23.5664  -23.5621  -15.4794  -15.4770  -15.4410  -15.4395  -15.3400  -15.3320  -15.3295  -15.3258  -15.2946  -15.2919  -15.2721  -15.2703  -15.2566  -15.2388  -15.1874  -15.1783  -15.1706  -15.0918  -11.9773  -11.2731  -11.1170  -10.8986  -10.7191  -10.6477  -10.5253  -10.4743  -10.2745  -10.2400  -10.1323  -10.0892   -5.9298   -5.7114   -5.6073   -5.5101   -4.4609   -4.3654   -3.7284   -3.6931   -3.5918   -3.2972   -3.2106   -3.1232   -2.9558   -2.9003   -2.8295   -2.7199   -2.6767   -2.5118   -2.3883   -2.2618   -2.1416   -2.0281   -1.7720   -1.7014   -1.6699   -1.6377   -1.5189   -1.4352   -1.3688   -1.3374   -1.3006   -1.2864   -1.0954   -1.0006   -0.9494   -0.8517    1.8249    1.9180    1.9921    2.2848    2.3205    2.4741    2.5927    2.6612    2.8472    2.9488    3.0062    3.0697    3.2060    3.3225    3.5004    3.5280    3.5723    3.7012    3.8168    3.8992    3.9768    4.0383    4.0747    4.2158    4.3291    4.4649    4.5175    4.6353    4.6639    4.8302    4.9673    5.1044
  1.0922  -44.8735  -44.8718  -44.0457  -44.0451  -44.0310  -44.0306  -33.0768  -33.0767  -33.0752  -33.0751  -32.9785  -32.9656  -24.5069  -24.4688  -24.4605  -24.4533  -24.3459  -24.3416  -23.7407  -23.7401  -23.6961  -23.6936  -23.6445  -23.6407  -23.5927  -23.5863  -23.5806  -23.5790  -23.5653  -23.5632  -15.4797  -15.4773  -15.4441  -15.4429  -15.3379  -15.3301  -15.3296  -15.3266  -15.2935  -15.2907  -15.2723  -15.2712  -15.2575  -15.2407  -15.1873  -15.1776  -15.1709  -15.0917  -11.9472  -11.2823  -11.0489  -10.8716  -10.7592  -10.6932  -10.5074  -10.4670  -10.3031  -10.2697  -10.1429  -10.1049   -5.9221   -5.6252   -5.5497   -5.4948   -4.4586   -4.4426   -3.7199   -3.6556   -3.5840   -3.3122   -3.1912   -3.1197   -3.0154   -2.8654   -2.8413   -2.6912   -2.6542   -2.5304   -2.3840   -2.2686   -2.1830   -2.0847   -1.7846   -1.7378   -1.6530   -1.6414   -1.5211   -1.4292   -1.4082   -1.3428   -1.3324   -1.2977   -1.0664   -1.0183   -0.9500   -0.8777    1.7890    1.9354    1.9859    2.3244    2.3760    2.4891    2.6025    2.6643    2.8587    2.9017    2.9996    3.0307    3.1493    3.3029    3.4350    3.5648    3.6076    3.6652    3.8470    3.9529    4.0204    4.0370    4.0996    4.1206    4.3404    4.4251    4.5064    4.6329    4.7339    4.8710    4.9502    5.0095
  1.1486  -44.8735  -44.8718  -44.0454  -44.0453  -44.0310  -44.0306  -33.0764  -33.0763  -33.0755  -33.0754  -32.9785  -32.9656  -24.5068  -24.4689  -24.4605  -24.4533  -24.3459  -24.3416  -23.7407  -23.7401  -23.6961  -23.6936  -23.6443  -23.6411  -23.5894  -23.5893  -23.5806  -23.5790  -23.5644  -23.5641  -15.4798  -15.4774  -15.4452  -15.4441  -15.3370  -15.3299  -15.3286  -15.3278  -15.2931  -15.2903  -15.2722  -15.2718  -15.2578  -15.2414  -15.1873  -15.1774  -15.1710  -15.0917  -11.9361  -11.2875  -11.0142  -10.8683  -10.7556  -10.7315  -10.4992  -10.4635  -10.3127  -10.2844  -10.1453  -10.1090   -5.9207   -5.5899   -5.5287   -5.4910   -4.4760   -4.4552   -3.7124   -3.6533   -3.5693   -3.3153   -3.1887   -3.0840   -3.0804   -2.8626   -2.8500   -2.6667   -2.6398   -2.5341   -2.3852   -2.2607   -2.1951   -2.1127   -1.7846   -1.7581   -1.6450   -1.6365   -1.5194   -1.4517   -1.4081   -1.3714   -1.3279   -1.2962   -1.0470   -1.0316   -0.9458   -0.8889    1.7739    1.9468    1.9813    2.3279    2.4180    2.4929    2.6135    2.6541    2.8659    2.8842    3.0041    3.0266    3.1105    3.2926    3.4060    3.5774    3.6265    3.6552    3.8546    3.9623    4.0073    4.0582    4.0723    4.1185    4.3474    4.4832    4.5518    4.6501    4.8209    4.8365    4.9221    5.0407
  1.1486  -44.8735  -44.8718  -44.0454  -44.0453  -44.0310  -44.0306  -33.0764  -33.0763  -33.0755  -33.0754  -32.9785  -32.9656  -24.5068  -24.4689  -24.4605  -24.4533  -24.3459  -24.3416  -23.7407  -23.7400  -23.6961  -23.6935  -23.6443  -23.6411  -23.5894  -23.5894  -23.5809  -23.5786  -23.5644  -23.5642  -15.4793  -15.4780  -15.4449  -15.4444  -15.3368  -15.3316  -15.3276  -15.3270  -15.2944  -15.2893  -15.2727  -15.2712  -15.2580  -15.2411  -15.1875  -15.1775  -15.1708  -15.0916  -11.9351  -11.2969  -10.9829  -10.9084  -10.7676  -10.6688  -10.5636  -10.4111  -10.3584  -10.2575  -10.1482  -10.1090   -5.9212   -5.5745   -5.5385   -5.4926   -4.5287   -4.3860   -3.7591   -3.6812   -3.5459   -3.2763   -3.2508   -3.1765   -2.9914   -2.8673   -2.8109   -2.7128   -2.5839   -2.4844   -2.3511   -2.2683   -2.1101   -2.0616   -1.9555   -1.7309   -1.6484   -1.6062   -1.5505   -1.5286   -1.4087   -1.3960   -1.3404   -1.2489   -1.0875   -1.0264   -0.9463   -0.8596    1.8051    2.0082    2.0408    2.3113    2.3267    2.5440    2.5522    2.6283    2.7305    2.8521    3.0447    3.1246    3.2514    3.3603    3.3949    3.5523    3.6815    3.7680    3.7747    3.8563    3.8708    3.9640    4.0641    4.1636    4.3252    4.3528    4.6083    4.6722    4.7583    4.7774    4.9339    5.1774
  1.2073  -44.8735  -44.8718  -44.0457  -44.0451  -44.0310  -44.0306  -33.0768  -33.0767  -33.0752  -33.0751  -32.9785  -32.9656  -24.5069  -24.4688  -24.4605  -24.4533  -24.3458  -24.3416  -23.7407  -23.7401  -23.6961  -23.6935  -23.6445  -23.6407  -23.5927  -23.5864  -23.5808  -23.5786  -23.5654  -23.5632  -15.4792  -15.4778  -15.4439  -15.4431  -15.3374  -15.3315  -15.3294  -15.3258  -15.2946  -15.2899  -15.2725  -15.2709  -15.2577  -15.2405  -15.1875  -15.1777  -15.1707  -15.0917  -11.9461  -11.2970  -11.0120  -10.9013  -10.7699  -10.6476  -10.5686  -10.4104  -10.3477  -10.2485  -10.1432  -10.1054   -5.9249   -5.6197   -5.5267   -5.5167   -4.5182   -4.3673   -3.7635   -3.6762   -3.5722   -3.2875   -3.2288   -3.1833   -2.9540   -2.8642   -2.8226   -2.7200   -2.6196   -2.4659   -2.3530   -2.2750   -2.1098   -2.0308   -1.9464   -1.7252   -1.6600   -1.6249   -1.5267   -1.5137   -1.4048   -1.3697   -1.3379   -1.2491   -1.0856   -1.0251   -0.9498   -0.8589    1.8200    1.9957    2.0368    2.2816    2.3278    2.5189    2.5954    2.6214    2.7507    2.8464    3.0309    3.1626    3.2508    3.3299    3.4580    3.5493    3.6494    3.7579    3.7759    3.8376    3.8793    3.9724    4.0627    4.1531    4.3138    4.3543    4.5826    4.6471    4.7663    4.9159    5.0378    5.2133
  1.2660  -44.8735  -44.8717  -44.0459  -44.0448  -44.0310  -44.0306  -33.0773  -33.0772  -33.0746  -33.0745  -32.9785  -32.9656  -24.5070  -24.4686  -24.4604  -24.4534  -24.3458  -24.3416  -23.7407  -23.7401  -23.6961  -23.6935  -23.6449  -23.6396  -23.5961  -23.5838  -23.5805  -23.5787  -23.5664  -23.5621  -15.4791  -15.4773  -15.4408  -15.4396  -15.3385  -15.3336  -15.3297  -15.3255  -15.2952  -15.2916  -15.2717  -15.2702  -15.2569  -15.2386  -15.1875  -15.1783  -15.1705  -15.0918  -11.9760  -11.3047  -11.0487  -10.9331  -10.7371  -10.6191  -10.5731  -10.4214  -10.3069  -10.2307  -10.1282  -10.0896   -5.9387   -5.6941   -5.6123   -5.5091   -4.4930   -4.3197   -3.7666   -3.6967   -3.5964   -3.2968   -3.2145   -3.1821   -2.9269   -2.8710   -2.8258   -2.7274   -2.6582   -2.4407   -2.3671   -2.2597   -2.0768   -1.9955   -1.9172   -1.7228   -1.6654   -1.6237   -1.5316   -1.4797   -1.3933   -1.3372   -1.3017   -1.2405   -1.0905   -1.0044   -0.9620   -0.8530    1.8623    1.9661    2.0224    2.2438    2.3197    2.4883    2.5908    2.6610    2.7773    2.8523    3.0433    3.1897    3.2677    3.3561    3.4909    3.5583    3.6197    3.7147    3.7611    3.8159    3.8658    3.9469    4.0366    4.2112    4.2967    4.4112    4.5682    4.7018    4.7573    4.8200    4.9071    5.0913
  1.3247  -44.8736  -44.8717  -44.0462  -44.0446  -44.0310  -44.0306  -33.0779  -33.0778  -33.0740  -33.0739  -32.9786  -32.9656  -24.5073  -24.4682  -24.4604  -24.4536  -24.3457  -24.3417  -23.7407  -23.7401  -23.6961  -23.6935  -23.6453  -23.6382  -23.5997  -23.5822  -23.5795  -23.5787  -23.5674  -23.5611  -15.4786  -15.4767  -15.4359  -15.4345  -15.3397  -15.3368  -15.3300  -15.3268  -15.2959  -15.2935  -15.2702  -15.2693  -15.2555  -15.2359  -15.1875  -15.1794  -15.1702  -15.0919  -12.0179  -11.3298  -11.0824  -10.9655  -10.6931  -10.6115  -10.5585  -10.4396  -10.2561  -10.2146  -10.1031  -10.0508   -5.9727   -5.7828   -5.7128   -5.5199   -4.4760   -4.2546   -3.7548   -3.7483   -3.5907   -3.2871   -3.2288   -3.1918   -2.9827   -2.9000   -2.8214   -2.7439   -2.5909   -2.4572   -2.3399   -2.1922   -2.0149   -1.9884   -1.8729   -1.7146   -1.6459   -1.6195   -1.5405   -1.4653   -1.3980   -1.3278   -1.2574   -1.2105   -1.0917   -0.9912   -0.9391   -0.8324    1.8839    1.9738    2.0024    2.2172    2.3176    2.4569    2.5445    2.7153    2.7597    2.9241    3.0911    3.1734    3.3054    3.4027    3.5062    3.5358    3.6460    3.6697    3.7167    3.7786    3.8216    3.8963    4.0519    4.1747    4.3201    4.4411    4.5343    4.6326    4.7459    4.7967    4.8574    5.0357
  1.3834  -44.8736  -44.8717  -44.0464  -44.0444  -44.0310  -44.0306  -33.0784  -33.0783  -33.0735  -33.0734  -32.9786  -32.9655  -24.5076  -24.4677  -24.4602  -24.4538  -24.3457  -24.3417  -23.7407  -23.7401  -23.6961  -23.6935  -23.6456  -23.6365  -23.6033  -23.5816  -23.5790  -23.5777  -23.5682  -23.5602  -15.4780  -15.4760  -15.4295  -15.4280  -15.3417  -15.3390  -15.3320  -15.3296  -15.2967  -15.2946  -15.2685  -15.2678  -15.2538  -15.2326  -15.1876  -15.1809  -15.1698  -15.0921  -12.0645  -11.3660  -11.1401  -10.9521  -10.6688  -10.6040  -10.5383  -10.4562  -10.2284  -10.1980  -10.0555   -9.9926   -6.0379   -5.9049   -5.7635   -5.5428   -4.4953   -4.1760   -3.7816   -3.7186   -3.5963   -3.2936   -3.2559   -3.2178   -3.0548   -2.9143   -2.7994   -2.7395   -2.6383   -2.3915   -2.2551   -2.0978   -2.0073   -1.9346   -1.8299   -1.6868   -1.6366   -1.6182   -1.5389   -1.4616   -1.4173   -1.3180   -1.2506   -1.2176   -1.0356   -1.0253   -0.8521   -0.7796    1.8316    1.9859    2.0641    2.1876    2.3202    2.4432    2.5091    2.7198    2.7798    3.0039    3.1414    3.1779    3.3312    3.3856    3.4892    3.5549    3.6183    3.6288    3.6979    3.7168    3.7951    3.9181    4.0493    4.0706    4.3778    4.4706    4.5090    4.6666    4.7570    4.9070    4.9481    5.0761
  1.4420  -44.8736  -44.8717  -44.0466  -44.0442  -44.0310  -44.0306  -33.0788  -33.0787  -33.0731  -33.0730  -32.9787  -32.9655  -24.5080  -24.4673  -24.4601  -24.4541  -24.3456  -24.3418  -23.7408  -23.7401  -23.6961  -23.6935  -23.6459  -23.6345  -23.6069  -23.5813  -23.5792  -23.5760  -23.5689  -23.5594  -15.4772  -15.4752  -15.4223  -15.4207  -15.3449  -15.3396  -15.3360  -15.3337  -15.2973  -15.2948  -15.2674  -15.2652  -15.2520  -15.2291  -15.1877  -15.1827  -15.1694  -15.0922  -12.1099  -11.4008  -11.2092  -10.9125  -10.6668  -10.5864  -10.5273  -10.4647  -10.2216  -10.1880   -9.9850   -9.9272   -6.1262   -6.0340   -5.7718   -5.5705   -4.5566   -4.0858   -3.7884   -3.6611   -3.6150   -3.4026   -3.2912   -3.1581   -3.1078   -2.9112   -2.7723   -2.7495   -2.6909   -2.3261   -2.1585   -2.0341   -2.0021   -1.8511   -1.8052   -1.6905   -1.6226   -1.5925   -1.5299   -1.4675   -1.4366   -1.3093   -1.2574   -1.2333   -1.0635   -0.9658   -0.7659   -0.6721    1.7549    1.9783    2.0748    2.2275    2.3148    2.4591    2.5205    2.7134    2.8119    3.0607    3.1458    3.2148    3.3238    3.3705    3.4041    3.5166    3.5680    3.6423    3.6550    3.7300    3.8155    3.9112    4.0316    4.0580    4.3927    4.4261    4.5320    4.6517    4.7396    4.8770    4.9698    5.1421
  1.5007  -44.8737  -44.8716  -44.0467  -44.0440  -44.0310  -44.0306  -33.0792  -33.0791  -33.0727  -33.0726  -32.9787  -32.9654  -24.5083  -24.4668  -24.4599  -24.4544  -24.3455  -24.3419  -23.7408  -23.7401  -23.6961  -23.6935  -23.6460  -23.6323  -23.6104  -23.5811  -23.5794  -23.5745  -23.5695  -23.5588  -15.4766  -15.4745  -15.4147  -15.4133  -15.3478  -15.3413  -15.3402  -15.3382  -15.2976  -15.2943  -15.2665  -15.2624  -15.2503  -15.2256  -15.1879  -15.1847  -15.1689  -15.0923  -12.1495  -11.4262  -11.2755  -10.8679  -10.6711  -10.5710  -10.5294  -10.4620  -10.2206  -10.1860   -9.9103   -9.8656   -6.2197   -6.1443   -5.7602   -5.5973   -4.6403   -3.9872   -3.7803   -3.6586   -3.5814   -3.5056   -3.3457   -3.1372   -3.0715   -2.9325   -2.8564   -2.6897   -2.6377   -2.2977   -2.1308   -2.0234   -1.9390   -1.8405   -1.7882   -1.7071   -1.5958   -1.5708   -1.5177   -1.4687   -1.4204   -1.3075   -1.2551   -1.2227   -1.0941   -0.9130   -0.6777   -0.5314    1.6567    1.9705    2.0075    2.2801    2.3176    2.5006    2.5959    2.7293    2.8303    3.0688    3.1390    3.1805    3.2762    3.3529    3.3816    3.4877    3.5163    3.6147    3.6805    3.7142    3.8354    3.9118    4.0772    4.0992    4.2296    4.4315    4.5501    4.6366    4.7127    4.8066    4.8889    5.0252
  1.5594  -44.8737  -44.8716  -44.0468  -44.0439  -44.0310  -44.0306  -33.0795  -33.0794  -33.0724  -33.0723  -32.9787  -32.9654  -24.5086  -24.4665  -24.4597  -24.4547  -24.3454  -24.3420  -23.7408  -23.7401  -23.6961  -23.6935  -23.6462  -23.6300  -23.6136  -23.5809  -23.5797  -23.5735  -23.5698  -23.5583  -15.4761  -15.4739  -15.4076  -15.4064  -15.3502  -15.3468  -15.3449  -15.3389  -15.2977  -15.2937  -15.2657  -15.2598  -15.2490  -15.2226  -15.1881  -15.1867  -15.1685  -15.0923  -12.1801  -11.4386  -11.3330  -10.8290  -10.6747  -10.5639  -10.5358  -10.4548  -10.2210  -10.1873   -9.8458   -9.8162   -6.3020   -6.2256   -5.7407   -5.6195   -4.7216   -3.8859   -3.7696   -3.6870   -3.5958   -3.5189   -3.4057   -3.1248   -3.0267   -2.9842   -2.8803   -2.6065   -2.5733   -2.3109   -2.1485   -1.9875   -1.9223   -1.8810   -1.8051   -1.7408   -1.5878   -1.5639   -1.4934   -1.4598   -1.3434   -1.3017   -1.2343   -1.2126   -1.1028   -0.8764   -0.5921   -0.3876    1.5431    1.9354    1.9755    2.2603    2.3145    2.5526    2.7074    2.7916    2.8423    2.9945    3.1329    3.2015    3.2224    3.3082    3.3409    3.4501    3.4789    3.5630    3.6757    3.8103    3.8968    3.9247    4.0626    4.1429    4.1918    4.4007    4.4798    4.7011    4.7745    4.8667    4.9387    5.0248
  1.6181  -44.8737  -44.8716  -44.0469  -44.0439  -44.0310  -44.0306  -33.0796  -33.0795  -33.0723  -33.0722  -32.9788  -32.9654  -24.5087  -24.4663  -24.4595  -24.4549  -24.3454  -24.3420  -23.7408  -23.7402  -23.6961  -23.6936  -23.6462  -23.6280  -23.6162  -23.5807  -23.5799  -23.5729  -23.5700  -23.5580  -15.4759  -15.4735  -15.4022  -15.4011  -15.3519  -15.3510  -15.3494  -15.3388  -15.2977  -15.2932  -15.2651  -15.2579  -15.2482  -15.2204  -15.1884  -15.1881  -15.1682  -15.0923  -12.1993  -11.4372  -11.3778  -10.8025  -10.6761  -10.5657  -10.5377  -10.4491  -10.2217  -10.1890   -9.8009   -9.7861   -6.3578   -6.2754   -5.7226   -5.6345   -4.7801   -3.8079   -3.7589   -3.6907   -3.6392   -3.5081   -3.4674   -3.1080   -3.0434   -2.9679   -2.8810   -2.5289   -2.5140   -2.3481   -2.1715   -1.9665   -1.9372   -1.8978   -1.8386   -1.7937   -1.5968   -1.5412   -1.4774   -1.4523   -1.3164   -1.2419   -1.2357   -1.1958   -1.0910   -0.8537   -0.5280   -0.2729    1.4429    1.8997    1.9671    2.2375    2.2945    2.5510    2.7904    2.8709    2.8862    3.0057    3.1211    3.1533    3.2133    3.2450    3.2895    3.4095    3.4641    3.5108    3.6699    3.8714    3.9523    3.9936    4.0302    4.2362    4.3046    4.3560    4.4354    4.6892    4.7078    4.7840    4.8443    4.9608
  1.6768  -44.8737  -44.8716  -44.0469  -44.0438  -44.0310  -44.0306  -33.0797  -33.0796  -33.0722  -33.0721  -32.9788  -32.9654  -24.5088  -24.4662  -24.4595  -24.4550  -24.3454  -24.3420  -23.7408  -23.7402  -23.6961  -23.6936  -23.6463  -23.6271  -23.6173  -23.5806  -23.5800  -23.5727  -23.5701  -23.5579  -15.4758  -15.4733  -15.4001  -15.3990  -15.3532  -15.3520  -15.3512  -15.3388  -15.2977  -15.2930  -15.2649  -15.2572  -15.2479  -15.2195  -15.1889  -15.1882  -15.1681  -15.0923  -12.2058  -11.4295  -11.4002  -10.7932  -10.6762  -10.5680  -10.5374  -10.4471  -10.2220  -10.1897   -9.7822   -9.7787   -6.3774   -6.2922   -5.7150   -5.6401   -4.8015   -3.7970   -3.7372   -3.6739   -3.6539   -3.5183   -3.4993   -3.1159   -3.0006   -2.9935   -2.8764   -2.4982   -2.4805   -2.3698   -2.1885   -1.9596   -1.9404   -1.9043   -1.8543   -1.8198   -1.5987   -1.5334   -1.4725   -1.4485   -1.3110   -1.2468   -1.2065   -1.1886   -1.0824   -0.8459   -0.5040   -0.2275    1.4014    1.8874    1.9639    2.2282    2.2849    2.5419    2.7952    2.8737    2.9928    3.0546    3.1193    3.1346    3.1728    3.1784    3.2568    3.4222    3.4503    3.4943    3.6625    3.8775    4.0025    4.0098    4.0637    4.2911    4.3080    4.3813    4.4301    4.5419    4.6989    4.8200    4.8882    5.0247
  1.6768  -44.8737  -44.8716  -44.0469  -44.0438  -44.0310  -44.0306  -33.0797  -33.0796  -33.0722  -33.0721  -32.9788  -32.9654  -24.5088  -24.4662  -24.4595  -24.4550  -24.3454  -24.3420  -23.7408  -23.7402  -23.6961  -23.6936  -23.6463  -23.6271  -23.6173  -23.5806  -23.5800  -23.5727  -23.5701  -23.5579  -15.4758  -15.4733  -15.4001  -15.3990  -15.3532  -15.3520  -15.3512  -15.3388  -15.2977  -15.2930  -15.2649  -15.2572  -15.2479  -15.2195  -15.1889  -15.1882  -15.1681  -15.0923  -12.2058  -11.4295  -11.4002  -10.7932  -10.6762  -10.5680  -10.5374  -10.4471  -10.2220  -10.1897   -9.7822   -9.7787   -6.3774   -6.2922   -5.7150   -5.6401   -4.8015   -3.7970   -3.7372   -3.6739   -3.6539   -3.5183   -3.4993   -3.1159   -3.0006   -2.9935   -2.8764   -2.4982   -2.4805   -2.3698   -2.1885   -1.9596   -1.9404   -1.9043   -1.8543   -1.8198   -1.5987   -1.5334   -1.4725   -1.4485   -1.3110   -1.2468   -1.2065   -1.1886   -1.0824   -0.8459   -0.5040   -0.2275    1.4014    1.8874    1.9639    2.2282    2.2849    2.5419    2.7952    2.8737    2.9928    3.0541    3.1193    3.1346    3.1730    3.1783    3.2556    3.4222    3.4503    3.4945    3.6621    3.8516    4.0027    4.0081    4.0676    4.2926    4.3125    4.3912    4.4403    4.5482    4.6653    4.7718    4.8655    4.9725
  1.7332  -44.8737  -44.8716  -44.0469  -44.0439  -44.0310  -44.0306  -33.0796  -33.0795  -33.0723  -33.0722  -32.9788  -32.9654  -24.5087  -24.4663  -24.4595  -24.4549  -24.3454  -24.3420  -23.7408  -23.7402  -23.6961  -23.6936  -23.6462  -23.6280  -23.6162  -23.5806  -23.5800  -23.5729  -23.5700  -23.5580  -15.4759  -15.4735  -15.4022  -15.4011  -15.3520  -15.3511  -15.3494  -15.3386  -15.2978  -15.2931  -15.2652  -15.2578  -15.2483  -15.2203  -15.1884  -15.1882  -15.1681  -15.0923  -12.1994  -11.4235  -11.3929  -10.7990  -10.6764  -10.5673  -10.5377  -10.4492  -10.2211  -10.1896   -9.8009   -9.7862   -6.3593   -6.2738   -5.7214   -5.6345   -4.7850   -3.8007   -3.7421   -3.6886   -3.6436   -3.5257   -3.4807   -3.0906   -3.0362   -2.9730   -2.8795   -2.5237   -2.5120   -2.3662   -2.1783   -1.9728   -1.9360   -1.8913   -1.8559   -1.7799   -1.5912   -1.5389   -1.4782   -1.4473   -1.3305   -1.2312   -1.2258   -1.1970   -1.0904   -0.8589   -0.5269   -0.2717    1.4337    1.8926    1.9689    2.2406    2.2874    2.5535    2.7911    2.8781    2.9354    3.0104    3.0900    3.1255    3.2089    3.2520    3.2926    3.4008    3.4553    3.5168    3.6758    3.8728    3.9586    3.9839    4.0181    4.2639    4.2692    4.4047    4.4224    4.6254    4.7359    4.8197    4.8451    5.0943
  1.7896  -44.8737  -44.8716  -44.0468  -44.0439  -44.0310  -44.0306  -33.0794  -33.0794  -33.0724  -33.0723  -32.9787  -32.9654  -24.5086  -24.4665  -24.4597  -24.4547  -24.3454  -24.3420  -23.7408  -23.7401  -23.6961  -23.6935  -23.6462  -23.6300  -23.6136  -23.5806  -23.5800  -23.5735  -23.5698  -23.5583  -15.4762  -15.4738  -15.4076  -15.4064  -15.3509  -15.3468  -15.3449  -15.3380  -15.2979  -15.2935  -15.2659  -15.2596  -15.2492  -15.2225  -15.1882  -15.1868  -15.1684  -15.0922  -12.1805  -11.4054  -11.3720  -10.8174  -10.6737  -10.5687  -10.5371  -10.4553  -10.2185  -10.1897   -9.8453   -9.8167   -6.3071   -6.2203   -5.7349   -5.6217   -4.7386   -3.8366   -3.7599   -3.6887   -3.6219   -3.5375   -3.4350   -3.0839   -3.0205   -2.9740   -2.8783   -2.6050   -2.5626   -2.3677   -2.1715   -2.0106   -1.9021   -1.8693   -1.8387   -1.7107   -1.5736   -1.5533   -1.4937   -1.4450   -1.3585   -1.2903   -1.2376   -1.1988   -1.0938   -0.8959   -0.5871   -0.3830    1.5126    1.9092    1.9799    2.2699    2.2934    2.5618    2.7696    2.7927    2.8891    2.9895    3.1074    3.1278    3.2470    3.3044    3.3748    3.3927    3.4606    3.5698    3.6909    3.8400    3.8770    3.9349    4.0698    4.1630    4.2507    4.4026    4.5184    4.6997    4.7717    4.8314    4.9030    5.0063
  1.8461  -44.8737  -44.8716  -44.0467  -44.0440  -44.0310  -44.0306  -33.0792  -33.0791  -33.0727  -33.0726  -32.9787  -32.9654  -24.5083  -24.4668  -24.4599  -24.4544  -24.3455  -24.3419  -23.7408  -23.7401  -23.6961  -23.6936  -23.6460  -23.6323  -23.6104  -23.5807  -23.5799  -23.5745  -23.5694  -23.5588  -15.4767  -15.4744  -15.4147  -15.4133  -15.3494  -15.3415  -15.3396  -15.3368  -15.2980  -15.2939  -15.2671  -15.2620  -15.2506  -15.2255  -15.1881  -15.1848  -15.1687  -15.0922  -12.1504  -11.3754  -11.3399  -10.8470  -10.6642  -10.5778  -10.5341  -10.4648  -10.2149  -10.1910   -9.9086   -9.8670   -6.2269   -6.1372   -5.7477   -5.6052   -4.6706   -3.9159   -3.7826   -3.6596   -3.6310   -3.4996   -3.3758   -3.1116   -3.0171   -2.9331   -2.8547   -2.6980   -2.6229   -2.3877   -2.1818   -2.0597   -1.8784   -1.8323   -1.8234   -1.6591   -1.5870   -1.5367   -1.5131   -1.4494   -1.3796   -1.3602   -1.2733   -1.2116   -1.0655   -0.9544   -0.6650   -0.5200    1.6062    1.9396    1.9897    2.2819    2.3059    2.5058    2.7059    2.7209    2.8673    3.0580    3.1155    3.1431    3.2542    3.3506    3.3873    3.4186    3.5145    3.6349    3.6834    3.7948    3.8220    3.9190    4.1077    4.1569    4.2480    4.4133    4.5853    4.6687    4.7365    4.8485    4.9227    5.0427
  1.9025  -44.8736  -44.8717  -44.0466  -44.0442  -44.0310  -44.0306  -33.0788  -33.0787  -33.0731  -33.0730  -32.9787  -32.9655  -24.5080  -24.4673  -24.4601  -24.4541  -24.3456  -24.3418  -23.7408  -23.7401  -23.6961  -23.6936  -23.6459  -23.6345  -23.6069  -23.5807  -23.5800  -23.5758  -23.5689  -23.5594  -15.4773  -15.4751  -15.4223  -15.4208  -15.3475  -15.3369  -15.3364  -15.3331  -15.2978  -15.2942  -15.2685  -15.2646  -15.2522  -15.2290  -15.1879  -15.1827  -15.1692  -15.0921  -12.1112  -11.3360  -11.2992  -10.8812  -10.6491  -10.5960  -10.5317  -10.4756  -10.2118  -10.1957   -9.9820   -9.9300   -6.1282   -6.0344   -5.7522   -5.5847   -4.5946   -4.0205   -3.7932   -3.6703   -3.6270   -3.4110   -3.3132   -3.1287   -3.0334   -2.9170   -2.7934   -2.7666   -2.6760   -2.4195   -2.2343   -2.0854   -1.9256   -1.8577   -1.7650   -1.6555   -1.6195   -1.5365   -1.5138   -1.4604   -1.3893   -1.3783   -1.2923   -1.2233   -1.0335   -1.0236   -0.7436   -0.6516    1.6935    1.9834    1.9962    2.2274    2.3209    2.4397    2.6647    2.6696    2.8559    3.0903    3.1162    3.1946    3.2480    3.3309    3.3665    3.4926    3.5834    3.6271    3.7226    3.8010    3.8430    3.9139    4.0833    4.2221    4.2719    4.4627    4.5513    4.6052    4.7872    4.8615    4.9974    5.0477
  1.9589  -44.8736  -44.8717  -44.0464  -44.0444  -44.0310  -44.0306  -33.0784  -33.0783  -33.0735  -33.0734  -32.9786  -32.9655  -24.5076  -24.4677  -24.4603  -24.4538  -24.3457  -24.3417  -23.7407  -23.7401  -23.6961  -23.6936  -23.6456  -23.6365  -23.6033  -23.5808  -23.5802  -23.5774  -23.5682  -23.5602  -15.4781  -15.4758  -15.4296  -15.4280  -15.3451  -15.3353  -15.3326  -15.3290  -15.2971  -15.2940  -15.2699  -15.2669  -15.2538  -15.2327  -15.1878  -15.1809  -15.1697  -15.0920  -12.0661  -11.2970  -11.2496  -10.9088  -10.6398  -10.6175  -10.5344  -10.4823  -10.2127  -10.2075  -10.0525   -9.9963   -6.0282   -5.9254   -5.7354   -5.5602   -4.5268   -4.1378   -3.7836   -3.7028   -3.6059   -3.3182   -3.2653   -3.1416   -3.0057   -2.9310   -2.8426   -2.7213   -2.6863   -2.4409   -2.3309   -2.1006   -2.0328   -1.9069   -1.7332   -1.6657   -1.6606   -1.5747   -1.5156   -1.4471   -1.3760   -1.3639   -1.3003   -1.2074   -1.1083   -0.9954   -0.8274   -0.7532    1.7667    1.9954    2.0168    2.1508    2.3238    2.4315    2.6245    2.6478    2.8456    3.0670    3.0904    3.1683    3.2871    3.3124    3.3845    3.5447    3.5990    3.6672    3.7593    3.8250    3.8695    3.9484    4.1093    4.2378    4.3466    4.4605    4.5532    4.6396    4.6778    4.8951    5.0191    5.0569
  2.0153  -44.8736  -44.8717  -44.0462  -44.0446  -44.0310  -44.0306  -33.0779  -33.0778  -33.0740  -33.0739  -32.9786  -32.9656  -24.5073  -24.4682  -24.4604  -24.4536  -24.3458  -24.3417  -23.7407  -23.7401  -23.6961  -23.6936  -23.6453  -23.6382  -23.5997  -23.5815  -23.5805  -23.5785  -23.5673  -23.5611  -15.4788  -15.4765  -15.4360  -15.4344  -15.3425  -15.3337  -15.3303  -15.3265  -15.2960  -15.2932  -15.2712  -15.2688  -15.2553  -15.2360  -15.1876  -15.1794  -15.1702  -15.0919  -12.0195  -11.2744  -11.1876  -10.9166  -10.6711  -10.6222  -10.5372  -10.4809  -10.2373  -10.2181  -10.1046  -10.0534   -5.9580   -5.8179   -5.6816   -5.5339   -4.4813   -4.2572   -3.7488   -3.7221   -3.5941   -3.2731   -3.2484   -3.1257   -2.9535   -2.9312   -2.8650   -2.7282   -2.6596   -2.4542   -2.4114   -2.1874   -2.0910   -1.9694   -1.7436   -1.6883   -1.6695   -1.6115   -1.5167   -1.4386   -1.3662   -1.3502   -1.2914   -1.2290   -1.1252   -0.9834   -0.9136   -0.8133    1.8202    1.9549    1.9963    2.1921    2.3208    2.4490    2.6004    2.6479    2.8412    3.0112    3.0459    3.1164    3.2546    3.3293    3.4621    3.5540    3.5608    3.7402    3.7660    3.8475    3.9144    3.9944    4.0904    4.2940    4.3512    4.4432    4.5514    4.5926    4.6217    4.7891    4.9168    5.0134
  2.0718  -44.8735  -44.8717  -44.0459  -44.0448  -44.0310  -44.0306  -33.0773  -33.0772  -33.0746  -33.0745  -32.9785  -32.9656  -24.5070  -24.4686  -24.4604  -24.4534  -24.3458  -24.3416  -23.7407  -23.7401  -23.6961  -23.6936  -23.6449  -23.6396  -23.5961  -23.5836  -23.5805  -23.5789  -23.5664  -23.5621  -15.4794  -15.4770  -15.4410  -15.4395  -15.3400  -15.3320  -15.3295  -15.3258  -15.2947  -15.2920  -15.2720  -15.2702  -15.2566  -15.2388  -15.1874  -15.1783  -15.1706  -15.0918  -11.9773  -11.2731  -11.1169  -10.8986  -10.7192  -10.6477  -10.5253  -10.4743  -10.2744  -10.2400  -10.1323  -10.0892   -5.9298   -5.7114   -5.6073   -5.5101   -4.4609   -4.3654   -3.7284   -3.6931   -3.5918   -3.2972   -3.2106   -3.1231   -2.9558   -2.9003   -2.8296   -2.7199   -2.6767   -2.5118   -2.3884   -2.2617   -2.1416   -2.0281   -1.7720   -1.7014   -1.6699   -1.6377   -1.5189   -1.4353   -1.3688   -1.3374   -1.3006   -1.2865   -1.0953   -1.0005   -0.9493   -0.8517    1.8248    1.9179    1.9920    2.2849    2.3204    2.4739    2.5927    2.6612    2.8471    2.9487    3.0062    3.0697    3.2060    3.3229    3.5005    3.5280    3.5722    3.7014    3.8161    3.8976    3.9769    4.0393    4.0749    4.2147    4.3286    4.4593    4.5144    4.6131    4.7769    4.8450    5.0084    5.0755
  2.1282  -44.8735  -44.8718  -44.0457  -44.0451  -44.0310  -44.0306  -33.0768  -33.0767  -33.0752  -33.0751  -32.9785  -32.9656  -24.5069  -24.4688  -24.4605  -24.4533  -24.3459  -24.3416  -23.7407  -23.7401  -23.6961  -23.6936  -23.6445  -23.6407  -23.5927  -23.5863  -23.5806  -23.5790  -23.5653  -23.5632  -15.4797  -15.4773  -15.4441  -15.4429  -15.3379  -15.3301  -15.3296  -15.3266  -15.2937  -15.2908  -15.2722  -15.2712  -15.2575  -15.2407  -15.1873  -15.1776  -15.1709  -15.0917  -11.9472  -11.2824  -11.0489  -10.8716  -10.7593  -10.6932  -10.5074  -10.4669  -10.3031  -10.2697  -10.1429  -10.1049   -5.9221   -5.6252   -5.5497   -5.4948   -4.4586   -4.4426   -3.7199   -3.6556   -3.5840   -3.3122   -3.1912   -3.1197   -3.0154   -2.8654   -2.8414   -2.6912   -2.6542   -2.5304   -2.3840   -2.2686   -2.1830   -2.0847   -1.7846   -1.7378   -1.6530   -1.6414   -1.5212   -1.4292   -1.4082   -1.3427   -1.3323   -1.2976   -1.0663   -1.0183   -0.9499   -0.8778    1.7890    1.9354    1.9859    2.3243    2.3760    2.4891    2.6024    2.6643    2.8585    2.9016    2.9995    3.0306    3.1493    3.3032    3.4350    3.5648    3.6081    3.6652    3.8443    3.9460    4.0165    4.0387    4.0963    4.1101    4.3452    4.4242    4.5212    4.6190    4.7269    4.8117    4.9291    5.0163
  2.1846  -44.8735  -44.8718  -44.0454  -44.0453  -44.0310  -44.0306  -33.0764  -33.0763  -33.0755  -33.0754  -32.9785  -32.9656  -24.5068  -24.4689  -24.4605  -24.4533  -24.3459  -24.3416  -23.7407  -23.7401  -23.6961  -23.6936  -23.6443  -23.6411  -23.5894  -23.5893  -23.5806  -23.5790  -23.5644  -23.5641  -15.4798  -15.4774  -15.4452  -15.4441  -15.3370  -15.3298  -15.3286  -15.3278  -15.2933  -15.2904  -15.2721  -15.2717  -15.2578  -15.2414  -15.1873  -15.1774  -15.1710  -15.0917  -11.9361  -11.2875  -11.0141  -10.8682  -10.7556  -10.7315  -10.4992  -10.4635  -10.3127  -10.2844  -10.1454  -10.1090   -5.9207   -5.5899   -5.5286   -5.4910   -4.4760   -4.4552   -3.7124   -3.6534   -3.5694   -3.3153   -3.1887   -3.0839   -3.0804   -2.8626   -2.8499   -2.6667   -2.6398   -2.5340   -2.3852   -2.2607   -2.1952   -2.1127   -1.7846   -1.7582   -1.6450   -1.6366   -1.5195   -1.4517   -1.4082   -1.3714   -1.3277   -1.2961   -1.0469   -1.0315   -0.9457   -0.8889    1.7738    1.9468    1.9813    2.3278    2.4180    2.4929    2.6133    2.6541    2.8657    2.8841    3.0042    3.0266    3.1106    3.2926    3.4056    3.5774    3.6246    3.6551    3.8532    3.9705    4.0090    4.0554    4.0648    4.1216    4.3388    4.4023    4.5502    4.5917    4.7142    4.8432    4.8899    4.9500
  2.1846  -44.8735  -44.8718  -44.0454  -44.0453  -44.0310  -44.0306  -33.0764  -33.0763  -33.0755  -33.0754  -32.9785  -32.9656  -24.5068  -24.4689  -24.4605  -24.4533  -24.3459  -24.3416  -23.7407  -23.7401  -23.6961  -23.6935  -23.6443  -23.6411  -23.5894  -23.5894  -23.5809  -23.5786  -23.5644  -23.5642  -15.4793  -15.4780  -15.4449  -15.4444  -15.3368  -15.3317  -15.3275  -15.3270  -15.2942  -15.2892  -15.2728  -15.2713  -15.2580  -15.2411  -15.1875  -15.1775  -15.1708  -15.0916  -11.9351  -11.2969  -10.9829  -10.9085  -10.7676  -10.6687  -10.5636  -10.4111  -10.3584  -10.2575  -10.1481  -10.1090   -5.9213   -5.5746   -5.5386   -5.4927   -4.5287   -4.3860   -3.7591   -3.6812   -3.5459   -3.2763   -3.2509   -3.1765   -2.9914   -2.8673   -2.8109   -2.7129   -2.5839   -2.4845   -2.3511   -2.2682   -2.1100   -2.0615   -1.9556   -1.7309   -1.6482   -1.6062   -1.5505   -1.5286   -1.4086   -1.3961   -1.3404   -1.2490   -1.0877   -1.0265   -0.9462   -0.8597    1.8051    2.0081    2.0408    2.3113    2.3268    2.5440    2.5521    2.6285    2.7306    2.8522    3.0447    3.1245    3.2514    3.3601    3.3949    3.5513    3.6820    3.7680    3.7740    3.8555    3.8724    3.9644    4.0600    4.1561    4.3281    4.3351    4.5652    4.6536    4.7488    4.8201    4.9310    5.1517
  2.2433  -44.8735  -44.8718  -44.0457  -44.0451  -44.0310  -44.0306  -33.0768  -33.0767  -33.0752  -33.0751  -32.9785  -32.9656  -24.5069  -24.4688  -24.4605  -24.4533  -24.3458  -24.3416  -23.7407  -23.7401  -23.6961  -23.6935  -23.6445  -23.6407  -23.5927  -23.5864  -23.5808  -23.5786  -23.5654  -23.5632  -15.4792  -15.4778  -15.4439  -15.4431  -15.3374  -15.3316  -15.3293  -15.3258  -15.2945  -15.2898  -15.2726  -15.2710  -15.2577  -15.2405  -15.1875  -15.1777  -15.1707  -15.0917  -11.9461  -11.2970  -11.0120  -10.9014  -10.7698  -10.6475  -10.5686  -10.4104  -10.3477  -10.2485  -10.1431  -10.1054   -5.9249   -5.6197   -5.5267   -5.5167   -4.5182   -4.3673   -3.7635   -3.6762   -3.5722   -3.2875   -3.2288   -3.1833   -2.9540   -2.8642   -2.8226   -2.7200   -2.6196   -2.4660   -2.3530   -2.2750   -2.1097   -2.0308   -1.9464   -1.7252   -1.6599   -1.6249   -1.5267   -1.5137   -1.4047   -1.3697   -1.3379   -1.2491   -1.0858   -1.0251   -0.9498   -0.8590    1.8200    1.9957    2.0369    2.2816    2.3278    2.5190    2.5953    2.6216    2.7507    2.8466    3.0310    3.1625    3.2508    3.3298    3.4570    3.5490    3.6493    3.7574    3.7753    3.8389    3.8811    3.9692    4.0632    4.1532    4.3205    4.3429    4.5703    4.6803    4.8120    4.9529    4.9882    5.1494
  2.3020  -44.8735  -44.8717  -44.0459  -44.0449  -44.0310  -44.0306  -33.0773  -33.0772  -33.0746  -33.0745  -32.9785  -32.9656  -24.5070  -24.4686  -24.4604  -24.4534  -24.3458  -24.3416  -23.7407  -23.7401  -23.6961  -23.6935  -23.6449  -23.6396  -23.5961  -23.5838  -23.5805  -23.5787  -23.5664  -23.5621  -15.4791  -15.4773  -15.4409  -15.4397  -15.3385  -15.3337  -15.3296  -15.3255  -15.2951  -15.2915  -15.2718  -15.2702  -15.2569  -15.2386  -15.1875  -15.1783  -15.1705  -15.0918  -11.9760  -11.3047  -11.0487  -10.9332  -10.7371  -10.6190  -10.5732  -10.4214  -10.3069  -10.2307  -10.1281  -10.0896   -5.9387   -5.6942   -5.6124   -5.5091   -4.4930   -4.3197   -3.7666   -3.6967   -3.5964   -3.2968   -3.2145   -3.1821   -2.9269   -2.8709   -2.8258   -2.7274   -2.6582   -2.4407   -2.3671   -2.2596   -2.0768   -1.9955   -1.9172   -1.7228   -1.6654   -1.6237   -1.5316   -1.4797   -1.3932   -1.3372   -1.3018   -1.2405   -1.0906   -1.0044   -0.9619   -0.8531    1.8623    1.9661    2.0224    2.2438    2.3198    2.4884    2.5910    2.6609    2.7774    2.8523    3.0434    3.1897    3.2676    3.3559    3.4911    3.5573    3.6184    3.7163    3.7612    3.8145    3.8669    3.9466    4.0372    4.2144    4.2797    4.3963    4.5629    4.6900    4.7632    4.8121    4.9561    5.0338
  2.3607  -44.8736  -44.8717  -44.0462  -44.0446  -44.0310  -44.0306  -33.0779  -33.0778  -33.0740  -33.0739  -32.9786  -32.9656  -24.5073  -24.4682  -24.4604  -24.4536  -24.3457  -24.3417  -23.7407  -23.7401  -23.6961  -23.6935  -23.6453  -23.6382  -23.5997  -23.5822  -23.5795  -23.5787  -23.5674  -23.5611  -15.4786  -15.4767  -15.4359  -15.4345  -15.3397  -15.3368  -15.3300  -15.3268  -15.2959  -15.2934  -15.2702  -15.2693  -15.2555  -15.2359  -15.1875  -15.1794  -15.1702  -15.0919  -12.0179  -11.3298  -11.0824  -10.9655  -10.6931  -10.6115  -10.5586  -10.4396  -10.2561  -10.2146  -10.1030  -10.0508   -5.9727   -5.7828   -5.7128   -5.5199   -4.4760   -4.2546   -3.7548   -3.7483   -3.5907   -3.2872   -3.2288   -3.1918   -2.9827   -2.9000   -2.8213   -2.7439   -2.5909   -2.4572   -2.3399   -2.1921   -2.0149   -1.9884   -1.8729   -1.7146   -1.6460   -1.6195   -1.5404   -1.4653   -1.3980   -1.3278   -1.2575   -1.2105   -1.0917   -0.9911   -0.9391   -0.8324    1.8839    1.9739    2.0024    2.2172    2.3176    2.4570    2.5447    2.7152    2.7598    2.9241    3.0912    3.1734    3.3054    3.4023    3.5062    3.5357    3.6463    3.6700    3.7178    3.7799    3.8225    3.8953    4.0544    4.1881    4.3079    4.4658    4.5906    4.6771    4.7688    4.8062    4.9186    5.0826
  2.4194  -44.8736  -44.8717  -44.0464  -44.0444  -44.0310  -44.0306  -33.0784  -33.0783  -33.0735  -33.0734  -32.9786  -32.9655  -24.5076  -24.4677  -24.4602  -24.4538  -24.3457  -24.3417  -23.7407  -23.7401  -23.6961  -23.6935  -23.6456  -23.6365  -23.6033  -23.5816  -23.5790  -23.5777  -23.5682  -23.5602  -15.4780  -15.4760  -15.4295  -15.4280  -15.3417  -15.3390  -15.3320  -15.3296  -15.2966  -15.2946  -15.2685  -15.2679  -15.2538  -15.2326  -15.1876  -15.1809  -15.1698  -15.0921  -12.0645  -11.3660  -11.1402  -10.9521  -10.6688  -10.6040  -10.5383  -10.4562  -10.2284  -10.1980  -10.0555   -9.9926   -6.0380   -5.9050   -5.7635   -5.5428   -4.4953   -4.1761   -3.7816   -3.7186   -3.5963   -3.2935   -3.2559   -3.2178   -3.0548   -2.9143   -2.7993   -2.7395   -2.6383   -2.3915   -2.2550   -2.0977   -2.0073   -1.9346   -1.8299   -1.6868   -1.6366   -1.6182   -1.5389   -1.4616   -1.4172   -1.3180   -1.2507   -1.2176   -1.0356   -1.0252   -0.8521   -0.7796    1.8316    1.9859    2.0642    2.1876    2.3202    2.4433    2.5093    2.7198    2.7798    3.0039    3.1414    3.1779    3.3312    3.3855    3.4892    3.5541    3.6197    3.6285    3.6983    3.7157    3.7973    3.9182    4.0475    4.0740    4.3672    4.4600    4.5203    4.6470    4.7987    4.8495    4.8975    5.0965
  2.4780  -44.8736  -44.8717  -44.0466  -44.0442  -44.0310  -44.0306  -33.0788  -33.0787  -33.0731  -33.0730  -32.9787  -32.9655  -24.5080  -24.4673  -24.4601  -24.4541  -24.3456  -24.3418  -23.7408  -23.7401  -23.6961  -23.6935  -23.6459  -23.6345  -23.6069  -23.5813  -23.5792  -23.5760  -23.5689  -23.5594  -15.4772  -15.4752  -15.4223  -15.4208  -15.3449  -15.3396  -15.3360  -15.3337  -15.2973  -15.2947  -15.2675  -15.2652  -15.2520  -15.2291  -15.1877  -15.1827  -15.1694  -15.0922  -12.1099  -11.4008  -11.2092  -10.9125  -10.6668  -10.5864  -10.5273  -10.4647  -10.2216  -10.1880   -9.9850   -9.9272   -6.1262   -6.0340   -5.7718   -5.5705   -4.5566   -4.0858   -3.7884   -3.6612   -3.6151   -3.4026   -3.2912   -3.1581   -3.1078   -2.9111   -2.7723   -2.7495   -2.6909   -2.3261   -2.1584   -2.0341   -2.0021   -1.8511   -1.8052   -1.6905   -1.6226   -1.5925   -1.5299   -1.4675   -1.4366   -1.3093   -1.2574   -1.2333   -1.0635   -0.9658   -0.7659   -0.6721    1.7549    1.9783    2.0747    2.2275    2.3148    2.4592    2.5204    2.7134    2.8120    3.0607    3.1457    3.2149    3.3240    3.3713    3.4041    3.5154    3.5673    3.6422    3.6549    3.7303    3.8152    3.9138    4.0280    4.0638    4.4021    4.4367    4.5359    4.6602    4.8186    4.8623    4.9692    5.0978
  2.5367  -44.8737  -44.8716  -44.0467  -44.0440  -44.0310  -44.0306  -33.0792  -33.0791  -33.0727  -33.0726  -32.9787  -32.9654  -24.5083  -24.4668  -24.4599  -24.4544  -24.3455  -24.3419  -23.7408  -23.7401  -23.6961  -23.6935  -23.6460  -23.6323  -23.6104  -23.5811  -23.5794  -23.5745  -23.5695  -23.5588  -15.4766  -15.4745  -15.4147  -15.4133  -15.3479  -15.3414  -15.3402  -15.3382  -15.2976  -15.2943  -15.2665  -15.2624  -15.2503  -15.2257  -15.1879  -15.1847  -15.1689  -15.0923  -12.1495  -11.4262  -11.2755  -10.8679  -10.6711  -10.5710  -10.5294  -10.4620  -10.2206  -10.1860   -9.9103   -9.8656   -6.2197   -6.1443   -5.7602   -5.5973   -4.6403   -3.9872   -3.7803   -3.6587   -3.5814   -3.5055   -3.3457   -3.1372   -3.0715   -2.9325   -2.8564   -2.6897   -2.6377   -2.2977   -2.1308   -2.0234   -1.9390   -1.8405   -1.7882   -1.7071   -1.5958   -1.5708   -1.5177   -1.4686   -1.4204   -1.3075   -1.2550   -1.2227   -1.0941   -0.9130   -0.6777   -0.5313    1.6567    1.9706    2.0075    2.2801    2.3176    2.5006    2.5960    2.7294    2.8303    3.0688    3.1390    3.1804    3.2761    3.3525    3.3815    3.4879    3.5164    3.6150    3.6819    3.7144    3.8391    3.9127    4.0697    4.0848    4.2282    4.4189    4.5402    4.6731    4.7528    4.8169    4.8836    5.0166
  2.5954  -44.8737  -44.8716  -44.0468  -44.0439  -44.0310  -44.0306  -33.0795  -33.0794  -33.0724  -33.0723  -32.9787  -32.9654  -24.5086  -24.4665  -24.4597  -24.4547  -24.3454  -24.3420  -23.7408  -23.7401  -23.6961  -23.6935  -23.6462  -23.6300  -23.6136  -23.5809  -23.5797  -23.5735  -23.5698  -23.5583  -15.4761  -15.4739  -15.4076  -15.4064  -15.3502  -15.3468  -15.3449  -15.3389  -15.2977  -15.2937  -15.2657  -15.2598  -15.2490  -15.2226  -15.1881  -15.1867  -15.1685  -15.0923  -12.1801  -11.4386  -11.3330  -10.8290  -10.6747  -10.5639  -10.5358  -10.4548  -10.2210  -10.1873   -9.8458   -9.8162   -6.3020   -6.2256   -5.7407   -5.6195   -4.7216   -3.8859   -3.7696   -3.6870   -3.5958   -3.5189   -3.4057   -3.1248   -3.0267   -2.9843   -2.8803   -2.6065   -2.5733   -2.3109   -2.1485   -1.9875   -1.9223   -1.8810   -1.8051   -1.7408   -1.5879   -1.5639   -1.4934   -1.4598   -1.3435   -1.3016   -1.2343   -1.2125   -1.1028   -0.8764   -0.5921   -0.3876    1.5431    1.9354    1.9755    2.2603    2.3145    2.5526    2.7073    2.7917    2.8424    2.9945    3.1329    3.2015    3.2219    3.3071    3.3405    3.4500    3.4787    3.5628    3.6749    3.8307    3.9001    3.9242    4.0515    4.1486    4.1984    4.4283    4.5147    4.6836    4.7807    4.8195    4.9092    4.9499
  2.6541  -44.8737  -44.8716  -44.0469  -44.0439  -44.0310  -44.0306  -33.0796  -33.0795  -33.0723  -33.0722  -32.9788  -32.9654  -24.5087  -24.4663  -24.4595  -24.4549  -24.3454  -24.3420  -23.7408  -23.7402  -23.6961  -23.6936  -23.6462  -23.6280  -23.6162  -23.5807  -23.5799  -23.5729  -23.5700  -23.5580  -15.4759  -15.4735  -15.4022  -15.4011  -15.3519  -15.3510  -15.3494  -15.3388  -15.2977  -15.2932  -15.2651  -15.2579  -15.2482  -15.2204  -15.1884  -15.1881  -15.1682  -15.0923  -12.1993  -11.4372  -11.3778  -10.8025  -10.6761  -10.5657  -10.5377  -10.4491  -10.2217  -10.1890   -9.8009   -9.7861   -6.3578   -6.2754   -5.7226   -5.6345   -4.7801   -3.8079   -3.7588   -3.6907   -3.6392   -3.5081   -3.4674   -3.1080   -3.0434   -2.9679   -2.8810   -2.5289   -2.5141   -2.3481   -2.1715   -1.9665   -1.9372   -1.8978   -1.8386   -1.7937   -1.5968   -1.5412   -1.4774   -1.4523   -1.3164   -1.2420   -1.2356   -1.1958   -1.0910   -0.8537   -0.5280   -0.2729    1.4429    1.8997    1.9671    2.2375    2.2945    2.5510    2.7906    2.8710    2.8863    3.0058    3.1220    3.1534    3.2133    3.2471    3.2895    3.4097    3.4639    3.5109    3.6681    3.9353    3.9558    4.0100    4.0495    4.2409    4.2710    4.4237    4.5381    4.7216    4.7435    4.8018    4.9037    5.0810
  2.7128  -44.8737  -44.8716  -44.0469  -44.0438  -44.0310  -44.0306  -33.0797  -33.0796  -33.0722  -33.0721  -32.9788  -32.9654  -24.5088  -24.4662  -24.4595  -24.4550  -24.3454  -24.3420  -23.7408  -23.7402  -23.6961  -23.6936  -23.6463  -23.6271  -23.6173  -23.5806  -23.5800  -23.5727  -23.5701  -23.5579  -15.4758  -15.4733  -15.4001  -15.3990  -15.3532  -15.3520  -15.3512  -15.3388  -15.2977  -15.2930  -15.2649  -15.2572  -15.2479  -15.2195  -15.1889  -15.1882  -15.1681  -15.0923  -12.2058  -11.4295  -11.4002  -10.7932  -10.6762  -10.5680  -10.5374  -10.4471  -10.2220  -10.1897   -9.7822   -9.7787   -6.3774   -6.2922   -5.7150   -5.6401   -4.8015   -3.7970   -3.7372   -3.6739   -3.6539   -3.5183   -3.4993   -3.1159   -3.0006   -2.9935   -2.8764   -2.4982   -2.4805   -2.3698   -2.1885   -1.9596   -1.9404   -1.9043   -1.8543   -1.8198   -1.5987   -1.5334   -1.4725   -1.4485   -1.3110   -1.2468   -1.2065   -1.1886   -1.0824   -0.8459   -0.5040   -0.2275    1.4014    1.8874    1.9639    2.2282    2.2849    2.5419    2.7952    2.8737    2.9928    3.0554    3.1193    3.1346    3.1728    3.1780    3.2568    3.4222    3.4503    3.4950    3.6622    3.8787    4.0038    4.0070    4.0498    4.2910    4.3075    4.3775    4.4196    4.5595    4.7125    4.7843    4.8248    5.1418
  2.7128  -44.8737  -44.8716  -44.0469  -44.0438  -44.0310  -44.0306  -33.0797  -33.0796  -33.0722  -33.0721  -32.9788  -32.9654  -24.5088  -24.4662  -24.4595  -24.4550  -24.3454  -24.3420  -23.7408  -23.7402  -23.6961  -23.6936  -23.6463  -23.6271  -23.6173  -23.5806  -23.5800  -23.5727  -23.5701  -23.5579  -15.4758  -15.4733  -15.4001  -15.3990  -15.3532  -15.3520  -15.3512  -15.3388  -15.2977  -15.2930  -15.2649  -15.2572  -15.2479  -15.2195  -15.1889  -15.1882  -15.1681  -15.0923  -12.2058  -11.4295  -11.4002  -10.7932  -10.6762  -10.5680  -10.5374  -10.4471  -10.2220  -10.1897   -9.7822   -9.7787   -6.3774   -6.2922   -5.7150   -5.6401   -4.8015   -3.7970   -3.7372   -3.6739   -3.6539   -3.5183   -3.4993   -3.1159   -3.0006   -2.9935   -2.8764   -2.4982   -2.4805   -2.3698   -2.1885   -1.9596   -1.9404   -1.9043   -1.8543   -1.8198   -1.5987   -1.5334   -1.4725   -1.4485   -1.3110   -1.2468   -1.2065   -1.1886   -1.0824   -0.8459   -0.5040   -0.2275    1.4014    1.8874    1.9639    2.2282    2.2849    2.5419    2.7952    2.8737    2.9928    3.0553    3.1193    3.1346    3.1729    3.1781    3.2564    3.4222    3.4503    3.4956    3.6626    3.8738    4.0031    4.0129    4.1105    4.2927    4.3136    4.4049    4.4572    4.5310    4.7133    4.7557    4.9309    4.9967
  2.7729  -44.8737  -44.8716  -44.0469  -44.0438  -44.0310  -44.0306  -33.0796  -33.0795  -33.0722  -33.0721  -32.9788  -32.9654  -24.5086  -24.4663  -24.4597  -24.4548  -24.3454  -24.3420  -23.7408  -23.7402  -23.6961  -23.6935  -23.6461  -23.6272  -23.6173  -23.5807  -23.5799  -23.5727  -23.5701  -23.5579  -15.4753  -15.4728  -15.4011  -15.3999  -15.3540  -15.3517  -15.3512  -15.3388  -15.2987  -15.2937  -15.2642  -15.2566  -15.2476  -15.2196  -15.1890  -15.1883  -15.1681  -15.0923  -12.2008  -11.4441  -11.3718  -10.7991  -10.6777  -10.5736  -10.5368  -10.4499  -10.2267  -10.1919   -9.7846   -9.7817   -6.3616   -6.2854   -5.7098   -5.6318   -4.7976   -3.8383   -3.7406   -3.7179   -3.6392   -3.5128   -3.4527   -3.1192   -3.0028   -2.9725   -2.8691   -2.5007   -2.4782   -2.3811   -2.1800   -1.9621   -1.9272   -1.9108   -1.8415   -1.8012   -1.5996   -1.5490   -1.4771   -1.4501   -1.3248   -1.2642   -1.2308   -1.1961   -1.1155   -0.8565   -0.5096   -0.2400    1.4593    1.9024    1.9669    2.2505    2.3255    2.5507    2.8025    2.8637    2.9166    3.0073    3.0998    3.1530    3.1849    3.2142    3.2730    3.4144    3.4789    3.5232    3.6434    3.8675    3.9543    4.0360    4.0644    4.2968    4.3410    4.3649    4.4323    4.5101    4.6649    4.7164    4.8793    4.9595
  2.8331  -44.8737  -44.8716  -44.0469  -44.0438  -44.0310  -44.0306  -33.0796  -33.0795  -33.0723  -33.0722  -32.9788  -32.9654  -24.5082  -24.4667  -24.4602  -24.4543  -24.3455  -24.3418  -23.7408  -23.7401  -23.6960  -23.6935  -23.6458  -23.6275  -23.6173  -23.5809  -23.5796  -23.5728  -23.5702  -23.5579  -15.4739  -15.4713  -15.4040  -15.4025  -15.3553  -15.3528  -15.3499  -15.3388  -15.3013  -15.2955  -15.2623  -15.2548  -15.2466  -15.2198  -15.1893  -15.1884  -15.1682  -15.0922  -12.1864  -11.4522  -11.3230  -10.8163  -10.6819  -10.5937  -10.5318  -10.4574  -10.2396  -10.1992   -9.7919   -9.7903   -6.3169   -6.2659   -5.6903   -5.6089   -4.7869   -3.9196   -3.8467   -3.7177   -3.5992   -3.5081   -3.3689   -3.1257   -3.0093   -2.9359   -2.8334   -2.5232   -2.4658   -2.3886   -2.1552   -1.9713   -1.9357   -1.9019   -1.8124   -1.7502   -1.6107   -1.5898   -1.4923   -1.4570   -1.3599   -1.3499   -1.3119   -1.2045   -1.1391   -0.8788   -0.5280   -0.2757    1.5980    1.9358    1.9792    2.3212    2.4325    2.5690    2.7833    2.8317    2.8454    2.9426    3.0590    3.1512    3.1987    3.2457    3.2876    3.4311    3.5069    3.5771    3.6764    3.8489    3.9351    4.0520    4.1561    4.2820    4.3369    4.3903    4.4434    4.5404    4.6978    4.7523    4.7972    4.9626
  2.8932  -44.8736  -44.8717  -44.0469  -44.0439  -44.0310  -44.0306  -33.0794  -33.0793  -33.0725  -33.0724  -32.9788  -32.9654  -24.5076  -24.4674  -24.4608  -24.4537  -24.3457  -24.3417  -23.7407  -23.7401  -23.6960  -23.6935  -23.6453  -23.6281  -23.6173  -23.5810  -23.5793  -23.5728  -23.5703  -23.5579  -15.4715  -15.4687  -15.4085  -15.4067  -15.3566  -15.3543  -15.3486  -15.3390  -15.3048  -15.2981  -15.2597  -15.2524  -15.2453  -15.2202  -15.1897  -15.1885  -15.1684  -15.0922  -12.1647  -11.4431  -11.2677  -10.8435  -10.6883  -10.6266  -10.5234  -10.4658  -10.2584  -10.2122   -9.8040   -9.8029   -6.2602   -6.2275   -5.6485   -5.5757   -4.7727   -4.0474   -3.9289   -3.7228   -3.5791   -3.4759   -3.2881   -3.1305   -3.0395   -2.8854   -2.7720   -2.5634   -2.4433   -2.3703   -2.1219   -2.0146   -1.9487   -1.9194   -1.7748   -1.6902   -1.6606   -1.6385   -1.5444   -1.4900   -1.4269   -1.4026   -1.3677   -1.2344   -1.1152   -0.8998   -0.5575   -0.3282    1.7420    1.9237    2.0573    2.4138    2.5697    2.5930    2.6913    2.8195    2.8507    2.9008    3.0157    3.1531    3.1767    3.2685    3.3054    3.4318    3.5186    3.6138    3.7474    3.7909    4.0027    4.0462    4.1701    4.2613    4.2901    4.4322    4.4713    4.5624    4.6325    4.6863    4.7588    4.9651
  2.9534  -44.8735  -44.8717  -44.0469  -44.0439  -44.0310  -44.0306  -33.0793  -33.0792  -33.0726  -33.0725  -32.9788  -32.9654  -24.5069  -24.4681  -24.4613  -24.4531  -24.3459  -24.3415  -23.7407  -23.7401  -23.6959  -23.6934  -23.6446  -23.6287  -23.6174  -23.5810  -23.5790  -23.5729  -23.5704  -23.5579  -15.4682  -15.4651  -15.4144  -15.4122  -15.3579  -15.3559  -15.3472  -15.3394  -15.3083  -15.3011  -15.2567  -15.2496  -15.2440  -15.2206  -15.1902  -15.1888  -15.1687  -15.0921  -12.1392  -11.4159  -11.2122  -10.8802  -10.6977  -10.6660  -10.5158  -10.4683  -10.2805  -10.2313   -9.8199   -9.8175   -6.2293   -6.1478   -5.5772   -5.5353   -4.7621   -4.1977   -3.9958   -3.7203   -3.5767   -3.4293   -3.2176   -3.1324   -3.0801   -2.8274   -2.7097   -2.5970   -2.4180   -2.3390   -2.1715   -2.0471   -1.9746   -1.9411   -1.7918   -1.7289   -1.6816   -1.6418   -1.6030   -1.5173   -1.4535   -1.4144   -1.3789   -1.2719   -1.0798   -0.9129   -0.5890   -0.3869    1.8395    1.8843    2.1751    2.4220    2.6218    2.6742    2.7121    2.8005    2.8405    2.9211    2.9702    3.1440    3.1602    3.2958    3.3343    3.3876    3.5156    3.6347    3.7338    3.8647    4.0426    4.0662    4.1707    4.2080    4.2765    4.4332    4.5051    4.6212    4.6593    4.7924    4.9940    5.1672
  3.0135  -44.8735  -44.8718  -44.0469  -44.0439  -44.0310  -44.0306  -33.0791  -33.0790  -33.0728  -33.0727  -32.9788  -32.9654  -24.5061  -24.4689  -24.4619  -24.4526  -24.3461  -24.3413  -23.7407  -23.7400  -23.6959  -23.6934  -23.6439  -23.6294  -23.6174  -23.5810  -23.5788  -23.5729  -23.5705  -23.5579  -15.4641  -15.4606  -15.4212  -15.4187  -15.3589  -15.3574  -15.3460  -15.3399  -15.3111  -15.3041  -15.2539  -15.2470  -15.2431  -15.2211  -15.1905  -15.1891  -15.1689  -15.0920  -12.1135  -11.3719  -11.1623  -10.9262  -10.7142  -10.7024  -10.5065  -10.4615  -10.3050  -10.2554   -9.8361   -9.8331   -6.2114   -6.0558   -5.4962   -5.4696   -4.7656   -4.3496   -4.0550   -3.7049   -3.5693   -3.3955   -3.1893   -3.1252   -3.0973   -2.7749   -2.6649   -2.6127   -2.4452   -2.3233   -2.2597   -2.0569   -1.9807   -1.9713   -1.8734   -1.7312   -1.6870   -1.6772   -1.5875   -1.5460   -1.4591   -1.4102   -1.3791   -1.3084   -1.0377   -0.9174   -0.6104   -0.4397    1.8252    1.9130    2.2525    2.3920    2.6021    2.7239    2.7752    2.8089    2.8555    2.9572    2.9648    3.1107    3.1473    3.2759    3.2929    3.4100    3.4641    3.6513    3.7732    3.9271    4.0095    4.0578    4.1674    4.2297    4.3570    4.4546    4.5098    4.5783    4.7510    4.8052    4.9524    5.0650
  3.0737  -44.8734  -44.8719  -44.0468  -44.0439  -44.0310  -44.0306  -33.0789  -33.0788  -33.0730  -33.0729  -32.9788  -32.9653  -24.5054  -24.4696  -24.4623  -24.4522  -24.3462  -24.3411  -23.7406  -23.7400  -23.6958  -23.6933  -23.6433  -23.6300  -23.6174  -23.5810  -23.5787  -23.5730  -23.5706  -23.5579  -15.4594  -15.4553  -15.4282  -15.4258  -15.3596  -15.3586  -15.3450  -15.3404  -15.3129  -15.3070  -15.2514  -15.2448  -15.2425  -15.2216  -15.1907  -15.1894  -15.1692  -15.0920  -12.0917  -11.3153  -11.1232  -10.9810  -10.7434  -10.7225  -10.4871  -10.4502  -10.3335  -10.2801   -9.8499   -9.8472   -6.2010   -5.9724   -5.4480   -5.3490   -4.7921   -4.4905   -4.1008   -3.6775   -3.5496   -3.3862   -3.2221   -3.1103   -3.0698   -2.7418   -2.6468   -2.6263   -2.5596   -2.2990   -2.2436   -2.1144   -2.0385   -1.9265   -1.8925   -1.7521   -1.6969   -1.6694   -1.6237   -1.5548   -1.4518   -1.4156   -1.3809   -1.3309   -0.9973   -0.9142   -0.6157   -0.4771    1.7802    1.9653    2.2125    2.4150    2.6021    2.7177    2.7676    2.8318    2.8869    3.0028    3.0172    3.0667    3.1212    3.1838    3.2465    3.3981    3.4786    3.6168    3.8398    3.9611    4.0220    4.1093    4.1960    4.2964    4.4217    4.4702    4.5298    4.6612    4.8195    4.8838    4.9502    5.1200
  3.1338  -44.8734  -44.8719  -44.0468  -44.0439  -44.0310  -44.0306  -33.0788  -33.0787  -33.0731  -33.0730  -32.9788  -32.9653  -24.5049  -24.4701  -24.4625  -24.4520  -24.3463  -24.3410  -23.7406  -23.7400  -23.6958  -23.6933  -23.6428  -23.6305  -23.6175  -23.5809  -23.5786  -23.5730  -23.5706  -23.5579  -15.4547  -15.4494  -15.4346  -15.4329  -15.3599  -15.3595  -15.3444  -15.3407  -15.3136  -15.3092  -15.2497  -15.2433  -15.2423  -15.2220  -15.1908  -15.1897  -15.1694  -15.0919  -12.0770  -11.2556  -11.0986  -11.0383  -10.7658  -10.7355  -10.4576  -10.4378  -10.3688  -10.2984   -9.8590   -9.8573   -6.1959   -5.9140   -5.4063   -5.2344   -4.8324   -4.6042   -4.1275   -3.6466   -3.5226   -3.4013   -3.2527   -3.1047   -3.0426   -2.7606   -2.6648   -2.6351   -2.5932   -2.2779   -2.2300   -2.1566   -2.0493   -1.9156   -1.8815   -1.7619   -1.6974   -1.6782   -1.6426   -1.5790   -1.4457   -1.4287   -1.3831   -1.3369   -0.9741   -0.9032   -0.6109   -0.4966    1.7498    2.0179    2.1451    2.4079    2.6381    2.7143    2.7406    2.8055    2.9177    2.9992    3.0522    3.0681    3.1282    3.1691    3.1856    3.3391    3.4835    3.5912    3.8863    3.9967    4.0446    4.1679    4.1870    4.3604    4.4299    4.5001    4.6233    4.6586    4.7943    4.8930    4.9101    5.0878
  3.1940  -44.8733  -44.8719  -44.0468  -44.0439  -44.0310  -44.0306  -33.0788  -33.0787  -33.0731  -33.0730  -32.9788  -32.9653  -24.5048  -24.4703  -24.4626  -24.4519  -24.3463  -24.3410  -23.7406  -23.7400  -23.6958  -23.6933  -23.6426  -23.6307  -23.6175  -23.5809  -23.5786  -23.5730  -23.5706  -23.5579  -15.4521  -15.4454  -15.4377  -15.4373  -15.3600  -15.3598  -15.3442  -15.3409  -15.3137  -15.3101  -15.2490  -15.2427  -15.2423  -15.2221  -15.1907  -15.1898  -15.1694  -15.0919  -12.0719  -11.2226  -11.0914  -11.0691  -10.7738  -10.7403  -10.4436  -10.4115  -10.4060  -10.3050   -9.8619   -9.8611   -6.1945   -5.8931   -5.3878   -5.1820   -4.8532   -4.6536   -4.1358   -3.6314   -3.5077   -3.4152   -3.2642   -3.1030   -3.0336   -2.7892   -2.6483   -2.6472   -2.6002   -2.2773   -2.2126   -2.1823   -2.0315   -1.9365   -1.8627   -1.7646   -1.6961   -1.6894   -1.6357   -1.5989   -1.4438   -1.4369   -1.3820   -1.3378   -0.9685   -0.8961   -0.6075   -0.5021    1.7394    2.0631    2.0938    2.3988    2.6623    2.7071    2.7405    2.7793    2.9154    2.9797    3.0512    3.1043    3.1359    3.1756    3.1935    3.2831    3.4858    3.5778    3.9023    4.0162    4.0424    4.1697    4.1874    4.3942    4.4813    4.5344    4.6185    4.6812    4.8504    4.8721    4.8873    5.0356
