#K-Path     Band-1    Band-2    Band-3    Band-4      ...     Band-n
  0.0000  -36.4279  -36.3850  -36.3808  -36.3780  -25.6796  -25.6789  -25.5905  -25.5902  -25.5505  -25.5426  -25.5302  -25.5210  -25.5146  -25.5142  -25.4427  -25.4393  -17.8126  -17.7572  -17.6310  -17.5210  -17.4223  -17.3984  -17.3050  -17.2978  -17.2795  -17.1828  -17.0479  -17.0439  -15.8611  -15.8018  -15.7758  -15.6920  -15.5494  -15.4653  -15.4609  -15.3492  -15.2420  -15.2059  -15.1040  -15.0630  -15.0547  -15.0409  -15.0159  -15.0130  -15.0064  -15.0042  -14.8478  -14.8129  -14.5829  -13.3290  -13.1145  -12.8905  -12.6881  -12.4998  -12.4769  -12.4102   -5.6211   -5.0700   -4.8840   -4.3515   -3.3057   -2.9313   -2.9175   -2.8598   -2.5438   -2.2158   -1.8857   -1.7265   -1.7233   -1.4768   -1.3799   -1.3202   -1.2317   -1.1472   -1.0396   -1.0053   -0.8070   -0.3427   -0.2750   -0.2541    1.2922    3.3886    3.8396    4.6888    4.8271    5.0340    5.0778    5.0898    5.2639    5.6330    5.7309    5.8801    6.1283    6.4405    6.6686    6.8742    7.2548    7.3003    7.5965    7.7921    7.9684    8.0504    8.2613    8.3166    8.7037    8.7090    8.9260    9.0271    9.3866    9.4897    9.5874    9.6112
  0.0618  -36.4279  -36.3850  -36.3808  -36.3780  -25.6797  -25.6788  -25.5904  -25.5903  -25.5506  -25.5426  -25.5302  -25.5210  -25.5146  -25.5142  -25.4427  -25.4393  -17.8121  -17.7583  -17.6302  -17.5209  -17.4217  -17.3988  -17.3050  -17.2977  -17.2794  -17.1829  -17.0480  -17.0440  -15.8593  -15.8032  -15.7766  -15.6912  -15.5518  -15.4728  -15.4627  -15.3454  -15.2417  -15.2060  -15.1039  -15.0644  -15.0546  -15.0398  -15.0182  -15.0103  -15.0065  -15.0041  -14.8468  -14.8145  -14.5668  -13.3327  -13.1253  -12.8873  -12.6859  -12.5069  -12.4675  -12.4173   -5.6152   -5.0772   -4.8684   -4.3523   -3.3001   -2.9448   -2.9409   -2.8263   -2.5240   -2.2265   -1.8722   -1.8411   -1.6060   -1.4819   -1.3620   -1.3199   -1.2260   -1.1461   -1.0486   -0.9973   -0.8140   -0.3531   -0.3498   -0.2677    1.3827    3.3963    3.8383    4.6868    4.8077    5.0086    5.0841    5.1150    5.2659    5.6320    5.6742    5.9049    6.1264    6.4416    6.6180    6.8866    7.2168    7.3361    7.5749    7.7737    7.8553    8.0778    8.2403    8.3278    8.7038    8.7323    8.9678    9.0082    9.2442    9.4334    9.6739    9.7460
  0.1237  -36.4279  -36.3850  -36.3808  -36.3780  -25.6799  -25.6787  -25.5904  -25.5903  -25.5507  -25.5428  -25.5301  -25.5210  -25.5145  -25.5143  -25.4427  -25.4393  -17.8110  -17.7616  -17.6277  -17.5208  -17.4199  -17.3999  -17.3049  -17.2972  -17.2792  -17.1830  -17.0482  -17.0440  -15.8539  -15.8068  -15.7786  -15.6888  -15.5591  -15.4911  -15.4679  -15.3375  -15.2406  -15.2062  -15.1035  -15.0676  -15.0546  -15.0372  -15.0206  -15.0069  -15.0069  -15.0036  -14.8441  -14.8189  -14.5195  -13.3429  -13.1575  -12.8784  -12.6797  -12.5186  -12.4491  -12.4371   -5.5983   -5.0976   -4.8235   -4.3546   -3.2843   -2.9801   -2.9639   -2.7723   -2.4709   -2.2541   -1.9421   -1.8369   -1.5455   -1.4536   -1.3166   -1.3127   -1.2117   -1.1377   -1.0726   -0.9795   -0.8309   -0.5557   -0.3707   -0.2925    1.6090    3.4199    3.8343    4.6804    4.7476    4.9737    5.1044    5.1448    5.2726    5.5639    5.6326    5.9118    6.1218    6.4428    6.5293    6.8748    7.1518    7.3744    7.5034    7.7035    7.7619    8.0618    8.1827    8.3169    8.6996    8.7442    8.9703    9.0889    9.1518    9.3263    9.6272    9.8012
  0.1855  -36.4279  -36.3850  -36.3808  -36.3780  -25.6801  -25.6786  -25.5905  -25.5901  -25.5508  -25.5430  -25.5299  -25.5209  -25.5144  -25.5143  -25.4426  -25.4393  -17.8092  -17.7664  -17.6240  -17.5203  -17.4172  -17.4015  -17.3047  -17.2964  -17.2790  -17.1831  -17.0485  -17.0441  -15.8459  -15.8122  -15.7804  -15.6849  -15.5713  -15.5131  -15.4759  -15.3308  -15.2387  -15.2065  -15.1029  -15.0713  -15.0547  -15.0343  -15.0218  -15.0075  -15.0044  -15.0029  -14.8401  -14.8255  -14.4443  -13.3572  -13.2108  -12.8654  -12.6708  -12.5312  -12.4661  -12.4274   -5.5718   -5.1287   -4.7544   -4.3581   -3.2615   -3.0037   -2.9895   -2.7165   -2.3965   -2.2910   -2.0239   -1.7891   -1.5555   -1.4178   -1.3070   -1.2308   -1.2005   -1.1111   -1.0925   -0.9718   -0.8542   -0.7848   -0.4039   -0.3319    1.9014    3.4605    3.8270    4.6460    4.6698    4.9474    5.1369    5.1399    5.2850    5.4501    5.6403    5.8601    6.1027    6.4400    6.4718    6.8255    7.0584    7.3402    7.3842    7.6380    7.8004    8.0258    8.1142    8.2597    8.6336    8.6806    8.8581    9.0856    9.0934    9.2632    9.5912    9.8809
  0.2473  -36.4279  -36.3850  -36.3808  -36.3780  -25.6804  -25.6784  -25.5906  -25.5898  -25.5509  -25.5432  -25.5298  -25.5209  -25.5146  -25.5140  -25.4425  -25.4393  -17.8072  -17.7723  -17.6195  -17.5194  -17.4140  -17.4036  -17.3045  -17.2956  -17.2788  -17.1833  -17.0488  -17.0443  -15.8374  -15.8182  -15.7793  -15.6798  -15.5881  -15.5345  -15.4857  -15.3270  -15.2361  -15.2068  -15.1022  -15.0749  -15.0552  -15.0316  -15.0218  -15.0083  -15.0033  -15.0019  -14.8355  -14.8332  -14.3460  -13.3728  -13.2844  -12.8502  -12.6605  -12.5440  -12.4992  -12.4048   -5.5384   -5.1666   -4.6702   -4.3622   -3.2375   -3.0103   -3.0085   -2.6630   -2.3316   -2.3135   -2.0834   -1.7361   -1.5761   -1.4280   -1.2996   -1.2407   -1.2124   -1.0682   -1.0381   -1.0233   -0.9452   -0.8169   -0.4472   -0.3848    2.2174    3.5205    3.8148    4.5098    4.6600    4.9281    5.0381    5.1882    5.3061    5.3819    5.6556    5.7644    6.0600    6.4318    6.4607    6.7824    6.9262    7.2412    7.2494    7.6453    7.8703    8.0122    8.0512    8.1852    8.4836    8.6731    8.7747    8.9760    9.1538    9.2962    9.7831    9.9895
  0.3092  -36.4279  -36.3850  -36.3808  -36.3780  -25.6807  -25.6782  -25.5907  -25.5896  -25.5511  -25.5435  -25.5296  -25.5208  -25.5147  -25.5138  -25.4424  -25.4393  -17.8052  -17.7784  -17.6149  -17.5181  -17.4107  -17.4059  -17.3042  -17.2947  -17.2786  -17.1834  -17.0492  -17.0444  -15.8314  -15.8239  -15.7722  -15.6741  -15.6088  -15.5534  -15.4957  -15.3259  -15.2332  -15.2072  -15.1016  -15.0777  -15.0558  -15.0295  -15.0208  -15.0092  -15.0030  -15.0012  -14.8410  -14.8310  -14.2314  -13.3873  -13.3761  -12.8348  -12.6498  -12.5565  -12.5314  -12.3838   -5.5011   -5.2074   -4.5826   -4.3664   -3.2196   -3.0146   -2.9973   -2.6139   -2.3729   -2.2462   -2.1042   -1.6867   -1.6039   -1.4604   -1.4331   -1.2773   -1.2502   -1.0944   -1.0114   -0.9390   -0.9039   -0.7920   -0.4971   -0.4483    2.5327    3.6029    3.7941    4.3529    4.6574    4.8320    4.9374    5.2381    5.3393    5.3437    5.6698    5.6713    6.0115    6.4206    6.4674    6.7746    6.7797    7.1245    7.1455    7.6134    7.9347    8.0011    8.0151    8.1666    8.3068    8.6630    8.7573    8.8418    9.1732    9.2446    9.7762   10.1536
  0.3710  -36.4279  -36.3850  -36.3808  -36.3780  -25.6809  -25.6780  -25.5908  -25.5894  -25.5512  -25.5437  -25.5295  -25.5207  -25.5148  -25.5136  -25.4423  -25.4393  -17.8035  -17.7836  -17.6110  -17.5168  -17.4081  -17.4079  -17.3040  -17.2940  -17.2784  -17.1836  -17.0495  -17.0446  -15.8289  -15.8285  -15.7587  -15.6684  -15.6314  -15.5683  -15.5044  -15.3264  -15.2305  -15.2074  -15.1011  -15.0796  -15.0565  -15.0278  -15.0192  -15.0101  -15.0031  -15.0010  -14.8475  -14.8273  -14.1090  -13.4805  -13.3989  -12.8214  -12.6393  -12.5674  -12.5592  -12.3669   -5.4637   -5.2470   -4.5055   -4.3703   -3.2116   -3.0078   -2.9670   -2.5706   -2.4131   -2.2341   -2.0547   -1.7083   -1.6462   -1.5514   -1.4946   -1.3051   -1.2870   -1.1021   -0.9527   -0.8997   -0.7996   -0.7669   -0.5486   -0.5172    2.8286    3.7088    3.7560    4.1976    4.6034    4.6811    4.9351    5.2593    5.2731    5.4059    5.6263    5.6752    5.9713    6.4116    6.4734    6.6400    6.8149    7.0242    7.0615    7.5436    7.9332    7.9742    7.9999    8.1664    8.2648    8.6494    8.7639    8.7684    9.1956    9.2270    9.7949   10.2635
  0.4328  -36.4279  -36.3850  -36.3808  -36.3780  -25.6811  -25.6779  -25.5909  -25.5893  -25.5513  -25.5438  -25.5294  -25.5207  -25.5149  -25.5135  -25.4423  -25.4393  -17.8024  -17.7871  -17.6084  -17.5157  -17.4094  -17.4062  -17.3038  -17.2936  -17.2783  -17.1837  -17.0497  -17.0446  -15.8315  -15.8284  -15.7429  -15.6640  -15.6521  -15.5782  -15.5103  -15.3272  -15.2286  -15.2076  -15.1008  -15.0807  -15.0569  -15.0267  -15.0178  -15.0108  -15.0034  -15.0009  -14.8518  -14.8249  -13.9951  -13.5832  -13.4062  -12.8122  -12.6298  -12.5797  -12.5751  -12.3559   -5.4319   -5.2799   -4.4519   -4.3735   -3.2105   -2.9965   -2.9314   -2.5354   -2.4486   -2.2459   -1.9767   -1.8306   -1.7026   -1.5164   -1.5118   -1.3610   -1.3104   -1.0938   -0.9042   -0.8506   -0.7497   -0.7303   -0.5922   -0.5803    3.0777    3.6869    3.8282    4.0811    4.4071    4.6924    4.9533    5.1569    5.2913    5.4791    5.6239    5.6577    5.9449    6.4107    6.4763    6.5474    6.8638    6.9543    6.9972    7.4829    7.9113    7.9383    7.9569    8.1283    8.3935    8.6182    8.7170    8.7776    9.2002    9.2130    9.7625   10.3919
  0.4947  -36.4279  -36.3850  -36.3808  -36.3780  -25.6811  -25.6779  -25.5909  -25.5892  -25.5513  -25.5438  -25.5293  -25.5207  -25.5149  -25.5134  -25.4423  -25.4393  -17.8020  -17.7883  -17.6074  -17.5153  -17.4099  -17.4055  -17.3038  -17.2934  -17.2782  -17.1837  -17.0498  -17.0447  -15.8325  -15.8284  -15.7348  -15.6622  -15.6618  -15.5817  -15.5124  -15.3275  -15.2279  -15.2076  -15.1007  -15.0811  -15.0570  -15.0263  -15.0173  -15.0111  -15.0037  -15.0009  -14.8533  -14.8241  -13.9376  -13.6369  -13.4087  -12.8088  -12.6249  -12.5884  -12.5779  -12.3521   -5.4176   -5.2945   -4.4324   -4.3751   -3.2108   -2.9913   -2.9145   -2.5178   -2.4671   -2.2517   -1.9340   -1.8836   -1.7374   -1.5234   -1.4647   -1.4094   -1.3182   -1.0888   -0.8839   -0.8248   -0.7437   -0.7060   -0.6109   -0.6104    3.1971    3.6303    3.8985    4.0399    4.3070    4.7007    4.9747    5.1001    5.2971    5.5209    5.6274    5.6371    5.9355    6.4144    6.4772    6.5122    6.9059    6.9096    6.9721    7.4600    7.9044    7.9222    7.9258    8.2958    8.4775    8.5754    8.6983    8.7836    9.2024    9.2309    9.7585   10.2660
  0.4947  -36.4108  -36.4107  -36.3753  -36.3752  -25.6793  -25.6793  -25.5903  -25.5902  -25.5481  -25.5481  -25.5232  -25.5231  -25.5156  -25.5155  -25.4410  -25.4409  -17.6619  -17.6618  -17.5743  -17.5741  -17.4422  -17.4421  -17.3291  -17.3291  -17.2754  -17.2753  -17.1165  -17.1164  -15.8064  -15.8062  -15.6890  -15.6887  -15.6136  -15.6134  -15.3576  -15.3574  -15.1935  -15.1934  -15.1000  -15.0997  -15.0587  -15.0585  -15.0223  -15.0221  -15.0113  -15.0113  -14.8280  -14.8280  -14.0462  -14.0462  -12.7867  -12.7866  -12.6821  -12.6819  -12.4474  -12.4473   -5.3094   -5.3091   -4.5342   -4.5339   -3.3890   -3.3887   -2.6873   -2.6871   -2.0784   -2.0781   -1.9204   -1.9202   -1.7902   -1.7902   -1.3531   -1.3529   -1.2725   -1.2723   -1.0036   -1.0035   -0.7427   -0.7426   -0.4342   -0.4341    2.8474    2.8476    4.3964    4.3966    4.8882    4.8883    5.0700    5.0701    5.3529    5.3531    5.7930    5.7932    6.2892    6.2893    6.6632    6.6634    7.3122    7.3124    7.4814    7.4815    7.8607    7.8609    7.9504    7.9508    8.4493    8.4635    9.1525    9.2112    9.6056    9.6976    9.8087    9.8929
  0.5524  -36.4148  -36.4064  -36.3756  -36.3750  -25.6794  -25.6792  -25.5903  -25.5902  -25.5488  -25.5473  -25.5243  -25.5223  -25.5157  -25.5154  -25.4413  -25.4406  -17.6981  -17.6230  -17.6126  -17.5368  -17.4872  -17.3954  -17.3773  -17.2889  -17.2814  -17.2571  -17.1377  -17.0981  -15.8078  -15.8053  -15.7187  -15.6585  -15.6320  -15.5938  -15.3661  -15.3514  -15.2072  -15.1783  -15.1194  -15.0823  -15.0602  -15.0560  -15.0233  -15.0213  -15.0123  -15.0099  -14.8320  -14.8242  -14.1646  -13.9238  -12.8200  -12.7612  -12.7237  -12.6396  -12.4545  -12.4398   -5.3763   -5.2454   -4.6093   -4.4633   -3.4426   -3.3293   -2.6912   -2.6728   -2.1319   -2.1301   -1.9532   -1.8317   -1.8170   -1.7113   -1.3917   -1.3354   -1.2638   -1.2309   -1.0196   -0.9947   -0.8558   -0.6286   -0.4917   -0.3834    2.5722    3.1084    4.2513    4.4740    4.8510    4.8856    5.0991    5.1076    5.3735    5.3740    5.7642    5.8151    6.2323    6.3220    6.6716    6.6902    7.1875    7.3336    7.5028    7.6238    7.8147    7.9003    7.9525    7.9528    8.4025    8.4943    9.0694    9.2000    9.5581    9.6818    9.8090    9.9731
  0.6101  -36.4185  -36.4020  -36.3761  -36.3751  -25.6795  -25.6791  -25.5903  -25.5902  -25.5494  -25.5463  -25.5255  -25.5216  -25.5156  -25.5151  -25.4417  -25.4402  -17.7308  -17.6503  -17.5824  -17.5282  -17.5015  -17.4209  -17.3511  -17.2858  -17.2751  -17.2104  -17.1613  -17.0826  -15.8110  -15.8044  -15.7454  -15.6487  -15.6294  -15.5729  -15.3771  -15.3477  -15.2190  -15.1622  -15.1395  -15.0692  -15.0613  -15.0512  -15.0242  -15.0204  -15.0125  -15.0085  -14.8360  -14.8209  -14.2756  -13.8005  -12.8604  -12.7730  -12.7325  -12.6002  -12.4610  -12.4323   -5.4418   -5.1891   -4.6828   -4.4045   -3.4793   -3.2697   -2.6886   -2.6544   -2.2406   -2.2077   -1.9840   -1.7787   -1.7361   -1.6229   -1.4133   -1.3542   -1.2495   -1.1228   -1.0439   -0.9984   -0.9435   -0.5530   -0.5234   -0.3412    2.2915    3.3436    4.0575    4.5134    4.8347    4.8441    5.1346    5.1525    5.3951    5.4611    5.7697    5.8090    6.1833    6.3263    6.6924    6.7465    7.0509    7.3613    7.6094    7.7346    7.7525    7.9355    7.9532    8.0497    8.3615    8.5327    9.0035    9.1853    9.5309    9.6701    9.8186    9.8697
  0.6678  -36.4217  -36.3977  -36.3767  -36.3757  -25.6795  -25.6790  -25.5904  -25.5902  -25.5498  -25.5453  -25.5268  -25.5213  -25.5154  -25.5148  -25.4420  -25.4399  -17.7590  -17.6852  -17.5636  -17.5412  -17.4693  -17.4571  -17.3184  -17.2898  -17.2607  -17.1894  -17.1572  -17.0700  -15.8187  -15.8036  -15.7647  -15.6633  -15.6031  -15.5513  -15.3905  -15.3461  -15.2285  -15.1591  -15.1459  -15.0622  -15.0620  -15.0447  -15.0231  -15.0194  -15.0122  -15.0073  -14.8398  -14.8181  -14.3756  -13.6793  -12.9082  -12.8105  -12.7169  -12.5657  -12.4666  -12.4252   -5.5015   -5.1433   -4.7498   -4.3647   -3.4865   -3.2104   -2.6897   -2.6510   -2.3516   -2.2668   -2.0002   -1.7346   -1.6609   -1.5494   -1.4165   -1.3807   -1.2351   -1.0761   -1.0496   -1.0148   -0.9167   -0.6107   -0.4334   -0.3080    2.0142    3.5394    3.8537    4.5549    4.7994    4.8453    5.1191    5.2019    5.3910    5.5301    5.7802    5.8439    6.1707    6.3335    6.6567    6.8259    6.9892    7.3975    7.6706    7.7364    7.7480    7.9597    8.0233    8.2334    8.3618    8.5469    8.9746    9.0568    9.5575    9.6873    9.7951   10.0643
  0.7256  -36.4244  -36.3936  -36.3772  -36.3766  -25.6796  -25.6790  -25.5904  -25.5902  -25.5502  -25.5443  -25.5281  -25.5211  -25.5151  -25.5146  -25.4423  -25.4396  -17.7818  -17.7151  -17.5924  -17.5010  -17.4852  -17.4412  -17.3055  -17.2931  -17.2350  -17.2166  -17.1117  -17.0603  -15.8322  -15.8029  -15.7738  -15.6754  -15.5809  -15.5291  -15.4061  -15.3463  -15.2354  -15.1770  -15.1302  -15.0625  -15.0585  -15.0413  -15.0188  -15.0182  -15.0112  -15.0066  -14.8431  -14.8159  -14.4607  -13.5633  -12.9634  -12.8436  -12.7042  -12.5376  -12.4710  -12.4191   -5.5517   -5.1094   -4.8061   -4.3465   -3.4578   -3.1486   -2.7090   -2.6848   -2.4475   -2.2829   -1.9866   -1.7098   -1.6306   -1.5013   -1.4068   -1.3960   -1.2216   -1.1124   -1.0632   -1.0055   -0.7953   -0.6309   -0.3625   -0.2836    1.7516    3.6675    3.6841    4.6190    4.7630    4.8779    5.0873    5.2365    5.3477    5.5594    5.7520    5.9115    6.2037    6.3558    6.6300    6.7924    7.0895    7.3907    7.5939    7.7425    7.8953    7.9711    8.1382    8.2330    8.5429    8.5734    8.9001    8.9548    9.5148    9.6715    9.7595    9.8651
  0.7833  -36.4263  -36.3899  -36.3780  -36.3776  -25.6796  -25.6789  -25.5904  -25.5902  -25.5504  -25.5434  -25.5292  -25.5210  -25.5149  -25.5144  -25.4425  -25.4395  -17.7987  -17.7379  -17.6136  -17.5052  -17.4640  -17.4184  -17.3039  -17.2957  -17.2445  -17.2081  -17.0753  -17.0534  -15.8468  -15.8023  -15.7761  -15.6844  -15.5638  -15.5067  -15.4236  -15.3475  -15.2396  -15.1919  -15.1168  -15.0628  -15.0563  -15.0409  -15.0171  -15.0147  -15.0088  -15.0063  -14.8456  -14.8143  -14.5265  -13.4570  -13.0242  -12.8690  -12.6952  -12.5168  -12.4743  -12.4143   -5.5896   -5.0868   -4.8486   -4.3446   -3.4003   -3.0812   -2.7598   -2.7535   -2.5098   -2.2617   -1.9493   -1.7068   -1.6577   -1.4797   -1.3932   -1.3756   -1.2154   -1.1410   -1.0464   -1.0119   -0.7774   -0.5228   -0.3126   -0.2674    1.5218    3.5185    3.7761    4.6854    4.7527    4.9301    5.0568    5.2516    5.2739    5.5845    5.7371    5.9221    6.2001    6.3895    6.6932    6.7341    7.2188    7.3439    7.5500    7.7643    7.9686    8.0498    8.1334    8.3299    8.5400    8.7389    8.8109    8.9865    9.4446    9.5574    9.6921    9.7618
  0.8410  -36.4275  -36.3867  -36.3796  -36.3779  -25.6796  -25.6789  -25.5905  -25.5902  -25.5505  -25.5428  -25.5300  -25.5210  -25.5147  -25.5142  -25.4427  -25.4393  -17.8091  -17.7523  -17.6267  -17.5170  -17.4347  -17.4034  -17.3050  -17.2973  -17.2685  -17.1894  -17.0520  -17.0493  -15.8574  -15.8020  -15.7761  -15.6901  -15.5530  -15.4846  -15.4426  -15.3487  -15.2416  -15.2022  -15.1074  -15.0630  -15.0550  -15.0409  -15.0162  -15.0132  -15.0063  -15.0055  -14.8472  -14.8133  -14.5684  -13.3693  -13.0837  -12.8851  -12.6899  -12.5041  -12.4763  -12.4112   -5.6131   -5.0741   -4.8751   -4.3490   -3.3364   -3.0065   -2.8377   -2.8266   -2.5370   -2.2304   -1.9065   -1.7179   -1.7026   -1.4765   -1.3834   -1.3379   -1.2244   -1.1484   -1.0354   -1.0120   -0.7987   -0.3949   -0.2839   -0.2577    1.3552    3.4220    3.8246    4.6927    4.8009    4.9997    5.0386    5.1766    5.2629    5.6148    5.7320    5.8998    6.1513    6.4242    6.6879    6.8126    7.2863    7.2876    7.5688    7.7827    7.9707    8.0727    8.1733    8.4185    8.5228    8.8012    8.8759    9.0106    9.4379    9.4927    9.6187    9.8983
  0.8987  -36.4279  -36.3850  -36.3808  -36.3780  -25.6796  -25.6789  -25.5905  -25.5902  -25.5505  -25.5426  -25.5302  -25.5210  -25.5146  -25.5142  -25.4427  -25.4393  -17.8126  -17.7572  -17.6310  -17.5210  -17.4223  -17.3984  -17.3050  -17.2978  -17.2795  -17.1828  -17.0479  -17.0439  -15.8611  -15.8018  -15.7758  -15.6920  -15.5494  -15.4653  -15.4609  -15.3492  -15.2420  -15.2059  -15.1040  -15.0630  -15.0547  -15.0409  -15.0159  -15.0130  -15.0064  -15.0042  -14.8478  -14.8129  -14.5829  -13.3290  -13.1145  -12.8905  -12.6881  -12.4998  -12.4769  -12.4102   -5.6211   -5.0700   -4.8840   -4.3515   -3.3057   -2.9313   -2.9175   -2.8598   -2.5438   -2.2158   -1.8857   -1.7265   -1.7233   -1.4768   -1.3799   -1.3202   -1.2317   -1.1472   -1.0396   -1.0053   -0.8070   -0.3427   -0.2750   -0.2541    1.2922    3.3886    3.8396    4.6888    4.8271    5.0340    5.0778    5.0898    5.2639    5.6330    5.7309    5.8801    6.1283    6.4405    6.6686    6.8742    7.2548    7.3003    7.5968    7.7926    7.9682    8.0501    8.2642    8.3166    8.7048    8.7264    8.9337    9.0348    9.4564    9.5317    9.6155    9.8207
  0.8987  -36.4279  -36.3850  -36.3808  -36.3780  -25.6796  -25.6789  -25.5905  -25.5902  -25.5505  -25.5426  -25.5302  -25.5210  -25.5146  -25.5142  -25.4427  -25.4393  -17.8126  -17.7572  -17.6310  -17.5210  -17.4223  -17.3984  -17.3050  -17.2978  -17.2795  -17.1828  -17.0479  -17.0439  -15.8611  -15.8018  -15.7758  -15.6920  -15.5494  -15.4653  -15.4609  -15.3492  -15.2420  -15.2059  -15.1040  -15.0630  -15.0547  -15.0409  -15.0159  -15.0130  -15.0064  -15.0042  -14.8478  -14.8129  -14.5829  -13.3290  -13.1145  -12.8905  -12.6881  -12.4998  -12.4769  -12.4102   -5.6211   -5.0700   -4.8840   -4.3515   -3.3057   -2.9313   -2.9175   -2.8598   -2.5438   -2.2158   -1.8857   -1.7265   -1.7233   -1.4768   -1.3799   -1.3202   -1.2317   -1.1472   -1.0396   -1.0053   -0.8070   -0.3427   -0.2750   -0.2541    1.2922    3.3886    3.8396    4.6888    4.8271    5.0340    5.0778    5.0898    5.2639    5.6330    5.7309    5.8801    6.1283    6.4405    6.6686    6.8742    7.2548    7.3003    7.5965    7.7933    7.9682    8.0460    8.2630    8.3165    8.7073    8.7106    8.9377    9.1448    9.4428    9.5333    9.5750    9.6790
  0.9584  -36.4275  -36.3850  -36.3809  -36.3784  -25.6796  -25.6789  -25.5905  -25.5902  -25.5505  -25.5427  -25.5301  -25.5210  -25.5147  -25.5142  -25.4427  -25.4393  -17.8083  -17.7585  -17.6403  -17.5292  -17.4120  -17.3892  -17.3056  -17.2983  -17.2753  -17.1818  -17.0566  -17.0452  -15.8592  -15.8033  -15.7780  -15.6936  -15.5487  -15.4665  -15.4597  -15.3521  -15.2416  -15.2063  -15.1034  -15.0624  -15.0549  -15.0406  -15.0167  -15.0121  -15.0065  -15.0046  -14.8472  -14.8132  -14.5665  -13.3355  -13.1097  -12.8929  -12.6929  -12.5156  -12.4695  -12.4098   -5.6058   -5.0587   -4.8800   -4.3601   -3.3281   -3.0442   -2.8977   -2.7154   -2.5412   -2.2196   -1.8762   -1.8056   -1.6430   -1.4689   -1.3810   -1.3453   -1.2280   -1.1498   -1.0469   -1.0044   -0.8167   -0.3507   -0.3345   -0.2738    1.3722    3.4023    3.8571    4.6057    4.6320    4.8749    5.2397    5.2720    5.2721    5.6333    5.6948    5.9291    6.1625    6.4678    6.6732    6.8963    7.2559    7.3251    7.5950    7.7860    7.9421    8.0306    8.2523    8.3525    8.6965    8.7346    8.9693    9.1633    9.4028    9.5237    9.5932    9.8916
  1.0180  -36.4261  -36.3848  -36.3816  -36.3793  -25.6796  -25.6789  -25.5904  -25.5902  -25.5503  -25.5430  -25.5297  -25.5210  -25.5149  -25.5143  -25.4426  -25.4394  -17.7968  -17.7628  -17.6606  -17.5451  -17.3903  -17.3709  -17.3086  -17.2958  -17.2621  -17.1787  -17.0819  -17.0490  -15.8535  -15.8075  -15.7841  -15.6983  -15.5469  -15.4699  -15.4563  -15.3598  -15.2405  -15.2073  -15.1015  -15.0605  -15.0557  -15.0396  -15.0181  -15.0106  -15.0067  -15.0059  -14.8456  -14.8139  -14.5193  -13.3562  -13.0954  -12.8991  -12.7066  -12.5457  -12.4627  -12.4091   -5.5620   -5.0252   -4.8702   -4.3840   -3.3690   -3.1706   -2.8381   -2.5399   -2.5189   -2.2260   -1.8725   -1.8531   -1.5931   -1.4243   -1.4094   -1.3855   -1.2276   -1.1572   -1.0656   -0.9998   -0.8461   -0.5180   -0.3743   -0.2871    1.5743    3.4425    3.9045    4.3586    4.3908    4.7498    5.2752    5.3717    5.4072    5.6670    5.7022    6.0139    6.2520    6.5429    6.7140    6.9500    7.2823    7.3782    7.5934    7.7583    7.8824    8.0002    8.2224    8.4130    8.6326    8.7459    8.9703    9.1254    9.2644    9.4278    9.4670    9.7641
  1.0776  -36.4238  -36.3846  -36.3833  -36.3801  -25.6796  -25.6790  -25.5904  -25.5902  -25.5500  -25.5435  -25.5291  -25.5210  -25.5152  -25.5144  -25.4424  -25.4395  -17.7842  -17.7711  -17.6764  -17.5568  -17.3768  -17.3552  -17.3118  -17.2827  -17.2403  -17.1747  -17.1207  -17.0552  -15.8446  -15.8138  -15.7931  -15.7058  -15.5440  -15.4755  -15.4510  -15.3698  -15.2387  -15.2088  -15.0984  -15.0575  -15.0572  -15.0381  -15.0196  -15.0095  -15.0080  -15.0070  -14.8429  -14.8149  -14.4456  -13.3940  -13.0720  -12.9068  -12.7275  -12.5829  -12.4604  -12.4091   -5.4955   -4.9711   -4.8616   -4.4171   -3.3951   -3.2688   -2.8184   -2.4450   -2.3808   -2.2157   -1.9222   -1.8330   -1.5916   -1.4969   -1.3980   -1.3297   -1.2418   -1.1687   -1.0866   -0.9877   -0.9033   -0.7264   -0.4124   -0.3129    1.8389    3.5051    3.9313    4.1430    4.1505    4.6151    5.2354    5.3917    5.4267    5.6891    5.8633    6.1014    6.3619    6.6508    6.8266    7.0261    7.3504    7.4444    7.5901    7.7293    7.8273    7.9675    8.2009    8.4149    8.5715    8.7945    8.9834    9.0009    9.1913    9.3159    9.3524    9.5091
  1.1373  -36.4208  -36.3861  -36.3843  -36.3806  -25.6796  -25.6790  -25.5904  -25.5902  -25.5497  -25.5441  -25.5283  -25.5211  -25.5155  -25.5146  -25.4421  -25.4397  -17.7831  -17.7825  -17.6698  -17.5589  -17.3828  -17.3450  -17.3133  -17.2560  -17.2146  -17.1852  -17.1544  -17.0635  -15.8336  -15.8213  -15.8031  -15.7155  -15.5402  -15.4828  -15.4445  -15.3800  -15.2361  -15.2106  -15.0944  -15.0593  -15.0535  -15.0362  -15.0214  -15.0110  -15.0088  -15.0074  -14.8395  -14.8164  -14.3509  -13.4520  -13.0401  -12.9126  -12.7532  -12.6256  -12.4597  -12.4107   -5.4145   -4.8993   -4.8653   -4.4493   -3.3921   -3.3385   -2.8475   -2.3244   -2.2981   -2.1340   -1.9569   -1.8563   -1.6103   -1.5791   -1.4208   -1.2805   -1.2166   -1.1816   -1.0973   -1.0255   -0.9658   -0.8536   -0.4630   -0.3556    2.1294    3.5781    3.7756    3.9116    4.1840    4.4525    5.1154    5.3819    5.4371    5.7133    6.0000    6.1703    6.4771    6.7736    6.9640    7.1604    7.4520    7.5130    7.5632    7.7627    7.8050    7.9414    8.1815    8.2844    8.5755    8.7981    8.8946    9.0687    9.1620    9.2088    9.4131    9.9330
  1.1969  -36.4171  -36.3898  -36.3839  -36.3811  -25.6795  -25.6791  -25.5904  -25.5902  -25.5492  -25.5449  -25.5274  -25.5215  -25.5157  -25.5148  -25.4418  -25.4399  -17.7967  -17.7936  -17.6367  -17.5510  -17.4014  -17.3397  -17.3145  -17.2412  -17.2244  -17.1880  -17.1505  -17.0735  -15.8289  -15.8251  -15.8088  -15.7271  -15.5355  -15.4912  -15.4371  -15.3895  -15.2331  -15.2129  -15.0898  -15.0621  -15.0488  -15.0339  -15.0235  -15.0146  -15.0084  -15.0078  -14.8358  -14.8182  -14.2406  -13.5313  -13.0006  -12.9132  -12.7812  -12.6733  -12.4579  -12.4145   -5.3277   -4.8914   -4.8147   -4.4730   -3.3815   -3.3625   -2.8883   -2.2733   -2.1918   -2.0154   -1.9829   -1.9695   -1.6322   -1.6174   -1.4529   -1.3517   -1.1939   -1.1459   -1.1304   -1.0602   -0.9468   -0.8952   -0.5238   -0.4171    2.4273    3.5855    3.6030    3.7503    4.2862    4.3167    4.9579    5.2988    5.5062    5.7300    6.0775    6.1968    6.6098    6.8920    7.0543    7.3674    7.5186    7.5380    7.5816    7.8351    7.8690    7.9388    8.1421    8.1452    8.5887    8.7846    8.8120    8.9342    9.0329    9.0996    9.5039    9.6525
  1.2565  -36.4128  -36.3940  -36.3835  -36.3816  -25.6795  -25.6792  -25.5903  -25.5902  -25.5486  -25.5457  -25.5263  -25.5221  -25.5158  -25.5150  -25.4415  -25.4402  -17.8090  -17.8069  -17.5877  -17.5352  -17.4254  -17.3435  -17.3160  -17.2987  -17.1961  -17.1706  -17.1388  -17.0850  -15.8350  -15.8290  -15.7995  -15.7401  -15.5300  -15.5000  -15.4295  -15.3982  -15.2296  -15.2156  -15.0847  -15.0656  -15.0436  -15.0315  -15.0259  -15.0186  -15.0084  -15.0081  -14.8321  -14.8203  -14.1199  -13.6298  -12.9554  -12.9071  -12.8089  -12.7250  -12.4535  -12.4207   -5.2413   -4.9407   -4.7248   -4.4923   -3.3987   -3.3308   -2.8926   -2.2736   -2.1561   -2.0867   -1.9921   -1.8923   -1.6504   -1.6452   -1.4850   -1.4267   -1.2053   -1.2052   -1.1048   -0.9722   -0.9465   -0.8645   -0.5918   -0.4970    2.7229    3.4406    3.4883    3.6926    4.1924    4.4623    4.7975    5.1811    5.5864    5.7459    6.1056    6.1782    6.7677    6.9925    7.1161    7.4663    7.4833    7.6156    7.6620    7.8577    7.9661    8.0076    8.0950    8.1468    8.5325    8.6809    8.7401    8.8775    8.9910    9.0456    9.5391    9.7536
  1.3162  -36.4082  -36.3986  -36.3830  -36.3820  -25.6794  -25.6793  -25.5903  -25.5902  -25.5480  -25.5465  -25.5252  -25.5230  -25.5157  -25.5153  -25.4412  -25.4405  -17.8173  -17.8164  -17.5315  -17.5146  -17.4492  -17.3877  -17.3192  -17.3178  -17.1753  -17.1625  -17.1247  -17.0974  -15.8386  -15.8352  -15.7848  -15.7544  -15.5236  -15.5085  -15.4217  -15.4062  -15.2259  -15.2187  -15.0795  -15.0698  -15.0383  -15.0291  -15.0288  -15.0226  -15.0084  -15.0083  -14.8286  -14.8227  -13.9935  -13.7433  -12.9091  -12.8953  -12.8312  -12.7782  -12.4464  -12.4288   -5.1584   -5.0059   -4.6396   -4.5208   -3.3907   -3.3328   -2.8122   -2.4410   -2.1759   -2.0880   -1.9216   -1.8228   -1.6876   -1.6678   -1.5039   -1.4736   -1.2254   -1.2161   -1.0784   -1.0092   -0.8245   -0.8070   -0.6631   -0.5927    3.0088    3.3584    3.3767    3.5371    4.2436    4.5062    4.7462    5.0371    5.6655    5.7509    6.1078    6.1393    6.9454    7.0666    7.1470    7.3482    7.4933    7.5895    7.8770    7.8799    7.9966    8.0534    8.1760    8.2006    8.4611    8.5012    8.7077    8.8413    8.9144    9.0453    9.6237    9.8430
  1.3758  -36.4035  -36.4033  -36.3826  -36.3825  -25.6794  -25.6793  -25.5903  -25.5902  -25.5472  -25.5472  -25.5241  -25.5240  -25.5155  -25.5155  -25.4409  -25.4408  -17.8201  -17.8200  -17.4979  -17.4979  -17.4450  -17.4448  -17.3195  -17.3194  -17.1640  -17.1639  -17.1108  -17.1106  -15.8388  -15.8386  -15.7695  -15.7693  -15.5165  -15.5163  -15.4140  -15.4140  -15.2223  -15.2222  -15.0745  -15.0745  -15.0334  -15.0333  -15.0260  -15.0259  -15.0084  -15.0084  -14.8255  -14.8255  -13.8663  -13.8663  -12.8854  -12.8854  -12.8245  -12.8245  -12.4378  -12.4377   -5.0797   -5.0795   -4.5695   -4.5694   -3.3630   -3.3628   -2.6492   -2.6489   -2.1326   -2.1325   -1.8405   -1.8402   -1.6914   -1.6913   -1.4995   -1.4993   -1.2249   -1.2248   -1.0456   -1.0455   -0.7452   -0.7450   -0.6962   -0.6961    3.2637    3.2638    3.3592    3.3597    4.3755    4.3757    4.8798    4.8798    5.7257    5.7260    6.1124    6.1124    7.0909    7.0913    7.1822    7.1822    7.5409    7.5410    7.9260    7.9271    8.0840    8.0842    8.1751    8.1838    8.4308    8.4329    8.7575    8.7945    8.9361    9.0174    9.7103    9.9085
  1.3758  -36.3957  -36.3956  -36.3903  -36.3902  -25.6796  -25.6795  -25.5902  -25.5901  -25.5481  -25.5481  -25.5251  -25.5250  -25.5138  -25.5138  -25.4408  -25.4407  -17.6029  -17.6027  -17.6026  -17.6025  -17.4234  -17.4233  -17.4154  -17.4153  -17.1843  -17.1842  -17.1568  -17.1568  -15.8332  -15.8330  -15.6624  -15.6622  -15.6543  -15.6539  -15.4005  -15.4002  -15.1678  -15.1677  -15.1200  -15.1200  -15.0640  -15.0639  -15.0126  -15.0125  -15.0119  -15.0119  -14.8361  -14.8360  -13.7228  -13.7227  -13.0817  -13.0816  -12.6769  -12.6768  -12.4851  -12.4850   -4.9739   -4.9737   -4.8887   -4.8887   -3.0733   -3.0731   -2.6514   -2.6512   -2.2903   -2.2902   -1.8026   -1.8023   -1.7234   -1.7231   -1.1611   -1.1609   -1.0539   -1.0538   -0.9719   -0.9719   -0.8934   -0.8932   -0.6960   -0.6959    3.8036    3.8041    3.8341    3.8346    4.4750    4.4753    4.5673    4.5674    5.3979    5.3981    5.4022    5.4025    6.0374    6.0376    6.4209    6.4214    6.8368    6.8369    7.3090    7.3091    8.1784    8.1802    8.2165    8.2195    8.7215    8.7323    8.7643    8.7932    9.2231    9.2562    9.5485    9.9193
  1.4325  -36.3972  -36.3957  -36.3900  -36.3890  -25.6796  -25.6795  -25.5902  -25.5901  -25.5481  -25.5480  -25.5251  -25.5250  -25.5139  -25.5138  -25.4408  -25.4407  -17.6335  -17.6168  -17.5918  -17.5699  -17.4350  -17.4240  -17.4127  -17.4028  -17.1924  -17.1898  -17.1514  -17.1495  -15.8334  -15.8323  -15.6651  -15.6623  -15.6541  -15.6513  -15.4010  -15.3987  -15.1724  -15.1679  -15.1201  -15.1163  -15.0641  -15.0634  -15.0134  -15.0129  -15.0116  -15.0110  -14.8360  -14.8356  -13.7317  -13.7226  -13.0853  -13.0735  -12.6803  -12.6716  -12.4862  -12.4811   -4.9905   -4.9846   -4.8828   -4.8676   -3.0825   -3.0700   -2.6569   -2.6428   -2.2997   -2.2889   -1.8676   -1.8061   -1.7147   -1.6611   -1.1895   -1.1689   -1.0641   -1.0410   -1.0105   -0.9822   -0.8699   -0.8402   -0.6900   -0.6858    3.7494    3.7902    3.8503    3.8740    4.3970    4.4722    4.5852    4.6318    5.3441    5.3753    5.4304    5.4878    5.9625    6.0410    6.3991    6.5037    6.8127    6.8771    7.3174    7.3466    8.0210    8.1245    8.2640    8.3478    8.6843    8.6949    8.7764    8.8122    9.2133    9.2868    9.5262    9.5987
  1.4892  -36.4001  -36.3957  -36.3894  -36.3867  -25.6796  -25.6795  -25.5902  -25.5901  -25.5483  -25.5479  -25.5251  -25.5247  -25.5140  -25.5139  -25.4408  -25.4406  -17.6610  -17.6327  -17.5863  -17.5390  -17.4464  -17.4239  -17.4055  -17.3874  -17.2078  -17.1996  -17.1423  -17.1365  -15.8342  -15.8299  -15.6724  -15.6611  -15.6543  -15.6444  -15.4030  -15.3940  -15.1832  -15.1682  -15.1204  -15.1082  -15.0643  -15.0616  -15.0146  -15.0133  -15.0112  -15.0099  -14.8360  -14.8344  -13.7582  -13.7219  -13.0948  -13.0503  -12.6893  -12.6573  -12.4893  -12.4706   -5.0239   -5.0125   -4.8668   -4.8232   -3.1096   -3.0626   -2.6733   -2.6245   -2.3253   -2.2762   -1.9552   -1.8130   -1.6959   -1.5838   -1.2523   -1.1881   -1.1002   -1.0532   -1.0032   -0.9917   -0.8234   -0.7753   -0.6664   -0.6590    3.6580    3.7581    3.8852    3.9219    4.2865    4.4714    4.6329    4.7202    5.2911    5.3594    5.4422    5.6120    5.8633    6.0195    6.3884    6.6412    6.7740    6.9738    7.3470    7.4168    7.8553    8.0470    8.3117    8.4394    8.6119    8.6572    8.7764    8.8614    9.1678    9.4151    9.5182   10.1221
  1.5459  -36.4034  -36.3955  -36.3885  -36.3844  -25.6796  -25.6795  -25.5902  -25.5901  -25.5485  -25.5476  -25.5253  -25.5242  -25.5142  -25.5139  -25.4409  -25.4406  -17.6842  -17.6492  -17.5879  -17.5183  -17.4489  -17.4208  -17.3922  -17.3731  -17.2249  -17.2081  -17.1353  -17.1230  -15.8354  -15.8264  -15.6832  -15.6590  -15.6538  -15.6347  -15.4063  -15.3871  -15.1958  -15.1690  -15.1206  -15.0994  -15.0646  -15.0586  -15.0159  -15.0137  -15.0108  -15.0088  -14.8361  -14.8326  -13.8020  -13.7189  -13.1066  -13.0153  -12.7004  -12.6374  -12.4942  -12.4560   -5.0706   -5.0444   -4.8439   -4.7683   -3.1537   -3.0587   -2.6979   -2.6058   -2.3609   -2.2351   -2.0322   -1.8186   -1.6768   -1.5350   -1.3105   -1.2150   -1.1440   -1.0718   -0.9991   -0.9623   -0.7703   -0.7429   -0.6243   -0.6203    3.5360    3.7132    3.9214    3.9784    4.1977    4.4786    4.7048    4.8130    5.1953    5.3128    5.4826    5.7402    5.8374    5.9525    6.4379    6.7226    6.8024    7.0975    7.3935    7.4274    7.7672    7.9755    8.3545    8.4533    8.5673    8.6387    8.7970    8.9096    9.2497    9.5037    9.7104   10.1333
  1.6026  -36.4068  -36.3952  -36.3874  -36.3825  -25.6796  -25.6795  -25.5902  -25.5901  -25.5488  -25.5473  -25.5255  -25.5236  -25.5145  -25.5139  -25.4411  -25.4404  -17.7031  -17.6657  -17.5971  -17.5145  -17.4405  -17.4137  -17.3693  -17.3599  -17.2424  -17.2140  -17.1325  -17.1101  -15.8365  -15.8225  -15.6964  -15.6597  -15.6484  -15.6227  -15.4108  -15.3793  -15.2083  -15.1708  -15.1204  -15.0914  -15.0650  -15.0544  -15.0173  -15.0140  -15.0106  -15.0078  -14.8362  -14.8303  -13.8621  -13.7115  -13.1172  -12.9733  -12.7097  -12.6156  -12.5001  -12.4406   -5.1314   -5.0717   -4.8176   -4.7061   -3.2161   -3.0714   -2.7210   -2.5823   -2.3992   -2.1634   -2.0906   -1.8209   -1.6642   -1.5367   -1.3392   -1.2590   -1.1585   -1.0778   -1.0091   -0.9233   -0.7363   -0.7133   -0.5939   -0.5699    3.3843    3.6702    3.9299    4.0534    4.1624    4.4861    4.7849    4.8729    5.0869    5.3158    5.5079    5.7528    5.9131    5.9451    6.5168    6.7274    6.9299    7.2097    7.3072    7.4940    7.7558    7.9473    8.3525    8.3804    8.4700    8.5959    8.8374    8.9389    9.2412    9.4610    9.5884    9.8126
  1.6593  -36.4102  -36.3947  -36.3862  -36.3808  -25.6796  -25.6794  -25.5902  -25.5901  -25.5491  -25.5469  -25.5258  -25.5230  -25.5149  -25.5140  -25.4413  -25.4403  -17.7178  -17.6816  -17.6120  -17.5200  -17.4307  -17.4033  -17.3513  -17.3329  -17.2590  -17.2169  -17.1347  -17.0981  -15.8370  -15.8190  -15.7111  -15.6621  -15.6395  -15.6089  -15.4160  -15.3715  -15.2192  -15.1737  -15.1195  -15.0844  -15.0654  -15.0494  -15.0187  -15.0143  -15.0102  -15.0069  -14.8366  -14.8277  -13.9366  -13.6976  -13.1241  -12.9304  -12.7133  -12.5955  -12.5055  -12.4270   -5.2009   -5.0937   -4.7919   -4.6385   -3.2952   -3.1061   -2.7350   -2.5471   -2.4327   -2.1314   -2.0684   -1.8178   -1.6637   -1.5656   -1.3506   -1.3141   -1.1399   -1.0763   -1.0233   -0.8954   -0.7427   -0.6565   -0.5802   -0.5248    3.2071    3.6474    3.9110    4.1238    4.2027    4.4872    4.6885    4.9465    5.1640    5.3388    5.5060    5.6858    5.9745    6.0783    6.5867    6.7613    7.0293    7.1387    7.3716    7.5914    7.7254    7.9618    8.2682    8.3663    8.4343    8.5931    8.9001    8.9911    9.2333    9.4244    9.6070    9.8263
  1.7160  -36.4134  -36.3940  -36.3849  -36.3796  -25.6796  -25.6793  -25.5902  -25.5901  -25.5494  -25.5464  -25.5262  -25.5224  -25.5151  -25.5140  -25.4415  -25.4402  -17.7292  -17.6968  -17.6292  -17.5272  -17.4229  -17.3925  -17.3421  -17.2941  -17.2718  -17.2169  -17.1424  -17.0871  -15.8365  -15.8167  -15.7263  -15.6653  -15.6282  -15.5935  -15.4216  -15.3644  -15.2281  -15.1775  -15.1180  -15.0785  -15.0657  -15.0440  -15.0200  -15.0147  -15.0096  -15.0064  -14.8372  -14.8251  -14.0226  -13.6757  -13.1261  -12.8941  -12.7074  -12.5793  -12.5085  -12.4174   -5.2740   -5.1094   -4.7711   -4.5689   -3.3818   -3.1516   -2.7491   -2.5092   -2.4522   -2.1300   -1.9942   -1.8041   -1.6763   -1.5799   -1.3757   -1.3428   -1.1178   -1.0741   -1.0412   -0.8873   -0.7586   -0.6007   -0.5879   -0.4835    3.0080    3.6569    3.8931    4.1636    4.3070    4.4671    4.5183    5.0736    5.3130    5.3631    5.4806    5.6519    6.0446    6.2281    6.5959    6.8427    6.9860    7.1346    7.4918    7.6742    7.7180    7.9565    8.1870    8.3575    8.3791    8.6237    8.9405    9.0640    9.2120    9.3961    9.6079    9.9206
  1.7727  -36.4165  -36.3931  -36.3836  -36.3787  -25.6796  -25.6792  -25.5902  -25.5901  -25.5497  -25.5459  -25.5267  -25.5218  -25.5153  -25.5141  -25.4417  -25.4400  -17.7389  -17.7115  -17.6444  -17.5332  -17.4165  -17.3852  -17.3341  -17.2893  -17.2456  -17.2138  -17.1555  -17.0774  -15.8347  -15.8166  -15.7408  -15.6689  -15.6155  -15.5769  -15.4268  -15.3587  -15.2347  -15.1820  -15.1160  -15.0734  -15.0658  -15.0390  -15.0210  -15.0149  -15.0088  -15.0061  -14.8382  -14.8225  -14.1164  -13.6447  -13.1235  -12.8705  -12.6909  -12.5682  -12.5066  -12.4134   -5.3464   -5.1181   -4.7590   -4.5027   -3.4586   -3.1936   -2.7757   -2.4881   -2.4453   -2.0954   -1.9735   -1.7729   -1.6794   -1.5723   -1.4098   -1.3297   -1.1245   -1.0772   -1.0499   -0.8983   -0.7805   -0.6193   -0.5439   -0.4438    2.7889    3.6986    3.8865    4.1923    4.2947    4.4374    4.5281    5.1936    5.3680    5.4489    5.4915    5.6486    6.1282    6.3765    6.5843    6.7534    7.0989    7.1457    7.5930    7.6438    7.8055    7.9326    8.1190    8.3046    8.4065    8.6263    8.9736    9.0857    9.1960    9.2892    9.5427   10.1017
  1.8294  -36.4193  -36.3919  -36.3823  -36.3782  -25.6796  -25.6792  -25.5903  -25.5901  -25.5500  -25.5453  -25.5273  -25.5214  -25.5154  -25.5141  -25.4419  -25.4398  -17.7490  -17.7256  -17.6537  -17.5370  -17.4111  -17.3839  -17.3260  -17.2967  -17.2158  -17.1963  -17.1732  -17.0690  -15.8316  -15.8194  -15.7533  -15.6728  -15.6019  -15.5594  -15.4313  -15.3545  -15.2393  -15.1869  -15.1139  -15.0690  -15.0658  -15.0356  -15.0211  -15.0149  -15.0081  -15.0062  -14.8395  -14.8201  -14.2133  -13.6045  -13.1173  -12.8607  -12.6694  -12.5611  -12.4978  -12.4156   -5.4143   -5.1197   -4.7586   -4.4468   -3.5079   -3.2218   -2.8170   -2.4815   -2.4147   -2.0521   -2.0152   -1.7489   -1.6516   -1.5567   -1.4187   -1.2800   -1.1787   -1.0706   -1.0475   -0.9153   -0.8142   -0.6650   -0.4916   -0.4046    2.5510    3.7592    3.8650    4.1756    4.2245    4.5228    4.6258    5.2729    5.3634    5.4949    5.6143    5.6577    6.2120    6.5133    6.5855    6.6473    7.0652    7.3443    7.5860    7.6624    7.8130    7.9092    8.1159    8.2741    8.4530    8.5780    8.9522    9.0830    9.1521    9.3417    9.5561    9.9649
  1.8861  -36.4218  -36.3907  -36.3812  -36.3781  -25.6796  -25.6791  -25.5903  -25.5902  -25.5502  -25.5446  -25.5279  -25.5212  -25.5153  -25.5142  -25.4421  -25.4397  -17.7618  -17.7373  -17.6559  -17.5381  -17.4074  -17.3880  -17.3178  -17.3009  -17.2086  -17.1938  -17.1573  -17.0618  -15.8291  -15.8235  -15.7628  -15.6769  -15.5884  -15.5415  -15.4351  -15.3517  -15.2420  -15.1917  -15.1116  -15.0661  -15.0645  -15.0346  -15.0200  -15.0141  -15.0074  -15.0065  -14.8412  -14.8180  -14.3085  -13.5560  -13.1093  -12.8609  -12.6542  -12.5529  -12.4826  -12.4236   -5.4751   -5.1149   -4.7713   -4.4065   -3.5182   -3.2282   -2.8655   -2.4797   -2.3714   -2.0964   -2.0314   -1.7499   -1.6113   -1.5324   -1.4100   -1.2440   -1.1954   -1.0524   -1.0393   -0.9330   -0.8661   -0.7128   -0.4437   -0.3662    2.2975    3.7759    3.8181    4.1734    4.2761    4.5982    4.7662    5.2862    5.3822    5.5483    5.6746    5.7103    6.2736    6.4994    6.6303    6.6899    7.0346    7.4741    7.5977    7.6864    7.7511    7.9026    8.1328    8.2600    8.4977    8.5827    8.8992    9.0826    9.2131    9.4022    9.5855    9.8228
  1.9428  -36.4240  -36.3893  -36.3803  -36.3782  -25.6796  -25.6790  -25.5903  -25.5902  -25.5503  -25.5440  -25.5286  -25.5211  -25.5151  -25.5142  -25.4423  -25.4396  -17.7769  -17.7454  -17.6522  -17.5364  -17.4080  -17.3923  -17.3104  -17.3030  -17.2196  -17.1993  -17.1205  -17.0559  -15.8360  -15.8195  -15.7689  -15.6811  -15.5757  -15.5236  -15.4385  -15.3501  -15.2433  -15.1962  -15.1094  -15.0655  -15.0613  -15.0356  -15.0188  -15.0124  -15.0072  -15.0067  -14.8431  -14.8163  -14.3968  -13.5012  -13.1019  -12.8669  -12.6529  -12.5396  -12.4634  -12.4361   -5.5266   -5.1052   -4.7955   -4.3815   -3.4903   -3.2077   -2.9112   -2.4871   -2.3337   -2.1938   -2.0343   -1.7712   -1.5798   -1.4891   -1.3973   -1.2946   -1.1481   -1.0589   -1.0141   -0.9168   -0.9010   -0.7423   -0.4016   -0.3306    2.0349    3.6579    3.8469    4.2590    4.3650    4.6888    4.9043    5.2777    5.3888    5.5904    5.6919    5.7742    6.2803    6.4544    6.6795    6.7743    7.0619    7.4310    7.6187    7.7188    7.8158    7.8836    8.1094    8.2928    8.5544    8.6639    8.8630    9.1234    9.1437    9.3994    9.6206    9.9720
  1.9995  -36.4257  -36.3879  -36.3797  -36.3784  -25.6796  -25.6790  -25.5903  -25.5902  -25.5504  -25.5435  -25.5292  -25.5210  -25.5149  -25.5143  -25.4425  -25.4395  -17.7913  -17.7509  -17.6454  -17.5324  -17.4136  -17.3935  -17.3058  -17.3029  -17.2421  -17.1933  -17.0895  -17.0513  -15.8454  -15.8133  -15.7726  -15.6851  -15.5648  -15.5062  -15.4422  -15.3494  -15.2434  -15.2001  -15.1074  -15.0648  -15.0585  -15.0373  -15.0178  -15.0109  -15.0072  -15.0064  -14.8449  -14.8148  -14.4730  -13.4436  -13.0984  -12.8754  -12.6620  -12.5243  -12.4504  -12.4432   -5.5675   -5.0931   -4.8261   -4.3670   -3.4359   -3.1604   -2.9436   -2.5187   -2.3843   -2.2255   -2.0257   -1.8024   -1.5611   -1.4459   -1.3825   -1.3263   -1.1503   -1.1300   -1.0191   -0.9498   -0.8136   -0.6819   -0.3668   -0.2997    1.7751    3.5472    3.8532    4.3877    4.4835    4.7891    5.0171    5.2707    5.3615    5.6100    5.6994    5.8251    6.2283    6.4597    6.6987    6.8069    7.1598    7.3865    7.5435    7.7712    7.8534    7.9528    8.1052    8.3535    8.5913    8.7485    8.8626    9.0576    9.2136    9.4698    9.6554    9.9017
  2.0562  -36.4269  -36.3866  -36.3799  -36.3783  -25.6796  -25.6789  -25.5904  -25.5902  -25.5505  -25.5430  -25.5297  -25.5210  -25.5148  -25.5142  -25.4426  -25.4394  -17.8027  -17.7545  -17.6383  -17.5272  -17.4192  -17.3946  -17.3054  -17.2999  -17.2617  -17.1878  -17.0661  -17.0480  -15.8537  -15.8075  -15.7746  -15.6886  -15.5564  -15.4898  -15.4469  -15.3492  -15.2429  -15.2032  -15.1056  -15.0640  -15.0564  -15.0391  -15.0171  -15.0112  -15.0065  -15.0058  -14.8464  -14.8138  -14.5322  -13.3887  -13.1014  -12.8834  -12.6744  -12.5113  -12.4638  -12.4259   -5.5972   -5.0815   -4.8555   -4.3582   -3.3730   -3.0930   -2.9523   -2.6106   -2.4717   -2.2165   -1.9697   -1.8310   -1.5633   -1.4380   -1.3587   -1.3545   -1.2123   -1.1429   -1.0252   -0.9780   -0.8072   -0.5098   -0.3392   -0.2756    1.5386    3.4612    3.8483    4.5291    4.6171    4.8861    5.0800    5.2668    5.2947    5.6159    5.7090    5.8596    6.1737    6.4641    6.6832    6.8366    7.2437    7.3407    7.5255    7.8124    7.8662    8.0104    8.1652    8.4049    8.6018    8.8093    8.8597    8.9899    9.3075    9.5591    9.8197    9.9764
  2.1129  -36.4277  -36.3855  -36.3805  -36.3781  -25.6796  -25.6789  -25.5904  -25.5902  -25.5505  -25.5427  -25.5301  -25.5210  -25.5147  -25.5142  -25.4427  -25.4393  -17.8101  -17.7566  -17.6330  -17.5227  -17.4219  -17.3970  -17.3053  -17.2981  -17.2749  -17.1841  -17.0519  -17.0455  -15.8592  -15.8034  -15.7755  -15.6911  -15.5511  -15.4754  -15.4536  -15.3492  -15.2423  -15.2052  -15.1045  -15.0633  -15.0551  -15.0404  -15.0163  -15.0123  -15.0064  -15.0047  -14.8474  -14.8132  -14.5699  -13.3460  -13.1095  -12.8888  -12.6843  -12.5029  -12.4733  -12.4143   -5.6151   -5.0731   -4.8765   -4.3532   -3.3236   -3.0094   -2.9363   -2.7501   -2.5234   -2.2155   -1.8961   -1.8253   -1.6162   -1.4666   -1.3750   -1.3312   -1.2313   -1.1461   -1.0345   -0.9982   -0.8072   -0.3738   -0.3091   -0.2600    1.3610    3.4070    3.8421    4.6435    4.7532    4.9693    5.0851    5.1892    5.2647    5.6265    5.7224    5.8762    6.1397    6.4509    6.6705    6.8632    7.2631    7.3056    7.5690    7.8023    7.9349    8.0331    8.2234    8.3735    8.6351    8.7750    8.9024    9.0368    9.3642    9.5534    9.6548    9.7187
  2.1696  -36.4279  -36.3850  -36.3808  -36.3780  -25.6796  -25.6789  -25.5905  -25.5902  -25.5505  -25.5426  -25.5302  -25.5210  -25.5146  -25.5142  -25.4427  -25.4393  -17.8126  -17.7572  -17.6310  -17.5210  -17.4223  -17.3984  -17.3050  -17.2978  -17.2795  -17.1828  -17.0479  -17.0439  -15.8611  -15.8018  -15.7758  -15.6920  -15.5494  -15.4653  -15.4609  -15.3492  -15.2420  -15.2059  -15.1040  -15.0630  -15.0547  -15.0409  -15.0159  -15.0130  -15.0064  -15.0042  -14.8478  -14.8129  -14.5829  -13.3290  -13.1145  -12.8905  -12.6881  -12.4998  -12.4769  -12.4102   -5.6211   -5.0700   -4.8840   -4.3515   -3.3057   -2.9313   -2.9175   -2.8598   -2.5438   -2.2158   -1.8857   -1.7265   -1.7233   -1.4768   -1.3799   -1.3202   -1.2317   -1.1472   -1.0396   -1.0053   -0.8070   -0.3427   -0.2750   -0.2541    1.2922    3.3886    3.8396    4.6888    4.8271    5.0340    5.0778    5.0898    5.2639    5.6330    5.7309    5.8801    6.1283    6.4405    6.6686    6.8742    7.2548    7.3003    7.5968    7.7927    7.9682    8.0486    8.2616    8.3165    8.7046    8.7176    8.9291    9.0160    9.3987    9.4910    9.6147    9.6358
  2.1696  -36.4279  -36.3850  -36.3808  -36.3780  -25.6796  -25.6789  -25.5905  -25.5902  -25.5505  -25.5426  -25.5302  -25.5210  -25.5146  -25.5142  -25.4427  -25.4393  -17.8126  -17.7572  -17.6310  -17.5210  -17.4223  -17.3984  -17.3050  -17.2978  -17.2795  -17.1828  -17.0479  -17.0439  -15.8611  -15.8018  -15.7758  -15.6920  -15.5494  -15.4653  -15.4609  -15.3492  -15.2420  -15.2059  -15.1040  -15.0630  -15.0547  -15.0409  -15.0159  -15.0130  -15.0064  -15.0042  -14.8478  -14.8129  -14.5829  -13.3290  -13.1145  -12.8905  -12.6881  -12.4998  -12.4769  -12.4102   -5.6211   -5.0700   -4.8840   -4.3515   -3.3057   -2.9313   -2.9175   -2.8598   -2.5438   -2.2158   -1.8857   -1.7265   -1.7233   -1.4768   -1.3799   -1.3202   -1.2317   -1.1472   -1.0396   -1.0053   -0.8070   -0.3427   -0.2750   -0.2541    1.2922    3.3886    3.8396    4.6888    4.8271    5.0340    5.0778    5.0898    5.2639    5.6330    5.7309    5.8801    6.1283    6.4405    6.6686    6.8742    7.2548    7.3003    7.5969    7.7927    7.9685    8.0497    8.2650    8.3165    8.7043    8.7100    8.9408    9.0679    9.3836    9.5748    9.6953    9.8328
  2.2264  -36.4275  -36.3858  -36.3803  -36.3782  -25.6796  -25.6789  -25.5905  -25.5902  -25.5505  -25.5427  -25.5301  -25.5210  -25.5147  -25.5142  -25.4427  -25.4393  -17.8089  -17.7559  -17.6345  -17.5241  -17.4214  -17.3956  -17.3053  -17.2985  -17.2722  -17.1849  -17.0548  -17.0461  -15.8586  -15.8027  -15.7771  -15.6921  -15.5505  -15.4770  -15.4496  -15.3505  -15.2416  -15.2046  -15.1050  -15.0627  -15.0549  -15.0408  -15.0165  -15.0126  -15.0064  -15.0050  -14.8473  -14.8132  -14.5684  -13.3493  -13.0991  -12.8894  -12.6914  -12.5105  -12.4721  -12.4104   -5.6097   -5.0656   -4.8782   -4.3549   -3.3326   -2.9998   -2.9231   -2.7392   -2.5419   -2.2226   -1.8955   -1.7679   -1.6632   -1.4733   -1.3821   -1.3401   -1.2262   -1.1493   -1.0421   -1.0074   -0.8086   -0.3780   -0.2942   -0.2725    1.3602    3.4094    3.8429    4.6440    4.6983    4.9226    5.1430    5.2558    5.2700    5.6227    5.7133    5.9148    6.1562    6.4472    6.6787    6.8608    7.2624    7.3152    7.5834    7.7852    7.9589    8.0450    8.2161    8.3832    8.6134    8.7861    8.9145    9.0471    9.4366    9.4783    9.5574    9.7603
  2.2833  -36.4263  -36.3873  -36.3797  -36.3784  -25.6796  -25.6789  -25.5904  -25.5902  -25.5504  -25.5431  -25.5296  -25.5210  -25.5149  -25.5143  -25.4426  -25.4394  -17.7983  -17.7519  -17.6435  -17.5311  -17.4162  -17.3913  -17.3054  -17.3016  -17.2518  -17.1906  -17.0781  -17.0495  -15.8511  -15.8049  -15.7805  -15.6923  -15.5543  -15.4915  -15.4364  -15.3535  -15.2403  -15.2012  -15.1078  -15.0617  -15.0557  -15.0404  -15.0177  -15.0120  -15.0073  -15.0064  -14.8457  -14.8139  -14.5262  -13.3964  -13.0683  -12.8843  -12.7013  -12.5329  -12.4666  -12.4113   -5.5764   -5.0525   -4.8617   -4.3644   -3.4002   -3.0443   -2.9236   -2.5651   -2.5500   -2.2266   -1.9454   -1.7499   -1.6217   -1.4657   -1.3981   -1.3740   -1.2125   -1.1545   -1.0565   -1.0084   -0.8120   -0.5183   -0.3299   -0.2873    1.5368    3.4704    3.8504    4.4491    4.5832    4.8125    5.2044    5.2695    5.4474    5.6233    5.6983    5.9690    6.2359    6.4619    6.7152    6.8404    7.2570    7.3649    7.5605    7.7468    7.9453    8.0227    8.1581    8.4740    8.5208    8.7726    8.8725    9.0122    9.3815    9.4088    9.5698    9.7142
  2.3401  -36.4243  -36.3891  -36.3802  -36.3782  -25.6796  -25.6790  -25.5904  -25.5902  -25.5501  -25.5437  -25.5289  -25.5210  -25.5153  -25.5143  -25.4424  -25.4396  -17.7824  -17.7454  -17.6542  -17.5372  -17.4082  -17.3883  -17.3102  -17.3025  -17.2237  -17.1984  -17.1153  -17.0546  -15.8395  -15.8079  -15.7851  -15.6927  -15.5609  -15.5073  -15.4231  -15.3562  -15.2377  -15.1967  -15.1113  -15.0603  -15.0570  -15.0402  -15.0192  -15.0128  -15.0099  -15.0066  -14.8433  -14.8150  -14.4600  -13.4529  -13.0439  -12.8706  -12.7183  -12.5611  -12.4639  -12.4131   -5.5234   -5.0310   -4.8369   -4.3778   -3.4734   -3.0696   -2.8978   -2.5910   -2.3850   -2.2059   -2.0103   -1.7129   -1.6018   -1.4944   -1.4156   -1.3859   -1.1912   -1.1621   -1.0811   -1.0058   -0.8131   -0.7164   -0.3726   -0.3059    1.7744    3.5641    3.8551    4.2336    4.4879    4.7049    5.1690    5.2779    5.5858    5.6620    5.7062    6.0058    6.3513    6.4871    6.7770    6.8456    7.2314    7.4192    7.5577    7.7021    7.9199    7.9812    8.1646    8.4423    8.5267    8.7293    8.9535    9.0337    9.3507    9.4882    9.6430    9.6805
  2.3969  -36.4216  -36.3908  -36.3813  -36.3781  -25.6796  -25.6790  -25.5904  -25.5902  -25.5498  -25.5444  -25.5281  -25.5212  -25.5156  -25.5143  -25.4422  -25.4397  -17.7648  -17.7358  -17.6613  -17.5392  -17.4042  -17.3834  -17.3202  -17.2997  -17.2085  -17.1923  -17.1627  -17.0617  -15.8257  -15.8107  -15.7892  -15.6933  -15.5705  -15.5244  -15.4097  -15.3574  -15.2335  -15.1919  -15.1151  -15.0592  -15.0585  -15.0404  -15.0210  -15.0171  -15.0104  -15.0070  -14.8402  -14.8164  -14.3744  -13.5102  -13.0368  -12.8454  -12.7439  -12.5922  -12.4631  -12.4165   -5.4536   -5.0021   -4.8076   -4.3933   -3.5253   -3.0881   -2.8441   -2.6627   -2.2312   -2.1766   -2.0483   -1.7195   -1.5688   -1.5524   -1.4152   -1.4017   -1.1938   -1.1531   -1.0995   -1.0050   -0.9134   -0.8053   -0.4336   -0.3301    2.0404    3.6582    3.8599    4.0680    4.4024    4.6018    5.0757    5.2810    5.5982    5.6817    5.8045    5.9998    6.4527    6.5683    6.8457    6.8862    7.2179    7.4475    7.5730    7.6947    7.9132    7.9604    8.1932    8.4065    8.4989    8.5810    8.9515    9.0124    9.2141    9.4500    9.5763    9.7732
  2.4538  -36.4183  -36.3924  -36.3828  -36.3783  -25.6795  -25.6791  -25.5904  -25.5902  -25.5494  -25.5450  -25.5275  -25.5216  -25.5157  -25.5142  -25.4419  -25.4400  -17.7509  -17.7219  -17.6593  -17.5361  -17.4063  -17.3800  -17.3317  -17.2931  -17.2254  -17.2069  -17.1657  -17.0709  -15.8168  -15.8097  -15.7886  -15.6938  -15.5828  -15.5426  -15.3964  -15.3568  -15.2275  -15.1870  -15.1185  -15.0625  -15.0567  -15.0416  -15.0239  -15.0212  -15.0106  -15.0076  -14.8368  -14.8180  -14.2742  -13.5638  -13.0457  -12.8150  -12.7792  -12.6218  -12.4628  -12.4215   -5.3707   -4.9678   -4.7775   -4.4108   -3.5444   -3.0919   -2.7745   -2.7523   -2.2229   -2.1281   -1.9859   -1.7668   -1.6271   -1.5032   -1.4386   -1.4109   -1.2228   -1.1647   -1.1310   -1.0521   -0.9726   -0.7843   -0.5115   -0.3617    2.3162    3.6483    3.9488    3.9735    4.3304    4.5134    4.9671    5.2743    5.5260    5.6888    5.8735    5.9474    6.5275    6.7258    6.9134    6.9335    7.2696    7.4640    7.5934    7.7364    7.9274    7.9727    8.1913    8.3065    8.4485    8.5535    8.9510    8.9926    9.1780    9.3667    9.5533    9.8606
  2.5106  -36.4146  -36.3937  -36.3844  -36.3792  -25.6795  -25.6792  -25.5903  -25.5903  -25.5489  -25.5456  -25.5269  -25.5223  -25.5155  -25.5142  -25.4417  -25.4402  -17.7411  -17.7056  -17.6463  -17.5287  -17.4118  -17.3861  -17.3420  -17.2864  -17.2720  -17.2151  -17.1451  -17.0820  -15.8168  -15.8077  -15.7763  -15.6942  -15.5968  -15.5618  -15.3837  -15.3549  -15.2198  -15.1823  -15.1212  -15.0683  -15.0548  -15.0439  -15.0279  -15.0235  -15.0107  -15.0083  -14.8335  -14.8196  -14.1641  -13.6112  -13.0643  -12.8384  -12.7742  -12.6458  -12.4622  -12.4282   -5.2777   -4.9311   -4.7492   -4.4327   -3.5269   -3.0732   -2.8510   -2.6977   -2.3012   -2.1003   -1.8840   -1.8209   -1.6768   -1.5117   -1.4642   -1.3982   -1.2818   -1.2420   -1.1420   -1.0296   -0.9609   -0.7516   -0.5989   -0.4018    2.5912    3.5795    3.9050    4.1140    4.2792    4.4430    4.8627    5.2562    5.4374    5.6455    5.7376    6.0007    6.6088    6.9111    6.9452    7.0398    7.3555    7.5017    7.6333    7.7820    7.9312    8.0365    8.1412    8.2228    8.5082    8.5581    8.9393    8.9658    9.1795    9.3302    9.5815    9.8135
  2.5674  -36.4105  -36.3946  -36.3861  -36.3807  -25.6795  -25.6792  -25.5903  -25.5903  -25.5483  -25.5460  -25.5264  -25.5232  -25.5152  -25.5142  -25.4414  -25.4404  -17.7300  -17.6891  -17.6274  -17.5195  -17.4209  -17.4001  -17.3529  -17.3324  -17.2594  -17.2156  -17.1330  -17.0952  -15.8166  -15.8089  -15.7574  -15.6941  -15.6115  -15.5817  -15.3718  -15.3524  -15.2103  -15.1782  -15.1231  -15.0777  -15.0530  -15.0462  -15.0306  -15.0257  -15.0107  -15.0089  -14.8306  -14.8212  -14.0490  -13.6509  -13.0872  -12.9042  -12.7442  -12.6626  -12.4610  -12.4359   -5.1778   -4.8958   -4.7237   -4.4634   -3.4754   -3.0291   -2.9488   -2.6215   -2.3999   -2.1188   -1.8741   -1.7999   -1.7036   -1.5917   -1.4821   -1.4379   -1.2860   -1.2595   -1.1364   -0.9975   -0.9403   -0.7326   -0.6715   -0.4501    2.8576    3.5444    3.8393    4.1720    4.3587    4.3853    4.7775    5.2113    5.3644    5.4618    5.6638    6.0196    6.6873    6.9652    7.1476    7.1581    7.4222    7.5625    7.6973    7.8106    7.9355    8.0213    8.1339    8.2262    8.4897    8.5867    8.9085    9.0036    9.1327    9.3211    9.4240    9.8085
  2.6243  -36.4062  -36.3953  -36.3876  -36.3828  -25.6794  -25.6793  -25.5904  -25.5903  -25.5478  -25.5464  -25.5260  -25.5241  -25.5148  -25.5141  -25.4412  -25.4406  -17.7135  -17.6722  -17.6108  -17.5160  -17.4360  -17.4130  -17.3746  -17.3610  -17.2378  -17.2115  -17.1300  -17.1102  -15.8153  -15.8102  -15.7370  -15.6933  -15.6257  -15.6020  -15.3615  -15.3500  -15.1993  -15.1748  -15.1243  -15.0905  -15.0513  -15.0476  -15.0322  -15.0282  -15.0106  -15.0095  -14.8281  -14.8226  -13.9351  -13.6819  -13.1098  -12.9803  -12.7186  -12.6734  -12.4595  -12.4436   -5.0736   -4.8653   -4.7017   -4.5064   -3.3975   -3.0407   -2.9609   -2.5705   -2.4849   -2.1663   -1.9221   -1.7625   -1.7202   -1.6701   -1.5063   -1.4992   -1.2583   -1.2391   -1.1195   -0.9821   -0.9052   -0.7843   -0.6673   -0.5050    3.1084    3.5654    3.7763    4.1298    4.3104    4.5168    4.7550    5.1224    5.2441    5.3353    5.6218    5.9734    6.7679    6.9971    7.2608    7.3860    7.4782    7.6332    7.7707    7.8186    7.9314    7.9998    8.2040    8.2415    8.4866    8.7093    8.8526    8.9502    9.0812    9.2797    9.3787    9.8059
  2.6811  -36.4019  -36.3956  -36.3890  -36.3855  -25.6794  -25.6794  -25.5904  -25.5903  -25.5473  -25.5467  -25.5258  -25.5249  -25.5144  -25.5141  -25.4411  -25.4408  -17.6897  -17.6543  -17.6033  -17.5358  -17.4425  -17.4196  -17.3934  -17.3767  -17.2154  -17.2026  -17.1352  -17.1267  -15.8134  -15.8108  -15.7168  -15.6916  -15.6381  -15.6223  -15.3534  -15.3481  -15.1872  -15.1722  -15.1247  -15.1050  -15.0500  -15.0482  -15.0331  -15.0308  -15.0105  -15.0099  -14.8262  -14.8237  -13.8311  -13.7039  -13.1287  -13.0573  -12.6995  -12.6797  -12.4580  -12.4504   -4.9695   -4.8420   -4.6842   -4.5629   -3.3057   -3.1142   -2.8852   -2.6540   -2.4299   -2.2183   -1.9746   -1.8407   -1.7097   -1.6911   -1.5343   -1.5284   -1.2362   -1.1994   -1.0997   -0.9994   -0.8624   -0.8231   -0.6501   -0.5627    3.3356    3.6219    3.7452    4.0572    4.2696    4.4820    4.8895    5.0204    5.0938    5.3300    5.5856    5.8569    6.8636    7.0110    7.3414    7.4571    7.6736    7.7087    7.7897    7.8602    7.9313    8.0353    8.2349    8.2649    8.4683    8.5507    8.7691    8.9426    9.0203    9.2228    9.3578    9.4461
  2.7379  -36.3979  -36.3957  -36.3899  -36.3884  -25.6794  -25.6794  -25.5904  -25.5903  -25.5470  -25.5468  -25.5257  -25.5255  -25.5141  -25.5141  -25.4410  -25.4409  -17.6580  -17.6361  -17.6071  -17.5760  -17.4320  -17.4209  -17.4028  -17.3934  -17.1944  -17.1905  -17.1460  -17.1434  -15.8118  -15.8110  -15.6983  -15.6895  -15.6471  -15.6410  -15.3482  -15.3469  -15.1757  -15.1707  -15.1248  -15.1184  -15.0489  -15.0483  -15.0336  -15.0329  -15.0103  -15.0102  -14.8251  -14.8244  -13.7524  -13.7170  -13.1411  -13.1199  -12.6878  -12.6829  -12.4570  -12.4550   -4.8741   -4.8274   -4.6728   -4.6278   -3.2200   -3.1629   -2.8219   -2.7520   -2.3354   -2.2594   -2.0166   -1.9613   -1.6962   -1.6923   -1.5476   -1.5449   -1.1950   -1.1714   -1.0900   -1.0491   -0.8271   -0.8201   -0.6411   -0.6145    3.5261    3.6318    3.8153    3.9537    4.2636    4.3507    4.9230    4.9390    5.1873    5.3316    5.5602    5.6868    6.9619    7.0114    7.3946    7.4359    7.7487    7.7743    7.8758    7.8977    8.0014    8.1024    8.2407    8.2673    8.4934    8.5719    8.7653    8.8309    9.0250    9.0604    9.3159    9.4774
  2.7948  -36.3957  -36.3956  -36.3903  -36.3903  -25.6794  -25.6794  -25.5904  -25.5903  -25.5469  -25.5468  -25.5257  -25.5256  -25.5141  -25.5140  -25.4410  -25.4409  -17.6195  -17.6194  -17.6192  -17.6192  -17.4203  -17.4201  -17.4062  -17.4061  -17.1826  -17.1825  -17.1537  -17.1537  -15.8112  -15.8110  -15.6885  -15.6883  -15.6510  -15.6506  -15.3465  -15.3463  -15.1702  -15.1701  -15.1248  -15.1248  -15.0484  -15.0483  -15.0338  -15.0337  -15.0103  -15.0102  -14.8247  -14.8247  -13.7214  -13.7214  -13.1455  -13.1454  -12.6839  -12.6838  -12.4567  -12.4566   -4.8227   -4.8224   -4.6688   -4.6687   -3.1800   -3.1799   -2.7967   -2.7966   -2.2757   -2.2755   -2.0325   -2.0323   -1.6919   -1.6918   -1.5511   -1.5510   -1.1602   -1.1601   -1.0891   -1.0890   -0.8114   -0.8114   -0.6387   -0.6386    3.6243    3.6244    3.8830    3.8834    4.2667    4.2671    4.9051    4.9054    5.3327    5.3329    5.5507    5.5510    7.0099    7.0101    7.4142    7.4145    7.7653    7.7657    7.9032    7.9048    8.1700    8.1755    8.1979    8.2037    8.5431    8.5498    8.6542    8.6729    9.0070    9.1459    9.2987    9.6878
  2.7948  -36.4035  -36.4033  -36.3826  -36.3825  -25.6796  -25.6796  -25.5901  -25.5900  -25.5484  -25.5484  -25.5235  -25.5234  -25.5150  -25.5149  -25.4408  -25.4407  -17.8059  -17.8058  -17.5057  -17.5056  -17.4317  -17.4315  -17.3223  -17.3222  -17.1668  -17.1668  -17.1114  -17.1113  -15.8407  -15.8405  -15.6710  -15.6708  -15.6638  -15.6636  -15.3986  -15.3985  -15.2321  -15.2320  -15.0906  -15.0905  -15.0416  -15.0416  -15.0200  -15.0199  -15.0039  -15.0039  -14.8272  -14.8272  -13.7260  -13.7259  -13.1868  -13.1868  -12.6345  -12.6344  -12.4197  -12.4196   -5.0084   -5.0082   -4.9343   -4.9341   -3.1936   -3.1934   -2.5172   -2.5170   -2.3002   -2.3001   -2.1548   -2.1547   -1.4304   -1.4304   -1.1518   -1.1517   -1.1077   -1.1076   -0.8341   -0.8341   -0.7692   -0.7691   -0.5541   -0.5539    3.5481    3.5484    3.7676    3.7679    4.1209    4.1214    4.6844    4.6846    5.0082    5.0083    5.2686    5.2689    6.2706    6.2707    7.0193    7.0194    7.1270    7.1273    7.3629    7.3633    7.8942    7.8947    8.5256    8.5297    8.6443    8.6621    8.9166    8.9217    9.0372    9.1033    9.7685   10.0131
  2.8517  -36.4066  -36.4002  -36.3829  -36.3822  -25.6796  -25.6795  -25.5901  -25.5900  -25.5489  -25.5479  -25.5241  -25.5229  -25.5150  -25.5149  -25.4410  -25.4405  -17.8054  -17.8042  -17.5206  -17.5031  -17.4582  -17.3914  -17.3234  -17.3205  -17.1726  -17.1652  -17.1206  -17.1024  -15.8459  -15.8348  -15.6893  -15.6723  -15.6549  -15.6496  -15.4101  -15.3882  -15.2378  -15.2262  -15.0911  -15.0891  -15.0463  -15.0372  -15.0213  -15.0183  -15.0044  -15.0034  -14.8287  -14.8257  -13.7783  -13.6858  -13.2162  -13.1470  -12.6398  -12.6264  -12.4354  -12.4048   -5.0653   -5.0162   -4.9587   -4.8383   -3.2534   -3.1624   -2.5525   -2.4778   -2.3944   -2.1929   -2.1774   -2.1081   -1.4812   -1.4127   -1.2210   -1.1475   -1.1123   -1.0129   -0.8804   -0.8096   -0.7735   -0.7648   -0.5730   -0.5363    3.5137    3.5452    3.7860    3.7926    4.0477    4.2248    4.6018    4.7102    5.0094    5.0354    5.1875    5.3872    6.1284    6.4295    6.9302    6.9910    7.1146    7.2452    7.2813    7.4539    7.8637    7.9655    8.4774    8.4783    8.6663    8.6893    8.9159    8.9277    9.0241    9.0644    9.7846    9.8358
  2.9086  -36.4098  -36.3970  -36.3832  -36.3819  -25.6796  -25.6795  -25.5902  -25.5900  -25.5493  -25.5473  -25.5248  -25.5223  -25.5151  -25.5148  -25.4412  -25.4403  -17.8031  -17.8005  -17.5356  -17.5325  -17.4511  -17.3546  -17.3194  -17.3188  -17.1826  -17.1676  -17.1299  -17.0938  -15.8497  -15.8293  -15.7068  -15.6776  -15.6436  -15.6289  -15.4222  -15.3794  -15.2429  -15.2209  -15.0911  -15.0868  -15.0512  -15.0332  -15.0226  -15.0165  -15.0049  -15.0031  -14.8303  -14.8243  -13.8452  -13.6531  -13.2331  -13.1012  -12.6404  -12.6169  -12.4519  -12.3918   -5.1412   -5.0683   -4.9118   -4.7386   -3.3300   -3.1671   -2.5923   -2.4551   -2.4324   -2.1757   -2.1242   -2.0073   -1.5519   -1.4186   -1.3121   -1.1305   -1.0705   -0.9469   -0.9270   -0.8220   -0.7789   -0.7495   -0.5879   -0.5208    3.4749    3.4896    3.8225    3.8614    4.0208    4.3246    4.4882    4.6961    5.0202    5.0839    5.1704    5.5290    6.0085    6.5960    6.8554    6.8610    7.1979    7.2120    7.3217    7.5631    7.8513    8.0703    8.3758    8.4177    8.7159    8.7225    8.8968    8.9407    9.0339    9.1174    9.6734   10.0327
  2.9656  -36.4128  -36.3940  -36.3835  -36.3815  -25.6797  -25.6794  -25.5902  -25.5900  -25.5496  -25.5467  -25.5256  -25.5219  -25.5151  -25.5147  -25.4414  -25.4401  -17.7991  -17.7949  -17.5700  -17.5482  -17.4338  -17.3411  -17.3174  -17.2925  -17.1965  -17.1739  -17.1392  -17.0855  -15.8514  -15.8252  -15.7226  -15.6813  -15.6308  -15.6078  -15.4339  -15.3721  -15.2469  -15.2164  -15.0907  -15.0836  -15.0558  -15.0297  -15.0238  -15.0145  -15.0054  -15.0028  -14.8321  -14.8228  -13.9261  -13.6231  -13.2380  -13.0542  -12.6348  -12.6062  -12.4695  -12.3821   -5.2228   -5.1002   -4.8692   -4.6404   -3.4110   -3.2034   -2.6425   -2.4762   -2.3846   -2.1502   -2.0940   -1.8688   -1.6172   -1.4355   -1.3883   -1.1075   -1.0890   -0.9567   -0.8906   -0.8502   -0.7873   -0.7383   -0.5939   -0.5053    3.3494    3.4968    3.8764    3.9010    4.0824    4.3326    4.3730    4.7402    5.0316    5.1443    5.2173    5.6817    5.9207    6.7007    6.7776    6.8149    7.1728    7.2505    7.3713    7.6864    7.8338    8.0974    8.3555    8.3640    8.7216    8.7306    8.8824    8.9107    9.0540    9.1517    9.5897    9.8523
  3.0225  -36.4157  -36.3911  -36.3838  -36.3812  -25.6797  -25.6793  -25.5903  -25.5900  -25.5499  -25.5460  -25.5263  -25.5215  -25.5151  -25.5146  -25.4417  -25.4400  -17.7938  -17.7879  -17.6057  -17.5576  -17.4158  -17.3419  -17.3162  -17.2532  -17.2139  -17.1840  -17.1476  -17.0776  -15.8508  -15.8234  -15.7364  -15.6836  -15.6172  -15.5866  -15.4444  -15.3662  -15.2497  -15.2131  -15.0905  -15.0796  -15.0600  -15.0267  -15.0252  -15.0125  -15.0059  -15.0028  -14.8341  -14.8213  -14.0176  -13.5921  -13.2337  -13.0101  -12.6222  -12.5942  -12.4881  -12.3776   -5.3004   -5.1195   -4.8335   -4.5498   -3.4834   -3.2567   -2.6987   -2.4648   -2.3428   -2.1129   -2.0827   -1.7286   -1.6554   -1.4586   -1.4436   -1.1626   -1.1000   -0.9821   -0.8715   -0.8350   -0.7951   -0.7390   -0.6037   -0.4860    3.1717    3.5422    3.9109    3.9511    4.2123    4.2313    4.2803    4.8809    5.0630    5.2066    5.2953    5.7850    5.9230    6.6057    6.7434    6.9030    7.2021    7.2702    7.4147    7.7918    7.8046    8.0070    8.2844    8.4572    8.6577    8.7571    8.8726    8.9662    9.1072    9.2589    9.6176    9.8503
  3.0795  -36.4183  -36.3885  -36.3840  -36.3809  -25.6797  -25.6793  -25.5903  -25.5900  -25.5501  -25.5454  -25.5271  -25.5213  -25.5150  -25.5145  -25.4419  -25.4398  -17.7877  -17.7807  -17.6364  -17.5630  -17.3995  -17.3454  -17.3152  -17.2338  -17.2151  -17.1968  -17.1542  -17.0703  -15.8477  -15.8246  -15.7476  -15.6848  -15.6033  -15.5656  -15.4527  -15.3615  -15.2512  -15.2109  -15.0908  -15.0753  -15.0633  -15.0267  -15.0242  -15.0107  -15.0062  -15.0029  -14.8362  -14.8198  -14.1154  -13.5580  -13.2227  -12.9715  -12.6049  -12.5807  -12.5063  -12.3794   -5.3715   -5.1278   -4.8069   -4.4752   -3.5314   -3.3110   -2.7541   -2.4287   -2.3182   -2.0866   -2.0836   -1.6721   -1.6194   -1.4882   -1.4380   -1.2416   -1.1194   -1.0165   -0.8721   -0.8649   -0.7523   -0.7230   -0.6400   -0.4598    2.9445    3.6231    3.9351    4.0103    4.1398    4.1940    4.3837    5.0494    5.1226    5.2571    5.3867    5.7837    6.0666    6.5050    6.7057    6.9443    7.2728    7.3298    7.4448    7.7126    7.8394    7.9858    8.2074    8.4647    8.6292    8.7916    8.8398    8.9791    9.1080    9.1990    9.5510    9.9897
  3.1364  -36.4208  -36.3861  -36.3843  -36.3806  -25.6797  -25.6792  -25.5903  -25.5901  -25.5503  -25.5447  -25.5278  -25.5211  -25.5150  -25.5144  -25.4421  -25.4397  -17.7812  -17.7759  -17.6589  -17.5641  -17.3866  -17.3503  -17.3144  -17.2544  -17.2147  -17.1811  -17.1551  -17.0637  -15.8422  -15.8288  -15.7565  -15.6855  -15.5901  -15.5452  -15.4584  -15.3578  -15.2513  -15.2096  -15.0919  -15.0707  -15.0655  -15.0286  -15.0221  -15.0091  -15.0065  -15.0035  -14.8385  -14.8183  -14.2147  -13.5202  -13.2072  -12.9403  -12.5914  -12.5657  -12.5167  -12.3881   -5.4350   -5.1267   -4.7921   -4.4243   -3.5393   -3.3545   -2.8039   -2.3731   -2.3198   -2.1013   -2.0852   -1.6917   -1.5771   -1.5209   -1.3199   -1.3019   -1.1525   -1.0520   -0.9157   -0.8575   -0.7760   -0.7148   -0.6364   -0.4257    2.6793    3.7126    3.9379    3.9754    4.1476    4.2342    4.5527    5.1609    5.2518    5.2846    5.4824    5.7885    6.2255    6.4149    6.6828    6.9510    7.2700    7.4480    7.5067    7.6014    7.7944    8.0428    8.1325    8.3863    8.6769    8.7857    8.8911    8.9488    9.0360    9.1205    9.7331   10.1089
  3.1934  -36.4229  -36.3845  -36.3841  -36.3803  -25.6797  -25.6791  -25.5903  -25.5901  -25.5504  -25.5441  -25.5285  -25.5210  -25.5149  -25.5144  -25.4423  -25.4396  -17.7767  -17.7747  -17.6696  -17.5610  -17.3794  -17.3566  -17.3134  -17.2734  -17.2315  -17.1733  -17.1341  -17.0579  -15.8353  -15.8349  -15.7631  -15.6861  -15.5781  -15.5255  -15.4616  -15.3549  -15.2502  -15.2088  -15.0940  -15.0664  -15.0664  -15.0309  -15.0203  -15.0078  -15.0066  -15.0044  -14.8409  -14.8169  -14.3109  -13.4792  -13.1888  -12.9171  -12.5974  -12.5499  -12.5062  -12.4028   -5.4901   -5.1186   -4.7916   -4.3970   -3.4992   -3.3804   -2.8452   -2.3517   -2.3012   -2.1332   -2.1222   -1.7393   -1.5441   -1.5226   -1.3382   -1.2148   -1.1253   -1.0852   -0.9752   -0.8408   -0.8151   -0.8019   -0.5564   -0.3862    2.3913    3.6957    3.9728    3.9873    4.1694    4.3914    4.7233    5.2291    5.2906    5.4054    5.5772    5.7986    6.3356    6.3625    6.6738    6.9535    7.2658    7.4349    7.4875    7.6935    7.7728    8.0100    8.0617    8.3897    8.7330    8.7661    8.8612    8.9817    9.0419    9.1232    9.5822    9.7481
  3.2503  -36.4246  -36.3847  -36.3826  -36.3798  -25.6797  -25.6790  -25.5903  -25.5902  -25.5505  -25.5436  -25.5291  -25.5210  -25.5148  -25.5143  -25.4424  -25.4395  -17.7841  -17.7689  -17.6679  -17.5541  -17.3808  -17.3647  -17.3118  -17.2873  -17.2478  -17.1758  -17.1059  -17.0530  -15.8427  -15.8263  -15.7680  -15.6870  -15.5680  -15.5071  -15.4628  -15.3527  -15.2484  -15.2083  -15.0967  -15.0663  -15.0624  -15.0334  -15.0190  -15.0068  -15.0066  -15.0056  -14.8431  -14.8156  -14.3991  -13.4369  -13.1688  -12.9016  -12.6188  -12.5344  -12.4807  -12.4216   -5.5363   -5.1063   -4.8058   -4.3834   -3.4163   -3.3857   -2.8769   -2.4142   -2.2405   -2.1969   -2.1464   -1.7910   -1.5507   -1.4593   -1.3591   -1.2292   -1.1179   -1.0535   -0.9762   -0.9151   -0.8503   -0.7802   -0.4846   -0.3456    2.0958    3.5993    3.9527    4.1232    4.2734    4.5603    4.8860    5.2778    5.2851    5.5294    5.6706    5.7849    6.2660    6.4588    6.6680    6.9511    7.2601    7.4203    7.4350    7.7386    7.8668    7.9520    7.9987    8.4262    8.7218    8.7655    8.8773    8.9584    9.0532    9.1514    9.6376    9.9637
  3.3072  -36.4261  -36.3848  -36.3816  -36.3793  -25.6796  -25.6790  -25.5903  -25.5902  -25.5505  -25.5432  -25.5296  -25.5210  -25.5147  -25.5143  -25.4426  -25.4394  -17.7945  -17.7640  -17.6580  -17.5444  -17.3911  -17.3746  -17.3092  -17.2949  -17.2615  -17.1787  -17.0816  -17.0491  -15.8500  -15.8174  -15.7715  -15.6884  -15.5599  -15.4907  -15.4626  -15.3510  -15.2461  -15.2077  -15.0995  -15.0655  -15.0592  -15.0360  -15.0179  -15.0079  -15.0065  -15.0055  -14.8451  -14.8145  -14.4748  -13.3962  -13.1489  -12.8932  -12.6439  -12.5207  -12.4533  -12.4417   -5.5729   -5.0928   -4.8304   -4.3731   -3.3719   -3.3034   -2.8997   -2.5049   -2.3391   -2.1714   -2.1060   -1.8337   -1.5480   -1.4014   -1.3751   -1.2409   -1.1985   -1.1178   -0.9797   -0.9327   -0.8402   -0.6585   -0.4249   -0.3087    1.8091    3.5101    3.9094    4.3004    4.4176    4.7183    5.0268    5.2766    5.2933    5.6172    5.7335    5.7581    6.2065    6.5036    6.6597    6.9315    7.2553    7.4141    7.4327    7.7308    7.9113    7.9540    8.0548    8.4516    8.7176    8.7527    8.9138    8.9534    9.1170    9.2169    9.6976   10.0629
  3.3642  -36.4271  -36.3849  -36.3811  -36.3786  -25.6796  -25.6789  -25.5904  -25.5902  -25.5505  -25.5428  -25.5299  -25.5210  -25.5147  -25.5142  -25.4427  -25.4393  -17.8040  -17.7603  -17.6454  -17.5336  -17.4054  -17.3855  -17.3067  -17.2978  -17.2716  -17.1810  -17.0632  -17.0462  -15.8559  -15.8094  -15.7739  -15.6900  -15.5540  -15.4773  -15.4619  -15.3500  -15.2440  -15.2069  -15.1018  -15.0644  -15.0567  -15.0384  -15.0171  -15.0100  -15.0065  -15.0048  -14.8466  -14.8136  -14.5331  -13.3615  -13.1313  -12.8902  -12.6665  -12.5097  -12.4596  -12.4304   -5.5995   -5.0809   -4.8569   -4.3628   -3.3452   -3.1727   -2.9158   -2.6184   -2.4422   -2.1940   -1.9905   -1.8633   -1.5504   -1.4018   -1.3568   -1.3218   -1.2414   -1.1366   -1.0152   -0.9638   -0.8205   -0.4814   -0.3800   -0.2797    1.5535    3.4432    3.8724    4.4784    4.5805    4.8488    5.1166    5.2609    5.2696    5.6675    5.6777    5.8262    6.1617    6.4969    6.6570    6.9034    7.2561    7.3524    7.4994    7.8150    7.8535    7.9877    8.1718    8.4354    8.7120    8.7421    8.8980    8.9266    9.2282    9.3250    9.7512    9.8282
  3.4211  -36.4277  -36.3850  -36.3808  -36.3782  -25.6796  -25.6789  -25.5904  -25.5902  -25.5505  -25.5426  -25.5302  -25.5210  -25.5146  -25.5142  -25.4427  -25.4393  -17.8103  -17.7580  -17.6351  -17.5246  -17.4176  -17.3947  -17.3054  -17.2981  -17.2775  -17.1824  -17.0518  -17.0445  -15.8598  -15.8039  -15.7753  -15.6915  -15.5505  -15.4685  -15.4612  -15.3494  -15.2425  -15.2062  -15.1034  -15.0634  -15.0552  -15.0402  -15.0163  -15.0120  -15.0064  -15.0044  -14.8475  -14.8131  -14.5702  -13.3376  -13.1190  -12.8901  -12.6824  -12.5025  -12.4722  -12.4154   -5.6156   -5.0729   -4.8768   -4.3546   -3.3177   -3.0340   -2.9269   -2.7467   -2.5166   -2.2100   -1.8802   -1.8619   -1.6008   -1.4607   -1.3718   -1.3293   -1.2354   -1.1448   -1.0338   -0.9935   -0.8103   -0.3522   -0.3337   -0.2611    1.3647    3.4023    3.8481    4.6266    4.7397    4.9524    5.1171    5.1782    5.2653    5.6346    5.7168    5.8669    6.1361    6.4610    6.6636    6.8820    7.2571    7.3100    7.5676    7.8097    7.9208    8.0210    8.2427    8.3612    8.7064    8.7236    8.9152    9.0053    9.3269    9.3870    9.6731    9.7109
  3.4781  -36.4279  -36.3850  -36.3808  -36.3780  -25.6796  -25.6789  -25.5905  -25.5902  -25.5505  -25.5426  -25.5302  -25.5210  -25.5146  -25.5142  -25.4427  -25.4393  -17.8126  -17.7572  -17.6310  -17.5210  -17.4223  -17.3984  -17.3050  -17.2978  -17.2795  -17.1828  -17.0479  -17.0439  -15.8611  -15.8018  -15.7758  -15.6920  -15.5494  -15.4653  -15.4609  -15.3492  -15.2420  -15.2059  -15.1040  -15.0630  -15.0547  -15.0409  -15.0159  -15.0130  -15.0064  -15.0042  -14.8478  -14.8129  -14.5829  -13.3290  -13.1145  -12.8905  -12.6881  -12.4998  -12.4769  -12.4102   -5.6211   -5.0700   -4.8840   -4.3515   -3.3057   -2.9313   -2.9175   -2.8598   -2.5438   -2.2158   -1.8857   -1.7265   -1.7233   -1.4768   -1.3799   -1.3202   -1.2317   -1.1472   -1.0396   -1.0053   -0.8070   -0.3427   -0.2750   -0.2541    1.2922    3.3886    3.8396    4.6888    4.8271    5.0340    5.0778    5.0898    5.2639    5.6330    5.7309    5.8801    6.1283    6.4405    6.6686    6.8742    7.2548    7.3003    7.5968    7.7907    7.9681    8.0483    8.2618    8.3167    8.7068    8.7246    8.9410    9.0376    9.4282    9.5781    9.5865    9.6600
  3.4781  -36.4279  -36.3850  -36.3808  -36.3780  -25.6796  -25.6789  -25.5905  -25.5902  -25.5505  -25.5426  -25.5302  -25.5210  -25.5146  -25.5142  -25.4427  -25.4393  -17.8126  -17.7572  -17.6310  -17.5210  -17.4223  -17.3984  -17.3050  -17.2978  -17.2795  -17.1828  -17.0479  -17.0439  -15.8611  -15.8018  -15.7758  -15.6920  -15.5494  -15.4653  -15.4609  -15.3492  -15.2420  -15.2059  -15.1040  -15.0630  -15.0547  -15.0409  -15.0159  -15.0130  -15.0064  -15.0042  -14.8478  -14.8129  -14.5829  -13.3290  -13.1145  -12.8905  -12.6881  -12.4998  -12.4769  -12.4102   -5.6211   -5.0700   -4.8840   -4.3515   -3.3057   -2.9313   -2.9175   -2.8598   -2.5438   -2.2158   -1.8857   -1.7265   -1.7233   -1.4768   -1.3799   -1.3202   -1.2317   -1.1472   -1.0396   -1.0053   -0.8070   -0.3427   -0.2750   -0.2541    1.2922    3.3886    3.8396    4.6888    4.8271    5.0340    5.0778    5.0898    5.2639    5.6330    5.7309    5.8801    6.1283    6.4405    6.6686    6.8742    7.2548    7.3003    7.5967    7.7921    7.9682    8.0461    8.2615    8.3166    8.7051    8.7126    8.9519    9.0349    9.4178    9.5543    9.5974    9.6448
  3.5361  -36.4278  -36.3858  -36.3802  -36.3780  -25.6797  -25.6789  -25.5904  -25.5902  -25.5505  -25.5427  -25.5301  -25.5210  -25.5146  -25.5142  -25.4427  -25.4393  -17.8109  -17.7558  -17.6288  -17.5194  -17.4273  -17.4006  -17.3051  -17.2975  -17.2747  -17.1855  -17.0485  -17.0472  -15.8586  -15.8026  -15.7763  -15.6908  -15.5521  -15.4796  -15.4520  -15.3469  -15.2417  -15.2044  -15.1053  -15.0637  -15.0548  -15.0403  -15.0175  -15.0115  -15.0064  -15.0046  -14.8471  -14.8139  -14.5685  -13.3485  -13.1065  -12.8866  -12.6877  -12.5056  -12.4714  -12.4144   -5.6147   -5.0754   -4.8722   -4.3509   -3.3157   -2.9807   -2.8963   -2.8170   -2.5309   -2.2281   -1.8897   -1.7976   -1.6353   -1.4807   -1.3715   -1.3277   -1.2246   -1.1476   -1.0416   -1.0043   -0.8077   -0.3786   -0.3062   -0.2656    1.3659    3.4062    3.8331    4.6893    4.8053    5.0160    5.0473    5.1477    5.2649    5.6243    5.6995    5.9053    6.1353    6.4325    6.6494    6.8572    7.2343    7.3276    7.5736    7.7764    7.9042    8.0802    8.2147    8.3615    8.6117    8.7956    8.9254    9.0091    9.3837    9.4673    9.5902    9.6804
  3.5942  -36.4273  -36.3875  -36.3792  -36.3778  -25.6797  -25.6788  -25.5904  -25.5903  -25.5505  -25.5430  -25.5297  -25.5210  -25.5146  -25.5143  -25.4426  -25.4394  -17.8060  -17.7517  -17.6222  -17.5145  -17.4404  -17.4072  -17.3046  -17.2966  -17.2626  -17.1934  -17.0569  -17.0503  -15.8515  -15.8047  -15.7774  -15.6874  -15.5602  -15.5003  -15.4454  -15.3418  -15.2404  -15.2002  -15.1090  -15.0655  -15.0551  -15.0388  -15.0195  -15.0102  -15.0067  -15.0054  -14.8451  -14.8166  -14.5264  -13.3964  -13.0918  -12.8753  -12.6873  -12.5180  -12.4599  -12.4259   -5.5962   -5.0908   -4.8379   -4.3504   -3.3381   -3.0285   -2.8974   -2.7272   -2.4958   -2.2627   -1.9117   -1.8179   -1.5697   -1.4873   -1.3561   -1.3448   -1.1973   -1.1455   -1.0447   -1.0039   -0.8130   -0.5190   -0.3427   -0.2885    1.5554    3.4572    3.8144    4.6828    4.7488    5.0001    5.0379    5.2026    5.2709    5.5999    5.6432    5.9421    6.1425    6.3995    6.6312    6.8063    7.1536    7.3834    7.5376    7.7419    7.8183    8.0696    8.1697    8.3419    8.5529    8.8104    8.8489    9.0571    9.3060    9.4563    9.6276   10.0468
  3.6523  -36.4265  -36.3895  -36.3781  -36.3777  -25.6798  -25.6788  -25.5904  -25.5902  -25.5505  -25.5436  -25.5291  -25.5210  -25.5146  -25.5145  -25.4425  -25.4395  -17.7980  -17.7448  -17.6114  -17.5062  -17.4587  -17.4179  -17.3036  -17.2951  -17.2468  -17.2059  -17.0724  -17.0532  -15.8416  -15.8079  -15.7776  -15.6822  -15.5729  -15.5234  -15.4409  -15.3371  -15.2379  -15.1939  -15.1144  -15.0677  -15.0559  -15.0370  -15.0207  -15.0117  -15.0067  -15.0054  -14.8423  -14.8209  -14.4599  -13.4573  -13.0820  -12.8581  -12.6895  -12.5344  -12.4462  -12.4424   -5.5668   -5.1140   -4.7853   -4.3529   -3.3566   -3.0653   -2.8964   -2.6328   -2.4456   -2.3063   -1.9333   -1.8086   -1.5517   -1.4927   -1.3793   -1.3355   -1.1704   -1.1096   -1.0448   -1.0075   -0.8451   -0.6829   -0.3825   -0.3227    1.8073    3.5365    3.7858    4.6198    4.7277    4.9911    5.0543    5.2317    5.2855    5.5359    5.6286    5.9375    6.1226    6.3615    6.6544    6.7275    7.0007    7.4163    7.5410    7.7057    7.7584    8.0007    8.1599    8.2384    8.4769    8.6850    8.8304    9.1229    9.2376    9.5008    9.7010    9.8263
  3.7103  -36.4253  -36.3919  -36.3774  -36.3771  -25.6800  -25.6787  -25.5904  -25.5901  -25.5505  -25.5443  -25.5284  -25.5210  -25.5147  -25.5146  -25.4423  -25.4396  -17.7870  -17.7353  -17.5968  -17.4945  -17.4799  -17.4322  -17.3031  -17.2932  -17.2295  -17.2217  -17.0931  -17.0573  -15.8317  -15.8116  -15.7742  -15.6761  -15.5889  -15.5467  -15.4370  -15.3347  -15.2341  -15.1861  -15.1212  -15.0695  -15.0575  -15.0358  -15.0207  -15.0147  -15.0075  -15.0046  -14.8394  -14.8261  -14.3734  -13.5213  -13.0806  -12.8377  -12.6973  -12.5541  -12.4605  -12.4319   -5.5286   -5.1420   -4.7208   -4.3619   -3.3575   -3.0887   -2.8850   -2.5598   -2.3998   -2.3176   -1.9433   -1.8038   -1.5694   -1.5130   -1.3999   -1.3277   -1.1819   -1.0663   -1.0360   -0.9992   -0.9445   -0.7505   -0.4349   -0.3665    2.0847    3.6344    3.7521    4.5278    4.7427    4.9765    5.1045    5.2289    5.3017    5.4705    5.6428    5.8601    6.0593    6.3650    6.6153    6.7088    6.8414    7.4164    7.5214    7.6705    7.7650    7.8983    8.1021    8.1693    8.3624    8.5839    8.8715    9.0616    9.3013    9.5630    9.6352    9.8804
  3.7684  -36.4239  -36.3943  -36.3771  -36.3764  -25.6801  -25.6787  -25.5904  -25.5900  -25.5505  -25.5450  -25.5275  -25.5210  -25.5148  -25.5147  -25.4421  -25.4397  -17.7731  -17.7232  -17.5789  -17.5028  -17.4801  -17.4485  -17.3046  -17.2909  -17.2401  -17.2110  -17.1178  -17.0625  -15.8254  -15.8154  -15.7649  -15.6703  -15.6065  -15.5689  -15.4323  -15.3350  -15.2292  -15.1771  -15.1289  -15.0708  -15.0600  -15.0360  -15.0194  -15.0174  -15.0088  -15.0037  -14.8373  -14.8317  -14.2729  -13.5828  -13.0863  -12.8172  -12.7134  -12.5764  -12.4763  -12.4194   -5.4846   -5.1716   -4.6528   -4.3790   -3.3330   -3.0967   -2.8587   -2.5240   -2.3923   -2.2492   -1.9469   -1.8222   -1.6280   -1.5451   -1.3994   -1.3145   -1.2523   -1.1040   -1.0314   -1.0144   -0.9116   -0.7604   -0.4992   -0.4187    2.3664    3.6852    3.7747    4.4469    4.7721    4.9647    5.1640    5.1992    5.3141    5.4450    5.6474    5.7566    5.9520    6.3652    6.4952    6.6970    6.8230    7.3694    7.4872    7.5866    7.7617    7.8519    7.9877    8.1277    8.3192    8.5134    8.8844    8.9469    9.3383    9.5501    9.6730    9.9543
  3.8264  -36.4222  -36.3970  -36.3768  -36.3758  -25.6801  -25.6787  -25.5905  -25.5899  -25.5504  -25.5458  -25.5266  -25.5210  -25.5149  -25.5147  -25.4419  -25.4399  -17.7567  -17.7085  -17.5581  -17.5266  -17.4763  -17.4533  -17.3110  -17.2883  -17.2565  -17.1937  -17.1455  -17.0688  -15.8232  -15.8191  -15.7506  -15.6669  -15.6228  -15.5888  -15.4259  -15.3375  -15.2236  -15.1672  -15.1374  -15.0714  -15.0638  -15.0388  -15.0193  -15.0165  -15.0105  -15.0028  -14.8383  -14.8351  -14.1649  -13.6383  -13.0956  -12.7987  -12.7395  -12.6004  -12.4866  -12.4104   -5.4379   -5.2000   -4.5899   -4.4023   -3.2823   -3.0896   -2.8142   -2.5126   -2.3817   -2.1633   -1.9469   -1.8742   -1.7301   -1.5817   -1.3847   -1.3466   -1.2837   -1.1240   -1.0571   -1.0013   -0.8564   -0.7527   -0.5732   -0.4777    2.6385    3.6464    3.8966    4.3878    4.8098    4.9539    5.1085    5.2693    5.3348    5.4395    5.5763    5.7269    5.8336    6.2185    6.5132    6.6322    6.9046    7.2761    7.4170    7.4899    7.7180    7.8262    7.8790    8.1120    8.3690    8.4595    8.8305    9.0026    9.3514    9.4989    9.6950    9.9617
  3.8845  -36.4203  -36.3997  -36.3764  -36.3754  -25.6801  -25.6788  -25.5904  -25.5898  -25.5502  -25.5465  -25.5257  -25.5212  -25.5151  -25.5148  -25.4417  -25.4401  -17.7381  -17.6913  -17.5510  -17.5348  -17.4961  -17.4333  -17.3253  -17.2856  -17.2680  -17.1833  -17.1691  -17.0762  -15.8236  -15.8223  -15.7346  -15.6688  -15.6340  -15.6054  -15.4172  -15.3415  -15.2176  -15.1565  -15.1468  -15.0715  -15.0689  -15.0434  -15.0195  -15.0144  -15.0113  -15.0020  -14.8427  -14.8356  -14.0569  -13.6854  -13.1040  -12.7916  -12.7680  -12.6251  -12.4893  -12.4064   -5.3923   -5.2251   -4.5392   -4.4271   -3.2117   -3.0697   -2.7491   -2.5018   -2.3671   -2.0994   -1.9582   -1.9400   -1.8520   -1.6287   -1.3993   -1.3538   -1.2419   -1.1424   -1.0816   -0.9781   -0.8385   -0.7326   -0.6531   -0.5413    2.8905    3.6051    4.0357    4.3525    4.8379    4.9267    5.0661    5.2990    5.3816    5.3976    5.5422    5.6598    5.8297    6.0323    6.5531    6.6062    6.9260    7.2102    7.2487    7.4784    7.6333    7.7333    7.8436    8.1482    8.3788    8.4928    8.7704    9.0073    9.3343    9.4819    9.7748   10.0927
  3.9426  -36.4182  -36.4024  -36.3761  -36.3751  -25.6801  -25.6789  -25.5904  -25.5898  -25.5500  -25.5473  -25.5249  -25.5214  -25.5151  -25.5149  -25.4415  -25.4403  -17.7176  -17.6716  -17.5755  -17.5205  -17.5098  -17.4078  -17.3469  -17.2828  -17.2749  -17.2094  -17.1582  -17.0847  -15.8251  -15.8249  -15.7201  -15.6768  -15.6383  -15.6181  -15.4064  -15.3468  -15.2112  -15.1569  -15.1449  -15.0767  -15.0701  -15.0487  -15.0191  -15.0153  -15.0087  -15.0014  -14.8460  -14.8370  -13.9577  -13.7231  -13.1054  -12.8334  -12.7605  -12.6494  -12.4842  -12.4082   -5.3513   -5.2459   -4.5046   -4.4487   -3.1324   -3.0408   -2.6643   -2.4837   -2.3520   -2.1074   -2.0210   -1.9868   -1.9095   -1.6832   -1.4015   -1.3283   -1.2092   -1.1487   -1.0982   -0.9569   -0.8413   -0.7378   -0.7142   -0.6060    3.1116    3.5729    4.1849    4.3407    4.8052    4.9110    5.0611    5.2203    5.3871    5.4327    5.4635    5.7306    5.8542    5.8853    6.5110    6.6509    6.8495    7.1066    7.2059    7.4398    7.5221    7.6249    7.8933    8.1787    8.3869    8.5866    8.7236    9.0694    9.2110    9.2871    9.6367   10.0322
  4.0006  -36.4158  -36.4052  -36.3757  -36.3750  -25.6799  -25.6791  -25.5903  -25.5898  -25.5498  -25.5479  -25.5240  -25.5217  -25.5152  -25.5149  -25.4413  -25.4405  -17.6957  -17.6495  -17.6000  -17.5464  -17.4834  -17.3795  -17.3726  -17.2808  -17.2799  -17.2395  -17.1435  -17.0943  -15.8271  -15.8265  -15.7092  -15.6862  -15.6387  -15.6266  -15.3941  -15.3531  -15.2042  -15.1674  -15.1329  -15.0858  -15.0684  -15.0538  -15.0187  -15.0168  -15.0057  -15.0010  -14.8475  -14.8395  -13.8762  -13.7511  -13.0931  -12.8918  -12.7457  -12.6724  -12.4731  -12.4155   -5.3181   -5.2617   -4.4855   -4.4639   -3.0582   -3.0092   -2.5682   -2.4596   -2.3348   -2.1945   -2.1071   -2.0050   -1.9032   -1.7410   -1.3765   -1.3057   -1.2053   -1.1435   -1.0875   -0.9459   -0.8460   -0.8119   -0.7134   -0.6652    3.2904    3.5506    4.3365    4.3546    4.7233    4.8878    5.0788    5.1454    5.3120    5.4382    5.4892    5.6854    5.8940    5.9663    6.4333    6.5970    6.8411    7.0183    7.1897    7.3392    7.4506    7.5159    8.0049    8.2057    8.4391    8.6371    8.7130    9.0353    9.0914    9.3977    9.6214   10.1239
  4.0587  -36.4133  -36.4080  -36.3754  -36.3750  -25.6798  -25.6793  -25.5902  -25.5899  -25.5494  -25.5485  -25.5233  -25.5221  -25.5151  -25.5150  -25.4411  -25.4407  -17.6726  -17.6257  -17.6242  -17.5730  -17.4561  -17.4001  -17.3494  -17.2934  -17.2768  -17.2627  -17.1295  -17.1049  -15.8282  -15.8278  -15.7024  -15.6935  -15.6375  -15.6318  -15.3818  -15.3609  -15.1964  -15.1778  -15.1205  -15.0965  -15.0659  -15.0585  -15.0184  -15.0179  -15.0033  -15.0010  -14.8471  -14.8424  -13.8201  -13.7711  -13.0628  -12.9549  -12.7297  -12.6934  -12.4583  -12.4274   -5.2952   -5.2728   -4.4778   -4.4721   -3.0032   -2.9842   -2.4797   -2.4320   -2.3290   -2.2805   -2.1513   -2.0414   -1.8835   -1.7963   -1.3370   -1.2901   -1.2017   -1.1720   -1.0400   -0.9523   -0.8656   -0.8519   -0.7199   -0.7064    3.4172    3.5296    4.3967    4.4628    4.6515    4.8089    5.1015    5.1221    5.2741    5.4031    5.5213    5.5756    6.0588    6.0901    6.3242    6.4455    6.9135    6.9817    7.1610    7.2268    7.4039    7.4300    8.1384    8.2515    8.4949    8.5790    8.7827    8.9661    9.0831    9.2401    9.5785    9.8214
  4.1168  -36.4107  -36.4106  -36.3752  -36.3751  -25.6796  -25.6795  -25.5901  -25.5900  -25.5490  -25.5490  -25.5227  -25.5226  -25.5151  -25.5151  -25.4409  -25.4408  -17.6489  -17.6488  -17.5997  -17.5996  -17.4282  -17.4281  -17.3191  -17.3191  -17.2725  -17.2724  -17.1167  -17.1166  -15.8285  -15.8283  -15.6983  -15.6980  -15.6354  -15.6351  -15.3705  -15.3704  -15.1877  -15.1875  -15.1084  -15.1082  -15.0626  -15.0625  -15.0183  -15.0182  -15.0018  -15.0017  -14.8452  -14.8452  -13.7892  -13.7891  -13.0148  -13.0146  -12.7125  -12.7124  -12.4424  -12.4423   -5.2820   -5.2817   -4.4755   -4.4752   -2.9786   -2.9784   -2.4238   -2.4236   -2.3343   -2.3340   -2.1094   -2.1092   -1.8453   -1.8452   -1.2993   -1.2992   -1.1947   -1.1947   -0.9900   -0.9899   -0.8684   -0.8682   -0.7220   -0.7220    3.4921    3.4924    4.4600    4.4602    4.7001    4.7002    5.1131    5.1134    5.3237    5.3238    5.5371    5.5373    6.1936    6.1937    6.2703    6.2706    6.9663    6.9665    7.1587    7.1590    7.3896    7.3900    8.2373    8.2373    8.5408    8.5465    8.8455    8.8580    9.0698    9.1151    9.6611    9.9406
