#K-Path     Band-1    Band-2    Band-3    Band-4      ...     Band-n
  0.0000  -14.8934  -14.7675  -14.7661  -14.0949  -14.0932  -13.9017   -8.5743   -8.5732   -8.5702   -8.5604   -8.5600   -8.5578   -8.5449   -8.5446   -8.5422   -8.4888   -8.4876   -8.4848   -8.4090   -8.3183   -8.3169   -5.7513   -5.1401   -5.1374   -2.9400   -2.9380   -1.6011   -1.2285   -1.2210   -1.0532   -1.0457   -0.9682   -0.7902   -0.7062   -0.5291   -0.4165   -0.4128   -0.2363   -0.2324    2.5163    3.6206    3.6213    6.2525    6.2567    7.3757    7.6284    8.7548    8.7573    8.8390    8.8456    8.9169    8.9233    9.1418    9.2114    9.2950    9.3968    9.4327    9.4356    9.5060    9.5086   10.3725   10.3756   10.4452   12.0359
  0.0528  -14.8918  -14.7661  -14.7648  -14.0936  -14.0919  -13.9009   -8.5747   -8.5736   -8.5706   -8.5601   -8.5597   -8.5575   -8.5448   -8.5445   -8.5421   -8.4893   -8.4881   -8.4853   -8.4074   -8.3165   -8.3151   -5.7429   -5.1339   -5.1311   -2.9380   -2.9360   -1.6024   -1.2539   -1.2165   -1.0808   -1.0419   -0.9871   -0.8119   -0.7110   -0.5347   -0.4478   -0.4032   -0.2698   -0.2233    2.5332    3.6197    3.6232    6.2575    6.2630    7.3455    7.6328    8.5804    8.6600    8.8770    8.8841    8.9700    9.0744    9.1446    9.2122    9.3076    9.4002    9.4271    9.4607    9.4907    9.5281   10.3724   10.4016   10.4552   11.8393
  0.1057  -14.8868  -14.7621  -14.7607  -14.0896  -14.0879  -13.8985   -8.5760   -8.5749   -8.5718   -8.5595   -8.5591   -8.5568   -8.5444   -8.5440   -8.5416   -8.4907   -8.4895   -8.4867   -8.4027   -8.3112   -8.3098   -5.7175   -5.1151   -5.1123   -2.9325   -2.9303   -1.6066   -1.3022   -1.2307   -1.1329   -1.0584   -1.0455   -0.8693   -0.7260   -0.5532   -0.5026   -0.4188   -0.3231   -0.2352    2.5819    3.6189    3.6249    6.2717    6.2799    7.2556    7.6439    8.3902    8.4632    8.9251    8.9316    9.1126    9.1341    9.2155    9.2351    9.3248    9.4337    9.4493    9.4756    9.5184    9.5597   10.3762   10.4292   10.4754   11.1119
  0.1585  -14.8787  -14.7554  -14.7540  -14.0832  -14.0814  -13.8945   -8.5783   -8.5771   -8.5740   -8.5589   -8.5585   -8.5563   -8.5433   -8.5428   -8.5404   -8.4929   -8.4917   -8.4889   -8.3948   -8.3025   -8.3011   -5.6752   -5.0841   -5.0811   -2.9239   -2.9213   -1.6151   -1.3683   -1.2699   -1.1997   -1.1462   -1.0967   -0.9464   -0.7521   -0.5864   -0.5796   -0.4798   -0.3725   -0.2656    2.6573    3.6161    3.6233    6.2916    6.3027    7.1092    7.6554    8.2047    8.2679    8.9844    8.9904    9.0967    9.1929    9.2715    9.2831    9.3326    9.4854    9.4967    9.5258    9.6149    9.6448   10.3502   10.4034   10.4789   10.9902
  0.2114  -14.8674  -14.7464  -14.7449  -14.0743  -14.0725  -13.8891   -8.5816   -8.5804   -8.5772   -8.5590   -8.5587   -8.5564   -8.5412   -8.5408   -8.5383   -8.4954   -8.4943   -8.4915   -8.3836   -8.2904   -8.2890   -5.6162   -5.0409   -5.0377   -2.9135   -2.9101   -1.6300   -1.4490   -1.3398   -1.2865   -1.2694   -1.1540   -1.0308   -0.7891   -0.6778   -0.6342   -0.5863   -0.4125   -0.3101    2.7526    3.6079    3.6144    6.3104    6.3248    6.9136    7.6591    8.0314    8.0840    9.0171    9.0308    9.0347    9.1685    9.2471    9.2943    9.3909    9.5383    9.5447    9.6658    9.7633    9.8045   10.2450   10.3494   10.4757   11.0362
  0.2642  -14.8534  -14.7352  -14.7336  -14.0632  -14.0614  -13.8824   -8.5860   -8.5847   -8.5814   -8.5600   -8.5597   -8.5574   -8.5388   -8.5382   -8.5357   -8.4978   -8.4966   -8.4939   -8.3694   -8.2752   -8.2738   -5.5406   -4.9859   -4.9824   -2.9026   -2.8982   -1.6551   -1.5401   -1.4561   -1.4345   -1.3410   -1.2274   -1.1164   -0.8365   -0.7941   -0.7187   -0.6949   -0.4560   -0.3650    2.8604    3.5905    3.5946    6.3200    6.3381    6.6803    7.6449    7.8756    7.9165    8.9390    8.9505    8.9886    9.0870    9.1791    9.2914    9.4695    9.6441    9.6449    9.8413    9.9291    9.9962   10.1586   10.2445   10.4620   11.1967
  0.3170  -14.8369  -14.7221  -14.7203  -14.0501  -14.0482  -13.8748   -8.5913   -8.5900   -8.5866   -8.5617   -8.5613   -8.5590   -8.5371   -8.5363   -8.5337   -8.4990   -8.4979   -8.4954   -8.3523   -8.2572   -8.2558   -5.4486   -4.9195   -4.9158   -2.8931   -2.8873   -1.6964   -1.6433   -1.6360   -1.5399   -1.4203   -1.3139   -1.1979   -0.9243   -0.8935   -0.8661   -0.7659   -0.5069   -0.4277    2.9739    3.5601    3.5611    6.3115    6.3341    6.4237    7.5999    7.7371    7.7655    8.7657    8.7918    8.8126    9.0483    9.1173    9.2961    9.5265    9.7933    9.7955    9.9763   10.0366   10.1238   10.2360   10.2913   10.5182   11.3724
  0.3699  -14.8182  -14.7074  -14.7055  -14.0353  -14.0333  -13.8664   -8.5975   -8.5962   -8.5927   -8.5637   -8.5633   -8.5610   -8.5371   -8.5362   -8.5333   -8.4983   -8.4973   -8.4949   -8.3325   -8.2368   -8.2355   -5.3407   -4.8425   -4.8384   -2.8875   -2.8800   -1.8457   -1.7510   -1.7323   -1.6460   -1.5086   -1.4108   -1.2695   -1.0636   -1.0218   -0.9591   -0.8443   -0.5649   -0.4963    3.0862    3.5104    3.5165    6.1585    6.2793    6.3066    7.5088    7.6040    7.6194    8.5445    8.5639    8.6778    8.9913    9.0472    9.3007    9.5527    9.9239    9.9521    9.9719    9.9958   10.2290   10.4535   10.4622   10.6020   11.5772
  0.4227  -14.7978  -14.6916  -14.6896  -14.0190  -14.0170  -13.8576   -8.6045   -8.6031   -8.5996   -8.5658   -8.5654   -8.5631   -8.5392   -8.5381   -8.5351   -8.4956   -8.4945   -8.4923   -8.3104   -8.2147   -8.2133   -5.2175   -4.7555   -4.7513   -2.8881   -2.8788   -2.0469   -1.8307   -1.8222   -1.7456   -1.6046   -1.5154   -1.3282   -1.2078   -1.1804   -1.0335   -0.9260   -0.6288   -0.5691    3.1898    3.4441    3.4571    5.9011    6.2223    6.2536    7.3587    7.4465    7.4506    8.3640    8.3772    8.5651    8.9104    8.9580    9.2835    9.5687    9.8920    9.9139   10.1483   10.1636   10.3958   10.6871   10.6995   10.7630   11.6286
  0.4756  -14.7759  -14.6751  -14.6729  -14.0017  -13.9996  -13.8486   -8.6121   -8.6107   -8.6071   -8.5680   -8.5675   -8.5652   -8.5430   -8.5418   -8.5386   -8.4912   -8.4902   -8.4881   -8.2866   -8.1915   -8.1901   -5.0797   -4.6597   -4.6554   -2.8970   -2.8859   -2.2464   -1.9259   -1.9019   -1.8334   -1.7059   -1.6249   -1.3760   -1.3528   -1.3375   -1.1171   -1.0064   -0.6969   -0.6446    3.2751    3.3632    3.3841    5.6685    6.1436    6.1780    7.1490    7.2314    7.2397    8.2693    8.2756    8.4925    8.8127    8.8526    9.2259    9.6078    9.8834    9.9016   10.3277   10.3489   10.5418   10.9160   10.9339   10.9613   12.0377
  0.5284  -14.7532  -14.6582  -14.6559  -13.9836  -13.9814  -13.8397   -8.6200   -8.6186   -8.6150   -8.5701   -8.5696   -8.5672   -8.5474   -8.5462   -8.5431   -8.4862   -8.4852   -8.4831   -8.2615   -8.1679   -8.1666   -4.9284   -4.5564   -4.5522   -2.9149   -2.9023   -2.4390   -2.0316   -1.9687   -1.9066   -1.8098   -1.7368   -1.4954   -1.4893   -1.4176   -1.2104   -1.0812   -0.7677   -0.7212    3.2711    3.3003    3.3304    5.4797    6.0461    6.0831    6.8937    6.9717    6.9916    8.2572    8.2574    8.4607    8.7092    8.7412    9.1314    9.6741    9.8997    9.9156   10.5019   10.5272   10.6749   11.1264   11.1492   11.1657   11.8291
  0.5813  -14.7300  -14.6416  -14.6390  -13.9652  -13.9628  -13.8312   -8.6279   -8.6266   -8.6230   -8.5723   -8.5716   -8.5692   -8.5520   -8.5508   -8.5478   -8.4810   -8.4800   -8.4779   -8.2358   -8.1448   -8.1434   -4.7650   -4.4470   -4.4435   -2.9407   -2.9270   -2.6210   -2.1416   -2.0249   -1.9689   -1.9105   -1.8470   -1.6323   -1.6316   -1.4580   -1.3119   -1.1484   -0.8394   -0.7976    3.1729    3.2106    3.3433    5.3534    5.9256    5.9658    6.6106    6.7054    6.7396    8.2881    8.2916    8.4628    8.6173    8.6418    9.0104    9.7610    9.9371    9.9518   10.6683   10.6962   10.8086   11.3080   11.3338   11.3449   12.1239
  0.6341  -14.7068  -14.6255  -14.6227  -13.9467  -13.9443  -13.8236   -8.6355   -8.6342   -8.6307   -8.5748   -8.5740   -8.5713   -8.5558   -8.5548   -8.5520   -8.4761   -8.4752   -8.4731   -8.2100   -8.1228   -8.1215   -4.5913   -4.3336   -4.3310   -2.9713   -2.9570   -2.7892   -2.2515   -2.0831   -2.0484   -1.9811   -1.9451   -1.7613   -1.7590   -1.5005   -1.4187   -1.2074   -0.9104   -0.8724    3.0750    3.1206    3.3073    5.3019    5.7688    5.8118    6.3143    6.4733    6.5228    8.3050    8.3086    8.4924    8.5826    8.6013    8.8690    9.8629    9.9915   10.0054   10.8257   10.8551   10.9406   11.4502   11.4710   11.4770   12.5010
  0.6869  -14.6841  -14.6103  -14.6073  -13.9286  -13.9261  -13.8169   -8.6426   -8.6413   -8.6378   -8.5783   -8.5772   -8.5741   -8.5581   -8.5573   -8.5548   -8.4719   -8.4711   -8.4690   -8.1847   -8.1027   -8.1013   -4.4095   -4.2185   -4.2165   -3.0023   -2.9879   -2.9408   -2.3584   -2.1690   -2.1550   -2.0157   -2.0091   -1.8744   -1.8725   -1.5489   -1.5262   -1.2585   -0.9795   -0.9445    2.9845    3.0369    3.2276    5.3247    5.5633    5.6044    6.0156    6.3090    6.3692    8.2469    8.2478    8.5457    8.6545    8.6703    8.7100    9.9759   10.0592   10.0722   10.9730   11.0032   11.0652   11.5432   11.5467   11.5700   13.0428
  0.7398  -14.6623  -14.5966  -14.5933  -13.9113  -13.9086  -13.8115   -8.6488   -8.6474   -8.6440   -8.5830   -8.5816   -8.5782   -8.5583   -8.5578   -8.5554   -8.4686   -8.4679   -8.4658   -8.1604   -8.0851   -8.0836   -4.2226   -4.1045   -4.1011   -3.0744   -3.0288   -3.0148   -2.4604   -2.2830   -2.2711   -2.0412   -2.0387   -1.9698   -1.9680   -1.6436   -1.5917   -1.3022   -1.0454   -1.0128    2.9087    2.9664    3.1208    5.3165    5.3509    5.4069    5.7247    6.2150    6.2808    8.1418    8.1487    8.5346    8.6217    8.7926    8.8071   10.0970   10.1367   10.1483   11.1081   11.1389   11.1762   11.5757   11.5851   11.6090   13.3429
  0.7926  -14.6417  -14.5844  -14.5809  -13.8949  -13.8921  -13.8076   -8.6539   -8.6524   -8.6491   -8.5885   -8.5870   -8.5833   -8.5567   -8.5563   -8.5540   -8.4665   -8.4659   -8.4637   -8.1377   -8.0702   -8.0687   -4.0341   -3.9932   -3.9869   -3.1866   -3.0486   -3.0351   -2.5566   -2.4080   -2.3923   -2.0732   -2.0634   -2.0430   -2.0295   -1.7542   -1.6426   -1.3393   -1.1069   -1.0764    2.8542    2.9150    3.0062    5.0489    5.0760    5.3994    5.5799    6.1737    6.2431    8.0235    8.0371    8.3452    8.7186    8.9623    8.9756   10.2204   10.2229   10.2304   11.2272   11.2583   11.2655   11.5708   11.5788   11.5962   13.4038
  0.8455  -14.6229  -14.5742  -14.5704  -13.8799  -13.8770  -13.8053   -8.6577   -8.6560   -8.6528   -8.5945   -8.5929   -8.5891   -8.5534   -8.5530   -8.5508   -8.4657   -8.4652   -8.4631   -8.1170   -8.0585   -8.0568   -3.8856   -3.8758   -3.8480   -3.2766   -3.0595   -3.0466   -2.6465   -2.5360   -2.5151   -2.1331   -2.1183   -2.0629   -2.0457   -1.8632   -1.6937   -1.3697   -1.1634   -1.1346    2.8265    2.8881    2.9013    4.7771    4.7984    5.1366    5.7373    6.1706    6.2431    7.9004    7.9204    8.1419    8.8367    9.1513    9.1631   10.3068   10.3146   10.3496   11.3180   11.3224   11.3563   11.5166   11.5410   11.5684   13.4597
  0.8983  -14.6059  -14.5660  -14.5619  -13.8665  -13.8635  -13.8046   -8.6601   -8.6582   -8.6551   -8.6007   -8.5991   -8.5951   -8.5487   -8.5483   -8.5461   -8.4665   -8.4661   -8.4639   -8.0986   -8.0498   -8.0480   -3.7818   -3.7681   -3.6710   -3.3424   -3.0621   -3.0496   -2.7303   -2.6629   -2.6372   -2.1889   -2.1718   -2.0676   -2.0493   -1.9681   -1.7446   -1.3931   -1.2141   -1.1868    2.8196    2.8296    2.8891    4.5117    4.5294    4.8718    5.9360    6.1982    6.2731    7.7749    7.8008    7.9262    8.9757    9.3524    9.3622   10.3915   10.3965   10.4724   11.3360   11.3441   11.3683   11.4849   11.4962   11.5509   13.4112
  0.9511  -14.5911  -14.5600  -14.5556  -13.8548  -13.8517  -13.8056   -8.6611   -8.6589   -8.6559   -8.6068   -8.6052   -8.6011   -8.5428   -8.5424   -8.5402   -8.4690   -8.4686   -8.4664   -8.0826   -8.0442   -8.0422   -3.6815   -3.6642   -3.5159   -3.3760   -3.0589   -3.0464   -2.8084   -2.7855   -2.7559   -2.2360   -2.2166   -2.0670   -2.0654   -2.0464   -1.7952   -1.4083   -1.2587   -1.2328    2.7713    2.8648    2.9186    4.2603    4.2769    4.6192    6.1567    6.2523    6.3287    7.6475    7.6784    7.6994    9.1349    9.5581    9.5651   10.4687   10.4711   10.5856   11.2493   11.2577   11.3082   11.5146   11.5262   11.5329   13.4752
  1.0040  -14.5786  -14.5561  -14.5514  -13.8450  -13.8418  -13.8083   -8.6608   -8.6583   -8.6553   -8.6126   -8.6110   -8.6068   -8.5358   -8.5354   -8.5333   -8.4731   -8.4727   -8.4705   -8.0691   -8.0412   -8.0391   -3.5846   -3.5644   -3.4452   -3.3220   -3.0544   -3.0414   -2.8998   -2.8811   -2.8683   -2.2735   -2.2529   -2.1533   -2.0594   -2.0378   -1.8456   -1.4138   -1.2970   -1.2722    2.7639    2.9289    2.9724    4.0308    4.0502    4.3811    6.3295    6.3926    6.4073    7.4617    7.5190    7.5547    9.3127    9.7549    9.7581   10.5321   10.5343   10.6825   11.1178   11.1239   11.2354   11.5187   11.5354   11.5517   13.6383
  1.0568  -14.5685  -14.5543  -14.5492  -13.8370  -13.8339  -13.8124   -8.6594   -8.6567   -8.6538   -8.6178   -8.6161   -8.6120   -8.5283   -8.5280   -8.5258   -8.4785   -8.4781   -8.4760   -8.0581   -8.0404   -8.0381   -3.4929   -3.4717   -3.4354   -3.2118   -3.0540   -3.0464   -2.9931   -2.9691   -2.9491   -2.2992   -2.2795   -2.2250   -2.0467   -2.0243   -1.8958   -1.4084   -1.3287   -1.3050    2.8027    3.0092    3.0349    3.8379    3.8668    4.1586    6.4274    6.5034    6.6409    7.2159    7.3891    7.4287    9.5070    9.9100    9.9144   10.5868   10.5895   10.7566   10.9960   11.0015   11.1203   11.5128   11.5355   11.5546   13.8078
  1.1097  -14.5608  -14.5544  -14.5487  -13.8309  -13.8280  -13.8175   -8.6574   -8.6548   -8.6517   -8.6219   -8.6200   -8.6160   -8.5214   -8.5210   -8.5189   -8.4842   -8.4839   -8.4817   -8.0494   -8.0414   -8.0389   -3.4193   -3.4156   -3.3999   -3.1231   -3.0896   -3.0638   -3.0445   -3.0253   -3.0124   -2.3110   -2.2944   -2.2755   -2.0288   -2.0066   -1.9457   -1.3915   -1.3539   -1.3312    2.8911    3.0672    3.0682    3.7186    3.7653    3.9523    6.5422    6.6159    6.8930    6.9650    7.2587    7.3017    9.7131    9.9686    9.9798   10.6667   10.6730   10.8040   10.9016   10.9044   10.9700   11.5167   11.5224   11.5430   14.0621
  1.1625  -14.5563  -14.5561  -14.5490  -13.8268  -13.8265  -13.8212   -8.6558   -8.6537   -8.6501   -8.6242   -8.6215   -8.6182   -8.5181   -8.5177   -8.5155   -8.4873   -8.4869   -8.4847   -8.0439   -8.0430   -8.0403   -3.3911   -3.3875   -3.3849   -3.0905   -3.0846   -3.0789   -3.0647   -3.0568   -3.0413   -2.3082   -2.3011   -2.2959   -2.0058   -1.9951   -1.9849   -1.3731   -1.3629   -1.3510    3.0208    3.0299    3.0431    3.7328    3.7629    3.7916    6.6690    6.7036    6.7396    7.1286    7.1529    7.1745    9.9109    9.9198    9.9237   10.7982   10.8052   10.8112   10.8219   10.8226   10.8275   11.5107   11.5273   11.5326   14.2131
  1.1625  -14.5563  -14.5561  -14.5490  -13.8268  -13.8265  -13.8212   -8.6558   -8.6537   -8.6501   -8.6242   -8.6215   -8.6182   -8.5181   -8.5177   -8.5155   -8.4873   -8.4869   -8.4847   -8.0439   -8.0430   -8.0403   -3.3911   -3.3875   -3.3848   -3.0905   -3.0846   -3.0789   -3.0647   -3.0568   -3.0412   -2.3082   -2.3011   -2.2959   -2.0058   -1.9951   -1.9849   -1.3731   -1.3629   -1.3510    3.0208    3.0299    3.0431    3.7328    3.7629    3.7916    6.6690    6.7036    6.7396    7.1286    7.1529    7.1745    9.9109    9.9198    9.9237   10.7982   10.8052   10.8112   10.8219   10.8226   10.8275   11.5107   11.5273   11.5326   14.1192
  1.2206  -14.5599  -14.5565  -14.5479  -13.8336  -13.8237  -13.8196   -8.6558   -8.6542   -8.6502   -8.6234   -8.6202   -8.6174   -8.5229   -8.5225   -8.5204   -8.4831   -8.4828   -8.4806   -8.0470   -8.0445   -8.0366   -3.4463   -3.4240   -3.3583   -3.1346   -3.1170   -3.0706   -3.0217   -3.0076   -3.0040   -2.3029   -2.2903   -2.2843   -2.0479   -1.9736   -1.9559   -1.3871   -1.3662   -1.3193    2.8932    2.9208    3.2392    3.5744    3.8942    3.9483    6.4171    6.8153    6.8808    6.9882    7.0374    7.4312    9.7720    9.7812   10.0987   10.6446   10.7012   10.7073   10.8307   11.0081   11.0164   11.5155   11.5351   11.5379   14.1188
  1.2788  -14.5648  -14.5605  -14.5465  -13.8423  -13.8226  -13.8185   -8.6582   -8.6561   -8.6524   -8.6192   -8.6163   -8.6131   -8.5339   -8.5336   -8.5314   -8.4736   -8.4733   -8.4711   -8.0506   -8.0481   -8.0326   -3.5286   -3.4986   -3.3408   -3.1898   -3.1615   -3.1102   -2.9820   -2.8926   -2.8897   -2.2864   -2.2654   -2.2624   -2.0982   -1.9327   -1.9194   -1.3946   -1.3746   -1.2646    2.7379    2.7641    3.4025    3.5078    4.1339    4.1765    6.1327    6.8510    6.8931    6.9730    7.0219    7.6962    9.6203    9.6252   10.0696   10.5596   10.5669   10.6892   10.8271   11.2047   11.2108   11.5267   11.5403   11.5583   14.0024
  1.3369  -14.5707  -14.5660  -14.5462  -13.8513  -13.8227  -13.8187   -8.6618   -8.6590   -8.6557   -8.6130   -8.6106   -8.6069   -8.5472   -8.5468   -8.5446   -8.4625   -8.4621   -8.4600   -8.0543   -8.0516   -8.0298   -3.6109   -3.5786   -3.3500   -3.2413   -3.2111   -3.1577   -2.9185   -2.7645   -2.7605   -2.2636   -2.2415   -2.2355   -2.1452   -1.8824   -1.8739   -1.3958   -1.3768   -1.2018    2.5823    2.6058    3.2572    3.8177    4.4046    4.4344    5.8580    6.7275    6.7769    7.1046    7.1502    7.9348    9.4958    9.4971    9.8631   10.4051   10.4115   10.8303   10.9098   11.3629   11.3673   11.4762   11.5723   11.5865   13.6987
  1.3950  -14.5769  -14.5720  -14.5469  -13.8602  -13.8238  -13.8199   -8.6656   -8.6624   -8.6593   -8.6063   -8.6043   -8.6002   -8.5608   -8.5604   -8.5581   -8.4512   -8.4508   -8.4487   -8.0576   -8.0550   -8.0279   -3.6861   -3.6544   -3.3794   -3.2903   -3.2608   -3.2082   -2.8297   -2.6342   -2.6313   -2.2422   -2.2188   -2.2105   -2.1877   -1.8249   -1.8208   -1.3909   -1.3729   -1.1343    2.4367    2.4571    3.1304    4.1639    4.6744    4.6914    5.6051    6.6242    6.6747    7.2299    7.2654    8.1302    9.4158    9.4186    9.6191   10.2583   10.2624   10.8540   11.1713   11.3571   11.4649   11.4702   11.5855   11.5960   13.3664
  1.4532  -14.5831  -14.5780  -14.5485  -13.8685  -13.8256  -13.8216   -8.6692   -8.6656   -8.6627   -8.6004   -8.5987   -8.5947   -8.5731   -8.5725   -8.5702   -8.4406   -8.4402   -8.4380   -8.0605   -8.0579   -8.0265   -3.7515   -3.7222   -3.4165   -3.3358   -3.3067   -3.2578   -2.7266   -2.5126   -2.5120   -2.2265   -2.2249   -2.1948   -2.1863   -1.7666   -1.7647   -1.3795   -1.3629   -1.0663    2.3055    2.3226    3.0237    4.5146    4.9117    4.9168    5.4022    6.5514    6.6000    7.3551    7.3785    8.2612    9.3810    9.3820    9.3855   10.1389   10.1413   10.9012   11.1605   11.4336   11.4961   11.4979   11.5665   11.5732   13.4312
  1.5113  -14.5888  -14.5836  -14.5504  -13.8759  -13.8276  -13.8236   -8.6723   -8.6685   -8.6657   -8.5981   -8.5969   -8.5939   -8.5812   -8.5799   -8.5768   -8.4311   -8.4307   -8.4286   -8.0629   -8.0604   -8.0256   -3.8056   -3.7802   -3.4534   -3.3758   -3.3459   -3.3033   -2.6200   -2.4152   -2.4126   -2.2567   -2.2175   -2.1628   -2.1556   -1.7149   -1.7122   -1.3615   -1.3469   -1.0022    2.1919    2.2054    2.9370    4.7605    5.0831    5.0868    5.3558    6.5134    6.5554    7.5062    7.5171    8.3057    9.1675    9.3721    9.3746   10.0575   10.0647   10.8400   11.0644   11.3746   11.3837   11.5953   11.6060   11.6788   13.1444
  1.5694  -14.5937  -14.5884  -14.5523  -13.8819  -13.8295  -13.8256   -8.6749   -8.6709   -8.6681   -8.6026   -8.6020   -8.5997   -8.5815   -8.5798   -8.5756   -8.4233   -8.4229   -8.4208   -8.0646   -8.0622   -8.0249   -3.8476   -3.8271   -3.4855   -3.4083   -3.3764   -3.3424   -2.5192   -2.3518   -2.3469   -2.2816   -2.2173   -2.1172   -2.1112   -1.6739   -1.6707   -1.3385   -1.3268   -0.9465    2.0986    2.1086    2.8700    4.7537    5.1809    5.1880    5.6069    6.5004    6.5316    7.7080    7.7112    8.2480    8.9897    9.3588    9.3611    9.9994   10.0115   10.6027   11.1824   11.2073   11.2198   11.6536   11.6693   11.8886   13.0117
  1.6276  -14.5974  -14.5921  -14.5539  -13.8865  -13.8311  -13.8272   -8.6767   -8.6726   -8.6699   -8.6089   -8.6084   -8.6061   -8.5788   -8.5771   -8.5726   -8.4175   -8.4171   -8.4149   -8.0659   -8.0636   -8.0245   -3.8770   -3.8622   -3.5100   -3.4322   -3.3972   -3.3733   -2.4313   -2.3190   -2.3140   -2.2995   -2.2265   -2.0662   -2.0603   -1.6456   -1.6428   -1.3149   -1.3067   -0.9032    2.0289    2.0356    2.8223    4.6608    5.2247    5.2310    5.9710    6.4958    6.5157    7.9543    7.9614    8.0954    8.8564    9.3361    9.3387    9.8990    9.9119   10.4049   11.1393   11.1497   11.3217   11.6856   11.7034   11.8657   12.0523
  1.6857  -14.5997  -14.5943  -14.5549  -13.8893  -13.8321  -13.8282   -8.6778   -8.6737   -8.6709   -8.6132   -8.6128   -8.6105   -8.5768   -8.5750   -8.5704   -8.4139   -8.4135   -8.4113   -8.0666   -8.0644   -8.0243   -3.8936   -3.8846   -3.5254   -3.4467   -3.4074   -3.3948   -2.3637   -2.3097   -2.3037   -2.3009   -2.2451   -2.0272   -2.0213   -1.6294   -1.6274   -1.2967   -1.2922   -0.8758    1.9858    1.9897    2.7938    4.5892    5.2391    5.2427    6.2925    6.4927    6.5034    7.9043    8.1971    8.2038    8.7739    9.3160    9.3177    9.7367    9.7460   10.2877   11.2076   11.2235   11.4812   11.6273   11.6463   11.7465   12.1540
  1.7438  -14.6005  -14.5951  -14.5553  -13.8902  -13.8325  -13.8286   -8.6782   -8.6741   -8.6713   -8.6147   -8.6143   -8.6120   -8.5760   -8.5743   -8.5697   -8.4127   -8.4122   -8.4101   -8.0668   -8.0646   -8.0242   -3.8984   -3.8927   -3.5306   -3.4516   -3.4082   -3.4047   -2.3350   -2.3087   -2.2989   -2.2983   -2.2612   -2.0129   -2.0069   -1.6242   -1.6226   -1.2895   -1.2873   -0.8664    1.9715    1.9737    2.7843    4.5636    5.2426    5.2435    6.4330    6.4918    6.4981    7.8060    8.3130    8.3135    8.7460    9.3086    9.3089    9.6461    9.6502   10.2496   11.3395   11.3513   11.4876   11.4951   11.6024   11.6574   12.1857
  1.7438  -14.6005  -14.5951  -14.5553  -13.8902  -13.8325  -13.8286   -8.6782   -8.6741   -8.6713   -8.6147   -8.6143   -8.6120   -8.5760   -8.5743   -8.5697   -8.4127   -8.4122   -8.4101   -8.0668   -8.0646   -8.0242   -3.8984   -3.8927   -3.5306   -3.4516   -3.4082   -3.4047   -2.3350   -2.3087   -2.2989   -2.2983   -2.2612   -2.0129   -2.0069   -1.6242   -1.6226   -1.2895   -1.2873   -0.8664    1.9715    1.9737    2.7843    4.5636    5.2426    5.2435    6.4330    6.4918    6.4981    7.8060    8.3130    8.3135    8.7460    9.3086    9.3089    9.6461    9.6502   10.2498   11.3395   11.3514   11.4318   11.4938   11.6024   11.6588   12.1826
  1.7968  -14.6061  -14.5928  -14.5568  -13.8917  -13.8409  -13.8226   -8.6772   -8.6731   -8.6703   -8.6142   -8.6138   -8.6115   -8.5757   -8.5740   -8.5694   -8.4136   -8.4131   -8.4110   -8.0761   -8.0600   -8.0263   -3.9577   -3.8203   -3.6193   -3.5236   -3.3620   -3.3251   -2.3318   -2.3095   -2.2883   -2.2842   -2.2524   -2.0077   -2.0005   -1.6505   -1.5889   -1.2863   -1.2809   -0.8624    1.9368    2.0613    2.7956    4.5842    5.1190    5.3566    6.4327    6.4457    6.5916    7.8174    8.3121    8.3325    8.7300    9.2387    9.3711    9.4713    9.8175   10.2436   11.3224   11.3542   11.3836   11.5475   11.5883   11.6708   12.1856
  1.8498  -14.6167  -14.5920  -14.5612  -13.8961  -13.8532  -13.8174   -8.6742   -8.6704   -8.6673   -8.6128   -8.6123   -8.6101   -8.5747   -8.5730   -8.5684   -8.4162   -8.4158   -8.4137   -8.0908   -8.0594   -8.0326   -4.0104   -3.7413   -3.7375   -3.6577   -3.2803   -3.2416   -2.3283   -2.2997   -2.2527   -2.2495   -2.2317   -1.9921   -1.9819   -1.6674   -1.5496   -1.2745   -1.2643   -0.8503    1.9551    2.1987    2.8285    4.6457    4.9926    5.4501    6.4149    6.4823    6.7151    7.8514    8.3286    8.3701    8.6828    9.1626    9.2861    9.4304    9.9722   10.2265   11.2884   11.3005   11.3532   11.5455   11.6172   11.7062   12.2213
  1.9028  -14.6305  -14.5943  -14.5685  -13.9032  -13.8676  -13.8147   -8.6694   -8.6659   -8.6626   -8.6104   -8.6100   -8.6077   -8.5731   -8.5714   -8.5669   -8.4206   -8.4201   -8.4180   -8.1092   -8.0637   -8.0429   -4.0602   -3.8581   -3.8509   -3.6048   -3.2614   -3.1207   -2.3239   -2.2723   -2.2033   -2.2000   -2.1986   -1.9657   -1.9516   -1.6708   -1.5080   -1.2537   -1.2383   -0.8304    2.0253    2.3775    2.8807    4.7466    4.8713    5.5170    6.4479    6.5434    6.8599    7.9078    8.3621    8.4256    8.6074    9.0815    9.1039    9.4781   10.1024   10.2012   11.2397   11.2418   11.3319   11.3400   11.4754   11.7852   12.2059
  1.9558  -14.6469  -14.5996  -14.5784  -13.9129  -13.8838  -13.8144   -8.6629   -8.6599   -8.6563   -8.6072   -8.6068   -8.6046   -8.5709   -8.5692   -8.5648   -8.4264   -8.4259   -8.4238   -8.1307   -8.0726   -8.0569   -4.1145   -4.0298   -3.9789   -3.4765   -3.2524   -3.0051   -2.3087   -2.2320   -2.1659   -2.1391   -2.1382   -1.9288   -1.9103   -1.6563   -1.4658   -1.2243   -1.2034   -0.8032    2.1419    2.5872    2.9487    4.7630    4.8846    5.5592    6.5308    6.6280    7.0219    7.9862    8.4113    8.4987    8.5085    8.9242    8.9964    9.5182   10.1697   10.1935   11.1807   11.2129   11.2455   11.2906   11.3765   11.8446   12.1412
  2.0088  -14.6656  -14.6078  -14.5906  -13.9248  -13.9014  -13.8163   -8.6551   -8.6525   -8.6487   -8.6034   -8.6029   -8.6006   -8.5680   -8.5664   -8.5621   -8.4336   -8.4331   -8.4310   -8.1546   -8.0858   -8.0741   -4.2160   -4.1796   -4.0998   -3.3279   -3.2378   -2.9034   -2.2752   -2.1806   -2.1159   -2.0838   -2.0693   -1.8819   -1.8585   -1.6182   -1.4239   -1.1869   -1.1600   -0.7693    2.2965    2.8120    3.0280    4.6790    5.0561    5.5874    6.6541    6.7342    7.1977    8.0860    8.3933    8.4746    8.5872    8.7515    8.9088    9.5495   10.1361   10.2299   11.1038   11.1918   11.2202   11.2493   11.2670   11.8944   11.9454
  2.0618  -14.6861  -14.6184  -14.6047  -13.9386  -13.9202  -13.8201   -8.6464   -8.6441   -8.6402   -8.5989   -8.5984   -8.5961   -8.5645   -8.5629   -8.5589   -8.4419   -8.4414   -8.4393   -8.1802   -8.1026   -8.0941   -4.4023   -4.2585   -4.2197   -3.2095   -3.1616   -2.8265   -2.2165   -2.1187   -2.0489   -2.0408   -1.9941   -1.8260   -1.7970   -1.5528   -1.3818   -1.1424   -1.1089   -0.7294    2.4781    3.0281    3.1139    4.6376    5.2563    5.6148    6.8065    6.8582    7.3841    8.2063    8.2724    8.5498    8.5798    8.6990    8.8209    9.5715   10.1031   10.2110   11.0095   11.0952   11.1134   11.1275   11.3298   11.7854   11.9316
  2.1147  -14.7079  -14.6311  -14.6203  -13.9538  -13.9396  -13.8256   -8.6370   -8.6351   -8.6312   -8.5940   -8.5935   -8.5912   -8.5605   -8.5590   -8.5551   -8.4510   -8.4505   -8.4484   -8.2068   -8.1223   -8.1162   -4.5844   -4.3495   -4.3375   -3.1656   -2.9803   -2.7809   -2.1317   -2.0462   -2.0082   -1.9596   -1.9164   -1.7623   -1.7269   -1.4623   -1.3379   -1.0918   -1.0509   -0.6844    2.6740    3.2007    3.2024    4.6669    5.4787    5.6522    6.9790    6.9917    7.5778    8.1608    8.3464    8.4289    8.6336    8.7358    8.8153    9.5834   10.0724   10.1534   10.8973   10.9179   11.0016   11.0256   11.3544   11.5543   11.9627
  2.1677  -14.7305  -14.6453  -14.6371  -13.9701  -13.9593  -13.8325   -8.6274   -8.6258   -8.6219   -8.5888   -8.5883   -8.5860   -8.5560   -8.5545   -8.5509   -8.4606   -8.4601   -8.4580   -8.2336   -8.1442   -8.1397   -4.7589   -4.4516   -4.4483   -3.1113   -2.7857   -2.7642   -2.0303   -1.9774   -1.9628   -1.8442   -1.8397   -1.6920   -1.6491   -1.3524   -1.2896   -1.0365   -0.9871   -0.6356    2.8709    3.2872    3.2992    4.7935    5.7062    5.7151    7.1163    7.1659    7.7736    8.0847    8.2927    8.5039    8.6551    8.7254    8.9439    9.5847   10.0455   10.0773   10.7204   10.7687   10.8455   10.9271   11.2327   11.3715   11.9721
  2.2207  -14.7533  -14.6606  -14.6544  -13.9868  -13.9788  -13.8404   -8.6181   -8.6167   -8.6129   -8.5835   -8.5830   -8.5808   -8.5511   -8.5497   -8.5463   -8.4703   -8.4698   -8.4676   -8.2601   -8.1673   -8.1641   -4.9233   -4.5606   -4.5503   -3.0544   -2.7681   -2.5808   -1.9396   -1.9254   -1.8683   -1.7689   -1.7013   -1.6168   -1.5651   -1.2337   -1.2297   -0.9778   -0.9185   -0.5843    3.0560    3.3147    3.3671    5.0171    5.7813    5.9520    7.2051    7.3606    7.9517    8.0809    8.1916    8.5924    8.6769    8.8141    9.0778    9.5746    9.9975   10.0230   10.5084   10.6259   10.6643   10.8133   11.0106   11.1782   11.9646
  2.2737  -14.7759  -14.6764  -14.6718  -14.0036  -13.9978  -13.8490   -8.6094   -8.6080   -8.6045   -8.5784   -8.5779   -8.5756   -8.5462   -8.5449   -8.5417   -8.4795   -8.4790   -8.4768   -8.2857   -8.1909   -8.1885   -5.0756   -4.6631   -4.6508   -3.0026   -2.7845   -2.3695   -1.8874   -1.8239   -1.7632   -1.7070   -1.5385   -1.5374   -1.4766   -1.1680   -1.0998   -0.9172   -0.8461   -0.5320    3.2188    3.2692    3.4382    5.3094    5.8744    6.1721    7.2443    7.5550    7.9894    8.1756    8.2463    8.5568    8.8613    8.8973    9.2089    9.5528    9.9246   10.0029   10.2892   10.4664   10.4730   10.7013   10.7816   10.9396   12.0152
  2.3267  -14.7976  -14.6923  -14.6888  -14.0201  -14.0159  -13.8578   -8.6014   -8.6002   -8.5968   -8.5735   -8.5730   -8.5707   -8.5416   -8.5405   -8.5374   -8.4877   -8.4871   -8.4849   -8.3099   -8.2142   -8.2123   -5.2143   -4.7578   -4.7465   -2.9622   -2.8077   -2.1567   -1.8173   -1.7259   -1.6550   -1.6509   -1.4589   -1.3855   -1.3616   -1.0924   -0.9679   -0.8564   -0.7707   -0.4803    3.1870    3.3526    3.4984    5.6385    5.9788    6.3459    7.2722    7.7334    7.9146    8.3506    8.4257    8.5707    8.9666    9.0506    9.3238    9.5199    9.8662    9.9755   10.0790   10.2630   10.3141   10.5670   10.5899   10.8103   12.0307
  2.3797  -14.8181  -14.7077  -14.7051  -14.0358  -14.0327  -13.8665   -8.5945   -8.5933   -8.5901   -8.5691   -8.5686   -8.5664   -8.5383   -8.5373   -8.5345   -8.4940   -8.4933   -8.4910   -8.3321   -8.2364   -8.2348   -5.3383   -4.8437   -4.8346   -2.9354   -2.8335   -1.9514   -1.7300   -1.6311   -1.6075   -1.5368   -1.3806   -1.2938   -1.1820   -1.0103   -0.8402   -0.7969   -0.6923   -0.4309    3.0848    3.4550    3.5465    5.9789    6.0822    6.4403    7.3498    7.8389    7.8763    8.5651    8.6120    8.6574    9.0141    9.2311    9.3976    9.4834    9.8289    9.8404    9.9804   10.0662   10.1523   10.3617   10.5031   10.6782   11.8982
  2.4327  -14.8368  -14.7221  -14.7201  -14.0503  -14.0479  -13.8749   -8.5887   -8.5875   -8.5844   -8.5653   -8.5649   -8.5626   -8.5371   -8.5364   -8.5337   -8.4973   -8.4964   -8.4940   -8.3520   -8.2569   -8.2554   -5.4469   -4.9199   -4.9132   -2.9216   -2.8591   -1.7757   -1.6307   -1.5463   -1.5402   -1.4253   -1.3058   -1.2035   -1.0058   -0.9272   -0.7400   -0.7246   -0.6088   -0.3854    2.9734    3.5278    3.5819    6.1704    6.3114    6.4524    7.4998    7.7753    7.9826    8.7813    8.7838    8.8137    9.0336    9.3653    9.3869    9.4721    9.6734    9.8160    9.8881    9.9252    9.9873   10.1881   10.4732   10.6097   11.6508
  2.4856  -14.8533  -14.7351  -14.7334  -14.0632  -14.0612  -13.8825   -8.5840   -8.5828   -8.5797   -8.5623   -8.5619   -8.5597   -8.5382   -8.5378   -8.5352   -8.4975   -8.4965   -8.4939   -8.3693   -8.2750   -8.2736   -5.5394   -4.9856   -4.9810   -2.9178   -2.8827   -1.6729   -1.5273   -1.4557   -1.4317   -1.3211   -1.2367   -1.1167   -0.8500   -0.8402   -0.6866   -0.6298   -0.5181   -0.3453    2.8604    3.5753    3.6052    6.2329    6.4165    6.6188    7.6990    7.7253    8.0774    8.9285    8.9698    8.9821    9.0354    9.3317    9.3434    9.4512    9.6279    9.7373    9.8022    9.8237    9.8268   10.0822   10.4389   10.5544   11.4138
  2.5386  -14.8673  -14.7463  -14.7448  -14.0743  -14.0725  -13.8891   -8.5803   -8.5791   -8.5761   -8.5605   -8.5601   -8.5578   -8.5406   -8.5402   -8.5377   -8.4957   -8.4946   -8.4919   -8.3836   -8.2903   -8.2889   -5.6154   -5.0403   -5.0371   -2.9204   -2.9029   -1.6328   -1.4285   -1.3799   -1.2806   -1.2288   -1.1756   -1.0345   -0.7855   -0.6924   -0.6374   -0.5560   -0.4264   -0.3113    2.7528    3.6029    3.6179    6.2662    6.3655    6.8858    7.6879    7.9211    8.1845    8.9794    9.0382    9.1095    9.1470    9.2102    9.2767    9.4050    9.6190    9.6372    9.6722    9.6935    9.7136   10.1344   10.4582   10.5123   11.2006
  2.5916  -14.8786  -14.7554  -14.7539  -14.0831  -14.0814  -13.8945   -8.5775   -8.5764   -8.5734   -8.5597   -8.5593   -8.5571   -8.5428   -8.5424   -8.5400   -8.4931   -8.4920   -8.4892   -8.3947   -8.3024   -8.3010   -5.6748   -5.0836   -5.0809   -2.9262   -2.9188   -1.6154   -1.3431   -1.3157   -1.1528   -1.1423   -1.1239   -0.9563   -0.7389   -0.5937   -0.5702   -0.4981   -0.3456   -0.2831    2.6576    3.6162    3.6228    6.2750    6.3178    7.1001    7.6614    8.1510    8.3133    8.9353    9.0768    9.1094    9.1880    9.2070    9.2368    9.3544    9.5287    9.5333    9.5460    9.6011    9.6196   10.2826   10.4625   10.4780   11.0505
  2.6446  -14.8868  -14.7621  -14.7607  -14.0896  -14.0879  -13.8984   -8.5757   -8.5746   -8.5715   -8.5598   -8.5594   -8.5572   -8.5441   -8.5438   -8.5414   -8.4909   -8.4897   -8.4869   -8.4027   -8.3112   -8.3098   -5.7173   -5.1149   -5.1122   -2.9327   -2.9299   -1.6066   -1.2789   -1.2658   -1.0969   -1.0834   -1.0418   -0.8812   -0.7123   -0.5589   -0.4814   -0.4539   -0.2843   -0.2597    2.5821    3.6207    3.6230    6.2690    6.2821    7.2538    7.6435    8.3804    8.4626    8.8971    8.9687    9.1407    9.1573    9.1646    9.2180    9.3182    9.4402    9.4554    9.4682    9.5347    9.5687   10.3791   10.4242   10.4698   11.1032
  2.6976  -14.8918  -14.7661  -14.7648  -14.0936  -14.0919  -13.9009   -8.5746   -8.5736   -8.5705   -8.5602   -8.5598   -8.5576   -8.5448   -8.5444   -8.5420   -8.4893   -8.4882   -8.4854   -8.4074   -8.3165   -8.3151   -5.7428   -5.1338   -5.1311   -2.9380   -2.9361   -1.6023   -1.2407   -1.2328   -1.0638   -1.0558   -0.9857   -0.8178   -0.7045   -0.5367   -0.4311   -0.4244   -0.2475   -0.2410    2.5333    3.6210    3.6218    6.2580    6.2625    7.3453    7.6324    8.6018    8.6236    8.8802    8.8866    9.0162    9.0368    9.1438    9.2129    9.3009    9.4083    9.4281    9.4426    9.5108    9.5260   10.3852   10.3881   10.4536   11.5919
  2.7506  -14.8934  -14.7675  -14.7661  -14.0949  -14.0932  -13.9017   -8.5743   -8.5732   -8.5702   -8.5604   -8.5600   -8.5578   -8.5449   -8.5446   -8.5422   -8.4888   -8.4876   -8.4848   -8.4090   -8.3183   -8.3169   -5.7513   -5.1401   -5.1374   -2.9400   -2.9380   -1.6011   -1.2285   -1.2210   -1.0532   -1.0457   -0.9682   -0.7902   -0.7062   -0.5291   -0.4165   -0.4128   -0.2363   -0.2324    2.5163    3.6206    3.6213    6.2525    6.2567    7.3757    7.6284    8.7548    8.7573    8.8390    8.8456    8.9169    8.9233    9.1418    9.2114    9.2950    9.3968    9.4327    9.4356    9.5060    9.5086   10.3725   10.3756   10.4452   11.9910
  2.7506  -14.8934  -14.7675  -14.7661  -14.0949  -14.0932  -13.9017   -8.5743   -8.5732   -8.5702   -8.5604   -8.5600   -8.5578   -8.5449   -8.5446   -8.5422   -8.4888   -8.4876   -8.4848   -8.4090   -8.3183   -8.3169   -5.7513   -5.1401   -5.1374   -2.9400   -2.9380   -1.6011   -1.2285   -1.2210   -1.0532   -1.0457   -0.9682   -0.7902   -0.7062   -0.5291   -0.4165   -0.4128   -0.2363   -0.2324    2.5163    3.6206    3.6213    6.2525    6.2567    7.3757    7.6284    8.7548    8.7573    8.8390    8.8456    8.9169    8.9233    9.1418    9.2114    9.2950    9.3968    9.4327    9.4356    9.5060    9.5086   10.3725   10.3756   10.4451   12.0753
  2.8043  -14.8917  -14.7706  -14.7604  -14.0998  -14.0855  -13.9011   -8.5746   -8.5736   -8.5705   -8.5602   -8.5598   -8.5576   -8.5448   -8.5444   -8.5420   -8.4893   -8.4882   -8.4854   -8.4073   -8.3186   -8.3131   -5.7424   -5.1611   -5.1036   -2.9842   -2.8893   -1.6038   -1.2442   -1.2290   -1.0651   -1.0544   -0.9868   -0.8171   -0.7041   -0.5365   -0.4377   -0.4183   -0.2483   -0.2403    2.5345    3.5872    3.6548    6.2344    6.2869    7.3405    7.6374    8.5881    8.6362    8.8787    8.8864    9.0249    9.0309    9.1452    9.2089    9.3011    9.4104    9.4328    9.4369    9.5035    9.5340   10.3814   10.3921   10.4536   11.9299
  2.8580  -14.8864  -14.7715  -14.7515  -14.1026  -14.0744  -13.8991   -8.5757   -8.5746   -8.5715   -8.5598   -8.5594   -8.5572   -8.5441   -8.5438   -8.5414   -8.4909   -8.4897   -8.4869   -8.4023   -8.3162   -8.3052   -5.7155   -5.1700   -5.0564   -3.0244   -2.8357   -1.6129   -1.2868   -1.2561   -1.0974   -1.0829   -1.0479   -0.8729   -0.7123   -0.5598   -0.4978   -0.4407   -0.2735   -0.2699    2.5866    3.5570    3.6832    6.2244    6.3308    7.2371    7.6621    8.3566    8.4798    8.8943    8.9727    9.1426    9.1474    9.1804    9.2084    9.3181    9.4437    9.4558    9.4595    9.5204    9.5900   10.3785   10.4322   10.4665   11.1188
  2.9116  -14.8777  -14.7697  -14.7402  -14.1023  -14.0610  -13.8960   -8.5775   -8.5764   -8.5734   -8.5597   -8.5593   -8.5571   -8.5428   -8.5424   -8.5400   -8.4931   -8.4920   -8.4892   -8.3938   -8.3104   -8.2939   -5.6708   -5.1649   -4.9980   -3.0594   -2.7793   -1.6324   -1.3530   -1.3011   -1.1537   -1.1460   -1.1316   -0.9322   -0.7391   -0.5998   -0.5995   -0.4781   -0.3282   -0.2975    2.6667    3.5318    3.6997    6.2211    6.3841    7.0690    7.6997    8.1159    8.3282    8.9343    9.0843    9.1073    9.1750    9.2274    9.2300    9.3459    9.5134    9.5192    9.5480    9.5914    9.6628   10.3071   10.4544   10.4809   11.0499
  2.9653  -14.8658  -14.7651  -14.7270  -14.0991  -14.0456  -13.8917   -8.5803   -8.5792   -8.5760   -8.5605   -8.5601   -8.5578   -8.5406   -8.5402   -8.5377   -8.4957   -8.4946   -8.4919   -8.3820   -8.3014   -8.2793   -5.6085   -5.1454   -4.9295   -3.0889   -2.7215   -1.6728   -1.4389   -1.3610   -1.2835   -1.2089   -1.1985   -0.9923   -0.7832   -0.7372   -0.6557   -0.5329   -0.4002   -0.3282    2.7667    3.5116    3.6971    6.2202    6.4398    6.8415    7.7490    7.8740    8.1875    8.9812    9.0361    9.0961    9.1541    9.2306    9.2652    9.3789    9.5932    9.6458    9.6722    9.7236    9.7266   10.1913   10.4340   10.5265   11.1611
  3.0190  -14.8509  -14.7579  -14.7121  -14.0929  -14.0285  -13.8864   -8.5839   -8.5829   -8.5797   -8.5623   -8.5619   -8.5597   -8.5383   -8.5378   -8.5352   -8.4975   -8.4965   -8.4939   -8.3668   -8.2894   -8.2616   -5.5288   -5.1110   -4.8522   -3.1129   -2.6641   -1.7568   -1.5391   -1.4326   -1.4013   -1.2843   -1.2797   -1.0564   -0.9018   -0.8424   -0.7244   -0.6125   -0.4751   -0.3648    2.8777    3.4951    3.6693    6.2171    6.4823    6.5644    7.6455    7.8090    8.0559    8.9283    8.9626    8.9790    9.0365    9.3037    9.3828    9.4077    9.6984    9.7234    9.7688    9.8249    9.8463   10.1502   10.4030   10.5549   11.3849
  3.0727  -14.8335  -14.7483  -14.6960  -14.0837  -14.0101  -13.8803   -8.5887   -8.5876   -8.5844   -8.5653   -8.5649   -8.5626   -8.5371   -8.5364   -8.5337   -8.4973   -8.4964   -8.4940   -8.3485   -8.2747   -8.2411   -5.4322   -5.0616   -4.7680   -3.1310   -2.6098   -1.9024   -1.6473   -1.5127   -1.4786   -1.3777   -1.3651   -1.1247   -1.0829   -0.9141   -0.8023   -0.7212   -0.5424   -0.4077    2.9908    3.4811    3.6119    6.2085    6.2513    6.4788    7.4614    7.8780    7.9221    8.7810    8.7853    8.7996    9.0307    9.3273    9.4312    9.4692    9.7024    9.8354    9.8582    9.8943    9.9974   10.2575   10.4119   10.5842   11.5547
  3.1264  -14.8138  -14.7366  -14.6791  -14.0719  -13.9909  -13.8736   -8.5945   -8.5934   -8.5901   -8.5690   -8.5686   -8.5664   -8.5384   -8.5373   -8.5345   -8.4940   -8.4933   -8.4910   -8.3274   -8.2576   -8.2183   -5.3193   -4.9969   -4.6790   -3.1429   -2.5622   -2.0923   -1.7578   -1.5984   -1.5251   -1.4869   -1.4549   -1.2668   -1.1959   -0.9952   -0.8856   -0.8516   -0.6034   -0.4565    3.0965    3.4683    3.5229    5.9192    6.1936    6.3818    7.3676    7.7646    7.9525    8.5685    8.6188    8.6316    8.9967    9.3109    9.3495    9.4643    9.8272    9.9207    9.9244   10.0085   10.1800   10.4405   10.4489   10.6454   11.8359
  3.1801  -14.7924  -14.7231  -14.6619  -14.0575  -13.9714  -13.8663   -8.6014   -8.6002   -8.5968   -8.5735   -8.5730   -8.5707   -8.5417   -8.5403   -8.5375   -8.4877   -8.4872   -8.4849   -8.3039   -8.2386   -8.1939   -5.1909   -4.9169   -4.5879   -3.1476   -2.5267   -2.3017   -1.8657   -1.6880   -1.6177   -1.5602   -1.5484   -1.4308   -1.2682   -1.0816   -0.9945   -0.9716   -0.6612   -0.5099    3.1827    3.4033    3.4557    5.5892    6.1724    6.1800    7.3747    7.5655    8.0199    8.3455    8.4537    8.5258    8.9268    9.1590    9.2529    9.5084    9.8845    9.9719   10.0890   10.1993   10.3627   10.5446   10.6590   10.7695   11.9125
  3.2338  -14.7697  -14.7081  -14.6448  -14.0410  -13.9520  -13.8589   -8.6095   -8.6079   -8.6045   -8.5783   -8.5779   -8.5756   -8.5464   -8.5446   -8.5418   -8.4795   -8.4790   -8.4768   -8.2784   -8.2181   -8.1686   -5.0484   -4.8217   -4.4977   -3.1437   -2.5157   -2.5116   -1.9674   -1.7973   -1.7576   -1.6432   -1.5941   -1.5538   -1.3395   -1.1686   -1.1429   -1.0585   -0.7168   -0.5662    3.2324    3.2579    3.4421    5.2872    5.9087    6.1515    7.3289    7.4368    8.0286    8.1378    8.3510    8.4869    8.8295    8.9617    9.1691    9.5554    9.8865   10.0368   10.2946   10.4022   10.5368   10.6660   10.8858   10.9148   11.8117
  3.2875  -14.7465  -14.6919  -14.6285  -14.0228  -13.9332  -13.8514   -8.6184   -8.6163   -8.6131   -8.5835   -8.5830   -8.5808   -8.5514   -8.5493   -8.5465   -8.4703   -8.4698   -8.4676   -8.2515   -8.1966   -8.1433   -4.8936   -4.7117   -4.4115   -3.1294   -2.7258   -2.5292   -2.0616   -1.9563   -1.8515   -1.7367   -1.6402   -1.6316   -1.4078   -1.2913   -1.2519   -1.1446   -0.7696   -0.6240    3.0941    3.2229    3.4255    5.0446    5.6116    6.1306    7.0718    7.4824    7.9146    7.9935    8.3798    8.4977    8.7153    8.7754    9.0723    9.6009    9.8807   10.1150   10.5061   10.6052   10.6962   10.8021   11.0453   11.1298   11.8004
  3.3412  -14.7232  -14.6752  -14.6132  -14.0033  -13.9156  -13.8441   -8.6278   -8.6252   -8.6222   -8.5888   -8.5883   -8.5860   -8.5563   -8.5540   -8.5511   -8.4606   -8.4601   -8.4580   -8.2240   -8.1747   -8.1188   -4.7290   -4.5875   -4.3321   -3.1033   -2.9259   -2.5942   -2.1495   -2.1004   -1.9331   -1.8269   -1.6995   -1.6746   -1.4713   -1.4337   -1.3289   -1.2285   -0.8188   -0.6816    2.9217    3.1337    3.4016    4.8901    5.3160    6.1134    6.8085    7.4232    7.7447    7.9884    8.4755    8.5388    8.5948    8.6038    8.9719    9.6428    9.8743   10.1962   10.7083   10.7989   10.8372   11.0112   11.2424   11.3546   12.0186
  3.3949  -14.7006  -14.6582  -14.5995  -13.9830  -13.8998  -13.8372   -8.6374   -8.6344   -8.6315   -8.5939   -8.5935   -8.5912   -8.5609   -8.5583   -8.5554   -8.4510   -8.4505   -8.4484   -8.1965   -8.1527   -8.0961   -4.5580   -4.4499   -4.2607   -3.1111   -3.0646   -2.7112   -2.2352   -2.2091   -2.0075   -1.9118   -1.7371   -1.7220   -1.5635   -1.5283   -1.3992   -1.3089   -0.8635   -0.7374    2.7518    2.9660    3.3626    4.8299    5.0457    6.1002    6.5482    7.2771    7.5657    8.0971    8.4501    8.4698    8.5912    8.6033    8.8745    9.6801    9.8697   10.2698   10.8947   10.9525   10.9759   11.0618   11.3531   11.5084   11.7102
  3.4486  -14.6793  -14.6415  -14.5877  -13.9625  -13.8862  -13.8308   -8.6468   -8.6434   -8.6406   -8.5989   -8.5984   -8.5961   -8.5650   -8.5621   -8.5592   -8.4419   -8.4414   -8.4393   -8.1699   -8.1311   -8.0759   -4.3859   -4.3004   -4.1965   -3.2761   -3.0154   -2.8637   -2.3255   -2.2897   -2.0738   -1.9897   -1.7706   -1.7587   -1.6733   -1.5777   -1.4645   -1.3842   -0.9026   -0.7901    2.5957    2.7468    3.2968    4.8246    4.8441    6.0818    6.3059    7.1105    7.3902    8.2449    8.3189    8.3541    8.6741    8.7121    8.7849    9.7128    9.8682   10.3212   11.0440   11.0611   11.1300   11.1698   11.5744   11.5946   11.8091
  3.5023  -14.6599  -14.6255  -14.5781  -13.9425  -13.8752  -13.8252   -8.6554   -8.6519   -8.6490   -8.6033   -8.6029   -8.6006   -8.5686   -8.5654   -8.5625   -8.4336   -8.4331   -8.4310   -8.1450   -8.1105   -8.0590   -4.2205   -4.1410   -4.1364   -3.4158   -3.0297   -2.9600   -2.4264   -2.3553   -2.1307   -2.0591   -1.8159   -1.7713   -1.7565   -1.6183   -1.5280   -1.4531   -0.9353   -0.8385    2.4643    2.5108    3.1930    4.6751    4.9030    5.9740    6.1693    6.9486    7.2237    8.2005    8.2482    8.4111    8.7030    8.7481    8.8340    9.7416    9.8703   10.3378   11.1133   11.2015   11.2591   11.3538   11.5188   11.5971   12.3206
  3.5560  -14.6431  -14.6107  -14.5710  -13.9236  -13.8672  -13.8205   -8.6630   -8.6596   -8.6565   -8.6072   -8.6068   -8.6046   -8.5715   -8.5681   -8.5653   -8.4264   -8.4259   -8.4238   -8.1230   -8.0912   -8.0460   -4.0785   -4.0735   -3.9726   -3.5214   -3.1945   -2.9084   -2.5372   -2.4126   -2.1773   -2.1187   -1.8531   -1.8110   -1.7807   -1.6496   -1.5920   -1.5143   -0.9610   -0.8815    2.2861    2.3671    3.0501    4.6062    4.9842    5.7546    6.1642    6.7994    7.0708    8.1095    8.1558    8.5672    8.6356    8.8189    8.9453    9.7677    9.8785   10.3181   11.1623   11.3166   11.3499   11.3617   11.4407   11.6302   12.3587
  3.6097  -14.6293  -14.5974  -14.5665  -13.9064  -13.8625  -13.8168   -8.6691   -8.6661   -8.6626   -8.6104   -8.6100   -8.6077   -8.5738   -8.5702   -8.5674   -8.4206   -8.4201   -8.4180   -8.1046   -8.0738   -8.0374   -4.0135   -3.9701   -3.8005   -3.5779   -3.3490   -2.8859   -2.6367   -2.4642   -2.2126   -2.1676   -1.8779   -1.8397   -1.7908   -1.6726   -1.6554   -1.5664   -0.9791   -0.9182    2.0928    2.3117    2.8820    4.6119    5.0699    5.5276    6.1900    6.6654    6.9374    8.0401    8.0795    8.5817    8.7080    8.8809    9.0416    9.7918    9.8955   10.2643   11.1947   11.2656   11.4052   11.4394   11.4448   11.6928   12.2938
  3.6633  -14.6191  -14.5861  -14.5648  -13.8913  -13.8612  -13.8140   -8.6737   -8.6712   -8.6671   -8.6128   -8.6123   -8.6101   -8.5754   -8.5717   -8.5690   -8.4162   -8.4158   -8.4137   -8.0907   -8.0589   -8.0332   -3.9411   -3.9264   -3.6403   -3.5750   -3.4758   -2.9489   -2.6688   -2.5119   -2.2362   -2.2051   -1.8869   -1.8487   -1.8032   -1.7235   -1.6793   -1.6087   -0.9892   -0.9480    1.9450    2.3028    2.7100    4.6777    5.1458    5.3118    6.2319    6.5474    6.8310    7.9928    8.0213    8.5426    8.8230    8.9275    9.1158    9.8135    9.9255   10.1913   11.1691   11.2169   11.4675   11.4853   11.4932   11.7731   12.2094
  3.7170  -14.6128  -14.5772  -14.5658  -13.8791  -13.8636  -13.8124   -8.6763   -8.6744   -8.6699   -8.6142   -8.6138   -8.6115   -8.5764   -8.5726   -8.5699   -8.4136   -8.4131   -8.4110   -8.0821   -8.0469   -8.0336   -3.9245   -3.8558   -3.6521   -3.5441   -3.4156   -3.0863   -2.6421   -2.5570   -2.2480   -2.2303   -1.8796   -1.8445   -1.8178   -1.7789   -1.6805   -1.6400   -0.9913   -0.9703    1.8525    2.3422    2.5537    4.7897    5.1134    5.1986    6.2882    6.4454    6.7611    7.9676    7.9826    8.5188    8.9036    8.9517    9.1624    9.8295    9.9718   10.1116   11.1178   11.2274   11.5080   11.5228   11.5282   11.8598   12.1219
  3.7707  -14.6107  -14.5722  -14.5681  -13.8712  -13.8681  -13.8118   -8.6772   -8.6755   -8.6709   -8.6147   -8.6143   -8.6120   -8.5768   -8.5729   -8.5703   -8.4127   -8.4122   -8.4101   -8.0792   -8.0391   -8.0374   -3.9274   -3.7593   -3.7570   -3.5287   -3.2501   -3.2486   -2.6022   -2.5995   -2.2501   -2.2405   -1.8684   -1.8329   -1.8323   -1.8071   -1.6767   -1.6546   -0.9865   -0.9832    1.8211    2.4270    2.4287    4.9358    4.9390    5.2177    6.3579    6.3606    6.7366    7.9638    7.9650    8.5109    8.9455    8.9461    9.1783    9.8356   10.0348   10.0358   11.0976   11.2307   11.5227   11.5324   11.5535   11.9213   11.9925
  3.7707  -14.6107  -14.5722  -14.5681  -13.8712  -13.8681  -13.8118   -8.6772   -8.6755   -8.6709   -8.6147   -8.6143   -8.6120   -8.5768   -8.5729   -8.5703   -8.4127   -8.4122   -8.4101   -8.0792   -8.0391   -8.0374   -3.9274   -3.7593   -3.7570   -3.5287   -3.2501   -3.2486   -2.6022   -2.5995   -2.2501   -2.2405   -1.8684   -1.8329   -1.8323   -1.8071   -1.6767   -1.6546   -0.9865   -0.9832    1.8211    2.4270    2.4287    4.9358    4.9390    5.2177    6.3579    6.3606    6.7366    7.9638    7.9650    8.5109    8.9455    8.9461    9.1783    9.8356   10.0350   10.0360   11.0888   11.2308   11.5228   11.5324   11.5571   11.9348   11.9875
  3.8289  -14.6098  -14.5717  -14.5676  -13.8704  -13.8674  -13.8117   -8.6769   -8.6751   -8.6705   -8.6132   -8.6128   -8.6105   -8.5775   -8.5737   -8.5710   -8.4139   -8.4134   -8.4113   -8.0788   -8.0390   -8.0374   -3.9209   -3.7568   -3.7472   -3.5227   -3.2551   -3.2358   -2.6024   -2.5960   -2.2678   -2.2578   -1.8970   -1.8324   -1.8318   -1.8069   -1.6918   -1.6419   -0.9961   -0.9921    1.8360    2.4392    2.4428    4.9493    4.9543    5.2191    6.2764    6.2873    6.7556    7.9662    7.9697    8.3503    8.9890    8.9926    9.2534    9.7886   10.0892   10.0898   11.2028   11.2728   11.3780   11.4178   11.6785   11.8981   12.0555
  3.8870  -14.6072  -14.5702  -14.5661  -13.8682  -13.8652  -13.8111   -8.6758   -8.6740   -8.6694   -8.6089   -8.6084   -8.6061   -8.5796   -8.5759   -8.5732   -8.4175   -8.4171   -8.4149   -8.0777   -8.0390   -8.0372   -3.9015   -3.7429   -3.7242   -3.5046   -3.2531   -3.2153   -2.6003   -2.5887   -2.3179   -2.3075   -1.9702   -1.8315   -1.8309   -1.8074   -1.7348   -1.6154   -1.0240   -1.0181    1.8800    2.4764    2.4832    4.9809    4.9897    5.2193    6.0758    6.0973    6.8096    7.9752    7.9810    8.0127    9.0903    9.0956    9.3847    9.6700   10.2460   10.2473   11.2049   11.2351   11.3755   11.4731   11.7137   11.8283   12.1854
  3.9451  -14.6029  -14.5679  -14.5636  -13.8648  -13.8617  -13.8104   -8.6739   -8.6722   -8.6677   -8.6026   -8.6020   -8.5997   -8.5820   -8.5787   -8.5761   -8.4233   -8.4229   -8.4208   -8.0759   -8.0389   -8.0370   -3.8694   -3.7167   -3.6897   -3.4750   -3.2442   -3.1898   -2.5951   -2.5787   -2.3935   -2.3831   -2.0722   -1.8321   -1.8313   -1.8223   -1.7880   -1.5875   -1.0672   -1.0589    1.9511    2.5372    2.5476    4.9905    5.0030    5.2059    5.8523    5.8837    6.8892    7.6397    7.9822    7.9895    9.2027    9.2086    9.5202    9.5277   10.4660   10.4681   11.0840   11.0985   11.4980   11.5987   11.7147   11.7385   12.8025
  4.0033  -14.5973  -14.5649  -14.5606  -13.8602  -13.8571  -13.8097   -8.6715   -8.6698   -8.6653   -8.5984   -8.5965   -8.5940   -8.5814   -8.5795   -8.5771   -8.4311   -8.4307   -8.4286   -8.0733   -8.0388   -8.0367   -3.8248   -3.6788   -3.6443   -3.4346   -3.2307   -3.1625   -2.5872   -2.5668   -2.4854   -2.4761   -2.1948   -1.8996   -1.8355   -1.8341   -1.7984   -1.5615   -1.1218   -1.1104    2.0465    2.6189    2.6335    4.8905    4.8983    5.1574    5.7447    5.7777    6.9771    7.3019    7.9662    7.9739    9.3155    9.3219    9.3942    9.6741   10.6281   10.6333   11.0913   11.0972   11.5832   11.6022   11.6145   11.6328   12.8119
  4.0614  -14.5905  -14.5618  -14.5573  -13.8548  -13.8516  -13.8093   -8.6685   -8.6667   -8.6624   -8.6009   -8.5978   -8.5950   -8.5731   -8.5725   -8.5702   -8.4406   -8.4402   -8.4380   -8.0698   -8.0387   -8.0364   -3.7683   -3.6300   -3.5892   -3.3850   -3.2163   -3.1389   -2.5855   -2.5771   -2.5736   -2.5536   -2.3321   -1.9982   -1.8420   -1.8401   -1.8010   -1.5371   -1.1830   -1.1679    2.1639    2.7189    2.7381    4.6441    4.6506    5.0477    5.8105    5.8368    7.0095    7.0862    7.9051    7.9115    9.3143    9.4413    9.4480    9.8400   10.6612   10.6639   11.2589   11.2661   11.4820   11.4876   11.5555   11.6606   13.3382
  4.1195  -14.5831  -14.5587  -14.5541  -13.8488  -13.8456  -13.8095   -8.6650   -8.6632   -8.6591   -8.6067   -8.6035   -8.6006   -8.5608   -8.5604   -8.5581   -8.4512   -8.4508   -8.4487   -8.0655   -8.0387   -8.0363   -3.7003   -3.5715   -3.5257   -3.3285   -3.2077   -3.1279   -2.6766   -2.6684   -2.5648   -2.5400   -2.4777   -2.1028   -1.8510   -1.8490   -1.8054   -1.5131   -1.2453   -1.2261    2.3018    2.8334    2.8577    4.3303    4.3501    4.8610    5.9756    5.9965    6.8734    7.1067    7.7881    7.7917    9.3127    9.5891    9.5954   10.0166   10.6760   10.6778   11.2827   11.2903   11.4321   11.4421   11.5303   11.6514   13.6835
  4.1777  -14.5753  -14.5562  -14.5513  -13.8426  -13.8394  -13.8108   -8.6614   -8.6595   -8.6557   -8.6131   -8.6103   -8.6071   -8.5472   -8.5468   -8.5446   -8.4625   -8.4621   -8.4600   -8.0605   -8.0389   -8.0364   -3.6215   -3.5052   -3.4560   -3.2700   -3.2138   -3.1410   -2.7558   -2.7369   -2.6234   -2.5513   -2.5258   -2.2068   -1.8608   -1.8595   -1.8136   -1.4884   -1.3037   -1.2802    2.4594    2.9559    2.9857    4.0231    4.0554    4.6081    6.1858    6.2031    6.8157    7.0974    7.6180    7.6214    9.4018    9.7544    9.7589   10.1933   10.7197   10.7250   11.0703   11.0795   11.5068   11.5104   11.5214   11.5652   13.8999
  4.2358  -14.5678  -14.5546  -14.5495  -13.8366  -13.8334  -13.8134   -8.6582   -8.6559   -8.6526   -8.6188   -8.6167   -8.6131   -8.5339   -8.5336   -8.5314   -8.4736   -8.4733   -8.4711   -8.0548   -8.0396   -8.0370   -3.5329   -3.4337   -3.3837   -3.2412   -3.2211   -3.1828   -2.8117   -2.7784   -2.7548   -2.5348   -2.5101   -2.3054   -1.8689   -1.8683   -1.8262   -1.4620   -1.3539   -1.3262    2.6364    3.0677    3.1020    3.7692    3.8130    4.3182    6.4172    6.4312    6.8289    7.0445    7.4089    7.4158    9.5715    9.9173    9.9196   10.3541   10.7943   10.8011   10.8440   10.8524   11.4073   11.4934   11.5334   11.5493   13.9830
  4.2939  -14.5610  -14.5545  -14.5488  -13.8311  -13.8282  -13.8176   -8.6560   -8.6535   -8.6506   -8.6227   -8.6211   -8.6172   -8.5229   -8.5225   -8.5204   -8.4831   -8.4828   -8.4806   -8.0487   -8.0410   -8.0384   -3.4352   -3.3619   -3.3229   -3.2787   -3.2433   -3.2109   -2.8455   -2.8409   -2.8045   -2.5124   -2.4901   -2.3946   -1.8733   -1.8698   -1.8437   -1.4330   -1.3929   -1.3615    2.8333    3.1151    3.1387    3.6512    3.6917    4.0207    6.6561    6.6649    6.8830    6.9683    7.1814    7.1892    9.7929   10.0355   10.0375   10.4800   10.6414   10.6517   10.8874   10.8993   11.2036   11.4948   11.5258   11.5464   14.1047
  4.3521  -14.5563  -14.5561  -14.5490  -13.8267  -13.8265  -13.8212   -8.6558   -8.6536   -8.6502   -8.6240   -8.6217   -8.6183   -8.5181   -8.5177   -8.5155   -8.4873   -8.4869   -8.4847   -8.0439   -8.0430   -8.0403   -3.3534   -3.3297   -3.3090   -3.2978   -3.2722   -3.2467   -2.8629   -2.8478   -2.8270   -2.4810   -2.4719   -2.4623   -1.8694   -1.8655   -1.8615   -1.4190   -1.4006   -1.3843    3.0447    3.0501    3.0515    3.7289    3.7370    3.7477    6.8373    6.8558    6.8822    6.9692    6.9909    7.0046   10.0196   10.0242   10.0276   10.5482   10.5535   10.5565   10.9832   10.9934   10.9984   11.5081   11.5154   11.5342   14.1799
  4.3521  -14.5563  -14.5561  -14.5490  -13.8267  -13.8265  -13.8212   -8.6558   -8.6536   -8.6502   -8.6240   -8.6217   -8.6183   -8.5181   -8.5177   -8.5155   -8.4873   -8.4869   -8.4847   -8.0439   -8.0430   -8.0403   -3.3534   -3.3297   -3.3090   -3.2978   -3.2722   -3.2467   -2.8629   -2.8478   -2.8270   -2.4810   -2.4719   -2.4623   -1.8694   -1.8655   -1.8615   -1.4190   -1.4006   -1.3844    3.0447    3.0501    3.0515    3.7289    3.7370    3.7477    6.8373    6.8558    6.8822    6.9692    6.9909    7.0046   10.0196   10.0242   10.0276   10.5482   10.5535   10.5565   10.9832   10.9933   10.9984   11.5081   11.5154   11.5342   14.1087
  4.4049  -14.5597  -14.5563  -14.5479  -13.8333  -13.8237  -13.8195   -8.6571   -8.6553   -8.6515   -8.6223   -8.6193   -8.6163   -8.5214   -8.5210   -8.5189   -8.4842   -8.4839   -8.4817   -8.0475   -8.0452   -8.0371   -3.4027   -3.3716   -3.3636   -3.2617   -3.2281   -3.2233   -2.8588   -2.8393   -2.8042   -2.5305   -2.4428   -2.4283   -1.8880   -1.8562   -1.8444   -1.4306   -1.3940   -1.3677    2.9300    2.9561    3.2651    3.5038    3.8905    3.8975    6.6891    6.7291    6.7748    7.0859    7.1219    7.1477    9.8811    9.8885   10.1549   10.5623   10.5655   10.5774   10.8685   11.0646   11.0841   11.4957   11.5261   11.5430   14.0330
  4.4578  -14.5652  -14.5608  -14.5459  -13.8433  -13.8219  -13.8179   -8.6589   -8.6573   -8.6535   -8.6184   -8.6152   -8.6124   -8.5283   -8.5280   -8.5258   -8.4785   -8.4781   -8.4760   -8.0530   -8.0506   -8.0331   -3.4827   -3.4521   -3.4177   -3.2578   -3.2366   -3.1230   -2.8271   -2.8245   -2.7421   -2.5774   -2.3960   -2.3851   -1.9107   -1.8343   -1.8186   -1.4307   -1.3924   -1.3311    2.8385    2.8775    3.2999    3.4989    4.0892    4.0916    6.4830    6.5219    6.6993    7.1939    7.3295    7.3482    9.6916    9.7010   10.1128   10.5618   10.5809   10.5847   10.9079   11.1439   11.1687   11.4887   11.5230   11.5647   13.8336
  4.5106  -14.5730  -14.5681  -14.5450  -13.8555  -13.8217  -13.8178   -8.6604   -8.6589   -8.6552   -8.6132   -8.6100   -8.6073   -8.5358   -8.5354   -8.5333   -8.4731   -8.4727   -8.4705   -8.0606   -8.0582   -8.0306   -3.5939   -3.5109   -3.4823   -3.2787   -3.2707   -3.0176   -2.7822   -2.7625   -2.6747   -2.6118   -2.3408   -2.3332   -1.9307   -1.8049   -1.7862   -1.4192   -1.3797   -1.2903    2.7839    2.8321    3.1342    3.7477    4.3108    4.3129    6.2833    6.3244    6.6372    7.3095    7.5304    7.5449    9.4963    9.5069    9.9321   10.5201   10.5611   10.5671   11.0655   11.2286   11.2582   11.4787   11.5161   11.5667   13.5818
  4.5634  -14.5830  -14.5778  -14.5458  -13.8700  -13.8231  -13.8191   -8.6608   -8.6593   -8.6558   -8.6073   -8.6043   -8.6015   -8.5428   -8.5424   -8.5402   -8.4690   -8.4686   -8.4664   -8.0706   -8.0682   -8.0302   -3.7005   -3.5963   -3.5761   -3.2970   -3.2883   -2.9185   -2.7129   -2.6835   -2.6336   -2.6046   -2.2778   -2.2727   -1.9434   -1.7704   -1.7500   -1.3964   -1.3558   -1.2449    2.7689    2.8235    3.0078    4.0133    4.5497    4.5547    6.0978    6.1424    6.5914    7.4302    7.7218    7.7329    9.3096    9.3210    9.7049   10.4619   10.5015   10.5102   11.2411   11.3179   11.3518   11.4535   11.4940   11.5409   13.5405
  4.6163  -14.5953  -14.5898  -14.5485  -13.8866  -13.8261  -13.8221   -8.6600   -8.6584   -8.6550   -8.6012   -8.5983   -8.5955   -8.5487   -8.5483   -8.5461   -8.4665   -8.4661   -8.4639   -8.0831   -8.0807   -8.0326   -3.8009   -3.7154   -3.7025   -3.2894   -3.2747   -2.8439   -2.6290   -2.6241   -2.5950   -2.5394   -2.2078   -2.2033   -1.9434   -1.7334   -1.7123   -1.3629   -1.3212   -1.1944    2.7913    2.8501    2.9225    4.2944    4.8015    4.8133    5.9316    5.9814    6.5639    7.5546    7.9024    7.9101    9.1384    9.1502    9.4673   10.3942   10.4143   10.4253   11.3901   11.3950   11.4041   11.4436   11.4588   11.4877   13.3556
  4.6691  -14.6098  -14.6041  -14.5531  -13.9051  -13.8307  -13.8267   -8.6577   -8.6561   -8.6528   -8.5949   -8.5922   -8.5894   -8.5534   -8.5530   -8.5508   -8.4657   -8.4652   -8.4631   -8.0983   -8.0959   -8.0380   -3.8947   -3.8593   -3.8516   -3.2519   -3.2340   -2.8197   -2.5675   -2.5351   -2.5005   -2.4749   -2.1315   -2.1257   -1.9251   -1.6961   -1.6747   -1.3195   -1.2765   -1.1389    2.8460    2.8781    2.9067    4.5894    5.0591    5.0850    5.7903    5.8507    6.5560    7.6817    8.0695    8.0748    8.9878    8.9996    9.2322   10.3114   10.3221   10.3243   11.3277   11.3599   11.4052   11.4962   11.5031   11.5242   13.1428
  4.7220  -14.6262  -14.6204  -14.5598  -13.9253  -13.8370  -13.8329   -8.6540   -8.6523   -8.6491   -8.5889   -8.5863   -8.5836   -8.5567   -8.5563   -8.5540   -8.4664   -8.4659   -8.4637   -8.1161   -8.1136   -8.0469   -4.0182   -4.0136   -3.9821   -3.1888   -3.1696   -2.8375   -2.4761   -2.4340   -2.4103   -2.4012   -2.0489   -2.0423   -1.8840   -1.6599   -1.6378   -1.2674   -1.2225   -1.0782    2.8727    2.9256    2.9857    4.8954    5.3002    5.3592    5.6872    5.7751    6.5684    7.8113    8.2176    8.2240    8.8641    8.8753    9.0061   10.2017   10.2161   10.2499   11.2285   11.2636   11.3053   11.5522   11.5602   11.5848   13.1004
  4.7748  -14.6445  -14.6385  -14.5682  -13.9469  -13.8447  -13.8407   -8.6490   -8.6471   -8.6441   -8.5833   -8.5811   -8.5784   -8.5583   -8.5578   -8.5554   -8.4685   -8.4679   -8.4658   -8.1362   -8.1337   -8.0592   -4.1844   -4.1808   -4.0646   -3.1037   -3.0846   -2.8768   -2.3763   -2.3397   -2.3259   -2.2975   -1.9616   -1.9559   -1.8180   -1.6252   -1.6004   -1.2078   -1.1605   -1.0127    2.9026    3.0201    3.0772    5.2081    5.4451    5.5254    5.7362    5.8377    6.6024    7.9430    8.3354    8.3455    8.7805    8.7907    8.7936   10.0916   10.1073   10.1805   11.1102   11.1457   11.1871   11.5507   11.5944   11.6181   12.9257
  4.8276  -14.6641  -14.6580  -14.5782  -13.9695  -13.8538  -13.8497   -8.6429   -8.6409   -8.6379   -8.5786   -8.5768   -8.5743   -8.5581   -8.5573   -8.5548   -8.4718   -8.4712   -8.4690   -8.1582   -8.1557   -8.0748   -4.3524   -4.3485   -4.1426   -2.9997   -2.9819   -2.9286   -2.2901   -2.2472   -2.2110   -2.1895   -1.8735   -1.8683   -1.7283   -1.5905   -1.5597   -1.1422   -1.0918   -0.9432    2.9629    3.1178    3.1694    5.4710    5.5133    5.5198    6.0108    6.0652    6.6610    8.0771    8.3992    8.4113    8.5993    8.7631    8.7744    9.9859   10.0029   10.1172   10.9786   11.0133   11.0533   11.4920   11.5950   11.6131   12.4484
  4.8805  -14.6848  -14.6786  -14.5897  -13.9927  -13.8638  -13.8598   -8.6359   -8.6338   -8.6308   -8.5750   -8.5738   -8.5713   -8.5559   -8.5546   -8.5521   -8.4760   -8.4753   -8.4731   -8.1817   -8.1791   -8.0934   -4.5177   -4.5132   -4.2170   -2.9889   -2.8801   -2.8647   -2.2119   -2.1383   -2.0900   -2.0781   -1.7935   -1.7784   -1.6185   -1.5530   -1.5106   -1.0723   -1.0179   -0.8705    3.0476    3.2057    3.2495    5.4901    5.5219    5.8141    6.3153    6.3481    6.7512    8.2135    8.4031    8.4125    8.4298    8.8198    8.8368    9.8886    9.9068   10.0632   10.8381   10.8714   10.9049   11.3840   11.5447   11.5577   12.2300
  4.9333  -14.7062  -14.6998  -14.6022  -14.0161  -13.8747  -13.8707   -8.6282   -8.6261   -8.6231   -8.5724   -8.5716   -8.5692   -8.5522   -8.5506   -8.5479   -8.4808   -8.4801   -8.4779   -8.2062   -8.2036   -8.1143   -4.6769   -4.6718   -4.2881   -3.0536   -2.7495   -2.7373   -2.1287   -2.0247   -1.9663   -1.9645   -1.7227   -1.6903   -1.5076   -1.4930   -1.4482   -0.9996   -0.9402   -0.7956    3.1502    3.2721    3.3068    5.5469    5.5773    6.0671    6.6199    6.6407    6.8862    8.2944    8.3521    8.3879    8.3921    8.9127    8.9372    9.8035    9.8226   10.0224   10.6918   10.7233   10.7421   11.2363   11.4337   11.4417   11.8944
  4.9862  -14.7277  -14.7212  -14.6155  -14.0394  -13.8861  -13.8821   -8.6203   -8.6181   -8.6152   -8.5702   -8.5696   -8.5672   -8.5476   -8.5459   -8.5432   -8.4860   -8.4853   -8.4831   -8.2309   -8.2283   -8.1368   -4.8274   -4.8219   -4.3560   -3.1205   -2.6130   -2.6047   -2.0380   -1.9091   -1.8555   -1.8449   -1.6534   -1.6052   -1.4489   -1.3713   -1.3562   -0.9260   -0.8604   -0.7199    3.2642    3.3092    3.3347    5.6507    5.6822    6.2497    6.9111    6.9233    7.0754    8.2093    8.3860    8.3888    8.4909    9.0108    9.0439    9.7345    9.7540    9.9993   10.5418   10.5648   10.5711   11.0594   11.2605   11.2648   11.6226
  5.0390  -14.7490  -14.7424  -14.6291  -14.0619  -13.8977  -13.8937   -8.6124   -8.6103   -8.6073   -8.5680   -8.5675   -8.5652   -8.5432   -8.5414   -8.5388   -8.4911   -8.4904   -8.4881   -8.2554   -8.2527   -8.1602   -4.9673   -4.9616   -4.4205   -3.1870   -2.4776   -2.4735   -1.9399   -1.7930   -1.7534   -1.7440   -1.5655   -1.5179   -1.3760   -1.2833   -1.2124   -0.8531   -0.7801   -0.6446    3.3153    3.3325    3.3831    5.7980    5.8301    6.3525    7.1725    7.1773    7.2979    8.1996    8.4162    8.4271    8.6265    9.0982    9.1414    9.6868    9.7053    9.9998   10.3752   10.3886   10.4151   10.8627   11.0317   11.0426   11.4140
  5.0918  -14.7695  -14.7628  -14.6426  -14.0834  -13.9092  -13.9052   -8.6048   -8.6027   -8.5998   -8.5658   -8.5654   -8.5631   -8.5394   -8.5379   -8.5352   -8.4954   -8.4947   -8.4923   -8.2789   -8.2762   -8.1835   -5.0951   -5.0894   -4.4808   -3.2512   -2.3524   -2.3516   -1.8365   -1.6788   -1.6687   -1.6592   -1.4471   -1.4225   -1.2921   -1.1887   -1.0654   -0.7831   -0.7011   -0.5711    3.2938    3.3042    3.5008    5.9775    6.0081    6.3874    7.3822    7.3863    7.5054    8.2951    8.4992    8.5181    8.7527    9.1628    9.2187    9.6648    9.6789   10.0371   10.1768   10.2336   10.2571   10.6557   10.7759   10.7949   11.2851
  5.1447  -14.7888  -14.7821  -14.6557  -14.1034  -13.9203  -13.9162   -8.5977   -8.5958   -8.5928   -8.5637   -8.5633   -8.5610   -8.5372   -8.5360   -8.5334   -8.4982   -8.4974   -8.4949   -8.3008   -8.2981   -8.2059   -5.2097   -5.2039   -4.5363   -3.3114   -2.2477   -2.2468   -1.7306   -1.6011   -1.5684   -1.5643   -1.3236   -1.3137   -1.1989   -1.0897   -0.9194   -0.7178   -0.6254   -0.5007    3.2506    3.2563    3.6124    6.1728    6.1995    6.3700    7.5295    7.5450    7.6729    8.4946    8.6372    8.6613    8.8612    9.1972    9.2681    9.6643    9.6689    9.9732   10.0888   10.1201   10.1312   10.4495   10.5166   10.5597   11.1358
  5.1975  -14.8065  -14.7997  -14.6680  -14.1215  -13.9305  -13.9265   -8.5914   -8.5897   -8.5867   -8.5617   -8.5613   -8.5590   -8.5371   -8.5362   -8.5337   -8.4989   -8.4980   -8.4954   -8.3206   -8.3179   -8.2268   -5.3102   -5.3044   -4.5863   -3.3662   -2.1683   -2.1669   -1.6265   -1.5250   -1.4653   -1.4601   -1.2341   -1.1843   -1.0951   -0.9850   -0.7791   -0.6591   -0.5549   -0.4343    3.1920    3.1961    3.7136    6.3157    6.3654    6.3858    7.6329    7.6636    7.8211    8.7460    8.8045    8.8272    8.9444    9.2052    9.2899    9.6391    9.6590    9.7788    9.9953   10.0528   10.2071   10.3112   10.3556   10.3681   11.0061
  5.2504  -14.8221  -14.8153  -14.6790  -14.1373  -13.9397  -13.9357   -8.5861   -8.5845   -8.5815   -8.5600   -8.5597   -8.5574   -8.5388   -8.5382   -8.5357   -8.4977   -8.4967   -8.4939   -8.3379   -8.3352   -8.2453   -5.3959   -5.3901   -4.6298   -3.4145   -2.1139   -2.1128   -1.5288   -1.4389   -1.3649   -1.3522   -1.1617   -1.0738   -0.9836   -0.8717   -0.6502   -0.6091   -0.4918   -0.3723    3.1247    3.1300    3.8014    6.2409    6.5351    6.5478    7.7204    7.7686    7.9743    8.9560    8.9643    8.9731    9.0085    9.1922    9.2875    9.5603    9.5846    9.6078    9.9449    9.9553   10.0242   10.1235   10.2834   10.3746   11.0170
  5.3032  -14.8355  -14.8286  -14.6885  -14.1508  -13.9477  -13.9437   -8.5817   -8.5803   -8.5772   -8.5590   -8.5587   -8.5564   -8.5413   -8.5408   -8.5383   -8.4954   -8.4943   -8.4915   -8.3523   -8.3496   -8.2610   -5.4665   -5.4608   -4.6664   -3.4552   -2.0800   -2.0792   -1.4423   -1.3484   -1.2780   -1.2401   -1.1063   -0.9899   -0.8730   -0.7530   -0.5692   -0.5393   -0.4388   -0.3147    3.0563    3.0629    3.8739    6.1590    6.6664    6.6721    7.8147    7.8792    8.1420    8.9988    9.0281    9.0487    9.1641    9.1734    9.2594    9.4723    9.4828    9.5130    9.8172    9.8269    9.8291   10.2065   10.3439   10.4082   10.9375
  5.3561  -14.8461  -14.8393  -14.6962  -14.1614  -13.9541  -13.9501   -8.5783   -8.5771   -8.5740   -8.5589   -8.5585   -8.5563   -8.5433   -8.5428   -8.5404   -8.4928   -8.4918   -8.4889   -8.3637   -8.3610   -8.2736   -5.5217   -5.5159   -4.6954   -3.4876   -2.0603   -2.0597   -1.3713   -1.2621   -1.2048   -1.1392   -1.0642   -0.9324   -0.7717   -0.6412   -0.5392   -0.4530   -0.3989   -0.2613    2.9939    3.0009    3.9302    6.0822    6.7523    6.7556    7.9230    7.9973    8.3246    8.9663    9.0245    9.0571    9.1108    9.2150    9.2684    9.4200    9.4264    9.4897    9.6356    9.6755    9.7089   10.3331   10.3833   10.4446   10.8880
  5.4089  -14.8539  -14.8470  -14.7019  -14.1692  -13.9587  -13.9548   -8.5760   -8.5750   -8.5718   -8.5595   -8.5591   -8.5568   -8.5444   -8.5440   -8.5416   -8.4906   -8.4897   -8.4867   -8.3718   -8.3691   -8.2827   -5.5612   -5.5555   -4.7164   -3.5112   -2.0495   -2.0490   -1.3189   -1.1869   -1.1488   -1.0781   -1.0156   -0.8999   -0.6859   -0.5637   -0.5049   -0.3945   -0.3758   -0.2150    2.9437    2.9502    3.9701    6.0199    6.8002    6.8039    8.0355    8.1058    8.5183    8.9132    8.9968    9.0118    9.0495    9.1617    9.2777    9.4054    9.4196    9.4584    9.5003    9.5681    9.6220   10.3522   10.4150   10.4702   10.9354
  5.4617  -14.8586  -14.8518  -14.7054  -14.1739  -13.9616  -13.9577   -8.5746   -8.5738   -8.5706   -8.5601   -8.5597   -8.5575   -8.5448   -8.5445   -8.5421   -8.4892   -8.4883   -8.4853   -8.3767   -8.3740   -8.2882   -5.5850   -5.5792   -4.7292   -3.5255   -2.0442   -2.0438   -1.2868   -1.1279   -1.1133   -1.0693   -0.9549   -0.8928   -0.6195   -0.5528   -0.4438   -0.3736   -0.3619   -0.1825    2.9112    2.9167    3.9939    5.9795    6.8233    6.8262    8.1310    8.1761    8.7116    8.8737    8.9710    8.9749    9.0141    9.0957    9.1702    9.3648    9.4121    9.4303    9.4926    9.5240    9.5713   10.3160   10.4305   10.4606   11.2463
  5.5146  -14.8602  -14.8534  -14.7066  -14.1755  -13.9626  -13.9586   -8.5742   -8.5734   -8.5702   -8.5604   -8.5600   -8.5578   -8.5449   -8.5446   -8.5422   -8.4887   -8.4878   -8.4848   -8.3783   -8.3756   -8.2901   -5.5929   -5.5871   -4.7334   -3.5303   -2.0426   -2.0423   -1.2761   -1.1012   -1.0887   -1.0873   -0.9122   -0.9108   -0.5749   -0.5747   -0.3961   -0.3959   -0.3516   -0.1707    2.8999    2.9049    4.0018    5.9656    6.8301    6.8323    8.1840    8.1852    8.8133    8.8950    8.9590    8.9608    9.0355    9.0369    9.0420    9.3530    9.4124    9.4514    9.4522    9.5434    9.5445   10.3019   10.4320   10.4423   11.9077
  5.5146  -14.8602  -14.8534  -14.7066  -14.1755  -13.9626  -13.9586   -8.5742   -8.5734   -8.5702   -8.5604   -8.5600   -8.5578   -8.5449   -8.5446   -8.5422   -8.4887   -8.4878   -8.4848   -8.3783   -8.3756   -8.2901   -5.5929   -5.5871   -4.7334   -3.5303   -2.0426   -2.0423   -1.2761   -1.1012   -1.0887   -1.0873   -0.9122   -0.9108   -0.5749   -0.5747   -0.3961   -0.3959   -0.3516   -0.1707    2.8999    2.9049    4.0018    5.9656    6.8301    6.8323    8.1840    8.1852    8.8133    8.8950    8.9590    8.9608    9.0355    9.0369    9.0420    9.3531    9.4123    9.4515    9.4522    9.5434    9.5445   10.3019   10.4320   10.4422   11.8113
  5.5558  -14.8728  -14.8372  -14.7112  -14.1694  -13.9906  -13.9357   -8.5742   -8.5733   -8.5702   -8.5604   -8.5600   -8.5578   -8.5449   -8.5446   -8.5422   -8.4887   -8.4878   -8.4848   -8.3901   -8.3621   -8.2919   -5.6603   -5.5008   -4.7722   -3.4795   -2.2504   -1.8625   -1.2728   -1.1276   -1.0979   -1.0474   -0.9515   -0.8705   -0.6201   -0.5295   -0.4419   -0.3557   -0.3503   -0.1748    2.7469    3.0782    3.9742    5.9868    6.6771    6.9881    8.0234    8.3424    8.8136    8.8945    8.9169    8.9937    9.0100    9.0241    9.0858    9.3597    9.4162    9.4201    9.4712    9.5105    9.5600   10.3082   10.4270   10.4435   11.9470
  5.5971  -14.8841  -14.8152  -14.7243  -14.1521  -14.0240  -13.9171   -8.5742   -8.5733   -8.5702   -8.5604   -8.5600   -8.5578   -8.5449   -8.5446   -8.5422   -8.4887   -8.4877   -8.4848   -8.4003   -8.3465   -8.2973   -5.7107   -5.3941   -4.8715   -3.3443   -2.4757   -1.7220   -1.2631   -1.1643   -1.0881   -1.0094   -0.9885   -0.8320   -0.6619   -0.4867   -0.4842   -0.3678   -0.3071   -0.1871    2.6237    3.2634    3.8952    6.0473    6.5278    7.1446    7.8630    8.4935    8.8149    8.8823    8.8922    8.9597    8.9745    9.0644    9.1391    9.3685    9.3789    9.4414    9.4654    9.4728    9.5570   10.3253   10.4148   10.4447   11.9657
  5.6384  -14.8911  -14.7912  -14.7437  -14.1260  -14.0592  -13.9056   -8.5743   -8.5733   -8.5702   -8.5604   -8.5600   -8.5578   -8.5449   -8.5446   -8.5422   -8.4888   -8.4876   -8.4848   -8.4068   -8.3314   -8.3060   -5.7412   -5.2721   -5.0010   -3.1561   -2.7085   -1.6321   -1.2471   -1.1968   -1.0720   -1.0213   -0.9799   -0.8020   -0.6937   -0.5164   -0.4481   -0.3876   -0.2681   -0.2071    2.5440    3.4475    3.7737    6.1394    6.3858    7.2919    7.7131    8.6339    8.8148    8.8568    8.8696    8.9219    8.9356    9.1158    9.1881    9.3203    9.4052    9.4193    9.4589    9.4729    9.5377   10.3489   10.3968   10.4451   12.1398
  5.6797  -14.8934  -14.7675  -14.7661  -14.0949  -14.0932  -13.9017   -8.5743   -8.5732   -8.5702   -8.5604   -8.5600   -8.5578   -8.5449   -8.5446   -8.5422   -8.4888   -8.4876   -8.4848   -8.4090   -8.3183   -8.3169   -5.7513   -5.1401   -5.1374   -2.9400   -2.9380   -1.6011   -1.2285   -1.2210   -1.0532   -1.0457   -0.9682   -0.7902   -0.7062   -0.5291   -0.4165   -0.4128   -0.2363   -0.2324    2.5163    3.6206    3.6213    6.2525    6.2567    7.3757    7.6284    8.7548    8.7573    8.8390    8.8456    8.9169    8.9233    9.1418    9.2114    9.2950    9.3968    9.4327    9.4356    9.5059    9.5086   10.3725   10.3756   10.4451   12.0336
  5.6797  -14.6074  -14.5692  -14.5651  -13.8694  -13.8664  -13.8107   -8.6949   -8.6933   -8.6891   -8.6072   -8.6069   -8.6046   -8.5542   -8.5504   -8.5477   -8.3827   -8.3823   -8.3801   -8.0823   -8.0422   -8.0406   -3.9082   -3.7486   -3.7464   -3.5290   -3.2592   -3.2576   -2.6263   -2.6237   -2.1815   -2.1719   -1.9125   -1.8738   -1.8733   -1.8554   -1.6148   -1.5968   -0.9335   -0.9302    1.8985    2.4841    2.4857    4.9498    4.9529    5.2500    6.3621    6.3647    6.6967    7.9687    7.9699    8.5084    8.8869    8.8875    9.1585    9.7931   10.0113   10.0113   11.0686   11.2446   11.5290   11.5389   11.5624   11.9058   11.9958
  5.7334  -14.6088  -14.5772  -14.5606  -13.8806  -13.8576  -13.8124   -8.6939   -8.6923   -8.6881   -8.6068   -8.6064   -8.6042   -8.5539   -8.5501   -8.5474   -8.3837   -8.3833   -8.3812   -8.0842   -8.0531   -8.0345   -3.9160   -3.8286   -3.6611   -3.5323   -3.4263   -3.0956   -2.6650   -2.5789   -2.1808   -2.1593   -1.9243   -1.9036   -1.8487   -1.8181   -1.6239   -1.5763   -0.9412   -0.9140    1.9224    2.4566    2.5577    4.8525    5.0623    5.2428    6.3078    6.4487    6.7127    7.9572    8.0040    8.5148    8.8566    8.8850    9.1399    9.8076    9.8975   10.1211   11.0750   11.2432   11.5006   11.5083   11.5412   11.8755   12.0705
  5.7871  -14.6130  -14.5900  -14.5579  -13.8952  -13.8498  -13.8173   -8.6910   -8.6893   -8.6852   -8.6055   -8.6051   -8.6029   -8.5529   -8.5493   -8.5465   -8.3867   -8.3863   -8.3842   -8.0898   -8.0693   -8.0328   -3.9456   -3.9030   -3.6493   -3.5330   -3.5158   -2.9432   -2.7007   -2.5251   -2.1701   -2.1305   -1.9656   -1.8769   -1.8309   -1.7612   -1.6279   -1.5382   -0.9418   -0.8880    1.9929    2.4732    2.6711    4.7661    5.1852    5.2239    6.2826    6.5624    6.7591    7.9677    8.0608    8.5337    8.8000    8.8433    9.0899    9.7954    9.8441   10.2117   11.0780   11.2381   11.4462   11.4612   11.5197   11.8532   12.1441
  5.8408  -14.6200  -14.6057  -14.5586  -13.9117  -13.8446  -13.8254   -8.6863   -8.6845   -8.6805   -8.6034   -8.6030   -8.6008   -8.5514   -8.5479   -8.5451   -8.3917   -8.3913   -8.3891   -8.0990   -8.0893   -8.0363   -4.0080   -3.9735   -3.8193   -3.5124   -3.4158   -2.8092   -2.7273   -2.4629   -2.1469   -2.0886   -1.9905   -1.8333   -1.8082   -1.7045   -1.6213   -1.4887   -0.9342   -0.8540    2.1062    2.5315    2.8176    4.6942    5.1995    5.3204    6.2882    6.7028    6.8315    8.0007    8.1395    8.5646    8.7222    8.7590    9.0199    9.7170    9.8872   10.2707   11.1159   11.2267   11.3682   11.3789   11.4679   11.8478   12.1770
  5.8945  -14.6301  -14.6233  -14.5627  -13.9297  -13.8422  -13.8359   -8.6800   -8.6780   -8.6742   -8.6006   -8.6001   -8.5979   -8.5494   -8.5461   -8.5432   -8.3984   -8.3980   -8.3958   -8.1134   -8.1104   -8.0449   -4.1032   -4.0429   -4.0087   -3.4615   -3.2852   -2.7904   -2.6501   -2.3921   -2.1114   -2.0343   -1.9917   -1.7902   -1.7706   -1.6485   -1.6041   -1.4289   -0.9186   -0.8127    2.2554    2.6254    2.9854    4.6420    5.1785    5.4674    6.3251    6.8675    6.9249    8.0560    8.2391    8.6068    8.6276    8.6383    8.9397    9.6652    9.9225   10.2928   11.1983   11.2053   11.2735   11.3249   11.3840   11.8622   12.2468
  5.9481  -14.6470  -14.6384  -14.5699  -13.9488  -13.8508  -13.8403   -8.6723   -8.6702   -8.6665   -8.5971   -8.5967   -8.5945   -8.5469   -8.5438   -8.5408   -8.4066   -8.4062   -8.4040   -8.1387   -8.1259   -8.0580   -4.2210   -4.2001   -4.1135   -3.3835   -3.1383   -2.8309   -2.5257   -2.3136   -2.0641   -1.9685   -1.9629   -1.7761   -1.6954   -1.5927   -1.5768   -1.3597   -0.8957   -0.7649    2.4308    2.7463    3.1567    4.6199    5.1707    5.6249    6.3930    7.0343    7.0536    8.1330    8.3584    8.4947    8.5211    8.6587    8.8557    9.6348    9.9395   10.2809   11.1565   11.1669   11.2357   11.2671   11.2827   11.8568   12.2549
  6.0018  -14.6691  -14.6518  -14.5800  -13.9685  -13.8667  -13.8418   -8.6635   -8.6613   -8.6577   -8.5931   -8.5927   -8.5905   -8.5440   -8.5412   -8.5381   -8.4161   -8.4157   -8.4135   -8.1662   -8.1431   -8.0753   -4.3894   -4.3492   -4.1874   -3.2853   -2.9770   -2.8783   -2.4039   -2.2292   -2.0061   -1.9016   -1.8922   -1.7711   -1.6056   -1.5402   -1.5360   -1.2821   -0.8663   -0.7117    2.6198    2.8847    3.3056    4.6464    5.1862    5.7898    6.4913    7.1568    7.2565    8.2310    8.3402    8.4097    8.4986    8.7186    8.7722    9.6181    9.9336   10.2426   11.0265   11.1012   11.1191   11.1637   11.3431   11.7857   12.2521
  6.0555  -14.6928  -14.6660  -14.5925  -13.9884  -13.8847  -13.8448   -8.6538   -8.6517   -8.6481   -8.5888   -8.5884   -8.5862   -8.5409   -8.5384   -8.5352   -8.4265   -8.4261   -8.4239   -8.1947   -8.1619   -8.0959   -4.5728   -4.4797   -4.2657   -3.1738   -2.9279   -2.8029   -2.2844   -2.1413   -1.9383   -1.8100   -1.8066   -1.7731   -1.5074   -1.4914   -1.4768   -1.1974   -0.8316   -0.6541    2.8079    3.0307    3.4034    4.7434    5.2345    5.9570    6.6168    7.2895    7.4717    8.1914    8.3041    8.3491    8.6536    8.6925    8.7841    9.6088    9.9060   10.1918   10.8799   10.9418   11.0070   11.0696   11.2983   11.6073   12.2256
  6.1092  -14.7174  -14.6808  -14.6072  -14.0079  -13.9042  -13.8493   -8.6437   -8.6416   -8.6381   -8.5844   -8.5839   -8.5817   -8.5377   -8.5355   -8.5322   -8.4375   -8.4371   -8.4349   -8.2235   -8.1818   -8.1190   -4.7483   -4.6059   -4.3482   -3.0566   -2.9758   -2.6180   -2.1646   -2.0534   -1.8623   -1.7784   -1.7130   -1.6935   -1.4471   -1.4132   -1.3880   -1.1068   -0.7927   -0.5936    2.9808    3.1754    3.4344    4.9201    5.3231    6.1185    6.7620    7.4305    7.6908    8.0577    8.2227    8.4848    8.6211    8.8231    8.8516    9.6022    9.8625   10.1378   10.7216   10.7423   10.8776   10.9623   11.1402   11.4421   12.1480
  6.1629  -14.7422  -14.6958  -14.6235  -14.0265  -13.9247  -13.8548   -8.6335   -8.6314   -8.6280   -8.5799   -8.5795   -8.5773   -8.5345   -8.5327   -8.5294   -8.4486   -8.4482   -8.4460   -8.2519   -8.2021   -8.1438   -4.9135   -4.7238   -4.4343   -3.0188   -2.9423   -2.4246   -2.0426   -1.9690   -1.7807   -1.7795   -1.6132   -1.5589   -1.3911   -1.3433   -1.2679   -1.0121   -0.7513   -0.5318    3.1272    3.3112    3.4053    5.1635    5.4539    6.2624    6.9134    7.5763    7.8583    7.9950    8.1907    8.5644    8.6363    8.9172    9.0022    9.5942    9.8113   10.0881   10.5267   10.5565   10.7150   10.8473   10.9118   11.1523   12.0083
  6.2166  -14.7666  -14.7106  -14.6409  -14.0439  -13.9459  -13.8610   -8.6234   -8.6214   -8.6181   -8.5757   -8.5752   -8.5730   -8.5318   -8.5302   -8.5270   -8.4594   -8.4589   -8.4567   -8.2793   -8.2224   -8.1694   -5.0666   -4.8304   -4.5225   -3.0543   -2.8411   -2.2256   -1.9187   -1.8916   -1.7722   -1.6919   -1.5091   -1.4124   -1.3326   -1.2662   -1.1425   -0.9148   -0.7090   -0.4705    3.2421    3.3335    3.4323    5.4506    5.6200    6.3717    7.0580    7.7193    7.8045    8.1709    8.2359    8.5346    8.7995    8.9757    9.1833    9.5808    9.7619   10.0480   10.3034   10.3928   10.5271   10.6831   10.7204   10.9600   11.8963
  6.2703  -14.7902  -14.7246  -14.6589  -14.0596  -13.9673  -13.8676   -8.6137   -8.6119   -8.6087   -8.5717   -8.5713   -8.5692   -8.5297   -8.5284   -8.5253   -8.4693   -8.4687   -8.4664   -8.3051   -8.2419   -8.1948   -5.2064   -4.9238   -4.6111   -3.0805   -2.7637   -2.0248   -1.8239   -1.7944   -1.7445   -1.6012   -1.4026   -1.2734   -1.2597   -1.1824   -1.0155   -0.8168   -0.6676   -0.4115    3.2344    3.3272    3.5344    5.7604    5.8057    6.4281    7.1991    7.7295    7.8448    8.3672    8.3806    8.5527    8.9680    9.0215    9.3519    9.5580    9.7242   10.0167   10.0848   10.2458   10.3266   10.4791   10.6057   10.8348   11.9046
  6.3240  -14.8122  -14.7375  -14.6769  -14.0733  -13.9883  -13.8743   -8.6048   -8.6031   -8.5999   -8.5684   -8.5680   -8.5658   -8.5289   -8.5278   -8.5248   -8.4775   -8.4769   -8.4745   -8.3287   -8.2602   -8.2193   -5.3317   -5.0028   -4.6985   -3.0966   -2.7175   -1.8274   -1.7646   -1.6932   -1.6732   -1.5095   -1.2962   -1.2160   -1.1059   -1.0941   -0.8907   -0.7197   -0.6291   -0.3568    3.1192    3.3880    3.6149    5.9885    6.0758    6.4276    7.3537    7.6737    7.9374    8.5598    8.5771    8.6391    9.0491    9.1305    9.4733    9.5251    9.7088    9.8651   10.0076   10.1080   10.1279   10.2907   10.5163   10.6641   11.8872
  6.3777  -14.8324  -14.7487  -14.6945  -14.0846  -14.0085  -13.8807   -8.5969   -8.5953   -8.5921   -8.5656   -8.5652   -8.5630   -8.5296   -8.5288   -8.5260   -8.4836   -8.4829   -8.4803   -8.3497   -8.2766   -8.2420   -5.4416   -5.0668   -4.7828   -3.1021   -2.7034   -1.7216   -1.6312   -1.6191   -1.5599   -1.4191   -1.1922   -1.1626   -1.0053   -0.9561   -0.7723   -0.6253   -0.5953   -0.3082    2.9968    3.4318    3.6722    6.1451    6.3807    6.3883    7.5300    7.6389    8.0047    8.7502    8.7699    8.7843    9.0548    9.2617    9.4573    9.5317    9.6858    9.7249    9.9447    9.9814    9.9919   10.1259   10.4705   10.5527   11.6840
  6.4314  -14.8502  -14.7580  -14.7112  -14.0933  -14.0276  -13.8866   -8.5900   -8.5885   -8.5854   -8.5635   -8.5631   -8.5609   -8.5320   -8.5314   -8.5288   -8.4872   -8.4864   -8.4837   -8.3679   -8.2908   -8.2624   -5.5355   -5.1154   -4.8624   -3.0971   -2.7160   -1.6824   -1.5324   -1.4578   -1.4519   -1.3322   -1.1160   -1.0929   -0.9208   -0.8154   -0.6648   -0.5678   -0.5353   -0.2678    2.8747    3.4655    3.7061    6.2569    6.3323    6.6634    7.6236    7.7252    8.0754    8.8926    8.9414    8.9566    9.0391    9.2980    9.3916    9.4935    9.5860    9.7511    9.7929    9.8583    9.8985   10.0195   10.4379   10.4934   11.4352
  6.4851  -14.8653  -14.7650  -14.7265  -14.0993  -14.0452  -13.8918   -8.5843   -8.5829   -8.5798   -8.5620   -8.5617   -8.5595   -8.5355   -8.5350   -8.5325   -8.4888   -8.4879   -8.4851   -8.3828   -8.3023   -8.2799   -5.6128   -5.1488   -4.9356   -3.0819   -2.7474   -1.6521   -1.4428   -1.3708   -1.2911   -1.2518   -1.0779   -1.0015   -0.8452   -0.6889   -0.5723   -0.5477   -0.4518   -0.2371    2.7602    3.4943    3.7178    6.2806    6.3174    6.9080    7.6233    7.9332    8.1719    8.9988    9.0008    9.0644    9.0951    9.2101    9.3254    9.4230    9.5807    9.6560    9.7076    9.7117    9.7584   10.0921   10.4502   10.4619   11.2137
  6.5388  -14.8774  -14.7696  -14.7400  -14.1024  -14.0609  -13.8960   -8.5798   -8.5786   -8.5756   -8.5612   -8.5608   -8.5586   -8.5392   -8.5388   -8.5363   -8.4893   -8.4882   -8.4854   -8.3943   -8.3109   -8.2944   -5.6733   -5.1673   -5.0010   -3.0574   -2.7903   -1.6294   -1.3607   -1.3018   -1.1810   -1.1560   -1.0507   -0.9206   -0.7833   -0.5816   -0.5354   -0.4982   -0.3776   -0.2174    2.6606    3.5223    3.7103    6.2446    6.3320    7.1051    7.6303    8.1483    8.3012    8.9585    9.0753    9.0962    9.1072    9.1757    9.2732    9.3557    9.5606    9.5633    9.5780    9.6024    9.6093   10.2766   10.4234   10.4622   11.0571
  6.5925  -14.8863  -14.7714  -14.7514  -14.1025  -14.0744  -13.8991   -8.5767   -8.5756   -8.5726   -8.5607   -8.5603   -8.5581   -8.5422   -8.5419   -8.5395   -8.4891   -8.4880   -8.4852   -8.4025   -8.3164   -8.3054   -5.7166   -5.1713   -5.0575   -3.0245   -2.8391   -1.6136   -1.2940   -1.2529   -1.1227   -1.0536   -1.0361   -0.8540   -0.7388   -0.5300   -0.4981   -0.4453   -0.3155   -0.2099    2.5829    3.5523    3.6881    6.2287    6.3161    7.2503    7.6350    8.3646    8.4593    8.9221    9.0000    9.0660    9.1191    9.1701    9.2393    9.3123    9.4517    9.4759    9.4930    9.5430    9.5551   10.3950   10.4017   10.4592   11.0924
  6.6462  -14.8916  -14.7705  -14.7603  -14.0998  -14.0855  -13.9011   -8.5749   -8.5738   -8.5708   -8.5605   -8.5601   -8.5578   -8.5442   -8.5439   -8.5415   -8.4889   -8.4877   -8.4849   -8.4074   -8.3187   -8.3131   -5.7426   -5.1616   -5.1037   -2.9846   -2.8897   -1.6042   -1.2480   -1.2263   -1.0788   -1.0352   -0.9898   -0.8075   -0.7137   -0.5289   -0.4419   -0.4164   -0.2676   -0.2153    2.5334    3.5854    3.6566    6.2333    6.2857    7.3426    7.6321    8.5747    8.6365    8.9034    8.9288    8.9489    9.0424    9.1377    9.2186    9.2975    9.4154    9.4212    9.4555    9.5123    9.5242   10.3719   10.4022   10.4503   11.8185
  6.6999  -14.8934  -14.7675  -14.7661  -14.0949  -14.0932  -13.9017   -8.5743   -8.5732   -8.5702   -8.5604   -8.5600   -8.5578   -8.5449   -8.5446   -8.5422   -8.4888   -8.4876   -8.4848   -8.4090   -8.3183   -8.3169   -5.7513   -5.1401   -5.1374   -2.9400   -2.9380   -1.6011   -1.2285   -1.2210   -1.0532   -1.0457   -0.9682   -0.7902   -0.7062   -0.5291   -0.4165   -0.4128   -0.2363   -0.2324    2.5163    3.6206    3.6213    6.2525    6.2567    7.3757    7.6284    8.7548    8.7573    8.8390    8.8456    8.9169    8.9233    9.1418    9.2114    9.2951    9.3968    9.4327    9.4356    9.5059    9.5086   10.3725   10.3756   10.4451   12.1165
  6.6999  -14.8934  -14.7675  -14.7661  -14.0949  -14.0932  -13.9017   -8.5743   -8.5732   -8.5702   -8.5604   -8.5600   -8.5578   -8.5449   -8.5446   -8.5422   -8.4888   -8.4876   -8.4848   -8.4090   -8.3183   -8.3169   -5.7513   -5.1401   -5.1374   -2.9400   -2.9380   -1.6011   -1.2285   -1.2210   -1.0532   -1.0457   -0.9682   -0.7902   -0.7062   -0.5291   -0.4165   -0.4128   -0.2363   -0.2324    2.5163    3.6206    3.6213    6.2525    6.2567    7.3757    7.6284    8.7548    8.7573    8.8390    8.8456    8.9169    8.9233    9.1418    9.2114    9.2950    9.3968    9.4327    9.4356    9.5060    9.5086   10.3725   10.3756   10.4452   12.1498
  6.7529  -14.8917  -14.7661  -14.7647  -14.0935  -14.0919  -13.9009   -8.5749   -8.5738   -8.5708   -8.5605   -8.5601   -8.5578   -8.5442   -8.5439   -8.5415   -8.4889   -8.4877   -8.4849   -8.4075   -8.3166   -8.3151   -5.7431   -5.1341   -5.1314   -2.9384   -2.9364   -1.6028   -1.2524   -1.2207   -1.0744   -1.0414   -0.9923   -0.8037   -0.7110   -0.5330   -0.4490   -0.4107   -0.2602   -0.2207    2.5321    3.6199    3.6230    6.2570    6.2614    7.3450    7.6307    8.5621    8.6489    8.9011    8.9303    8.9588    9.0346    9.1369    9.2178    9.2991    9.4139    9.4255    9.4491    9.5058    9.5329   10.3765   10.3975   10.4509   11.7541
  6.8059  -14.8867  -14.7620  -14.7606  -14.0896  -14.0879  -13.8985   -8.5767   -8.5756   -8.5725   -8.5607   -8.5603   -8.5581   -8.5422   -8.5419   -8.5395   -8.4891   -8.4880   -8.4852   -8.4029   -8.3114   -8.3100   -5.7184   -5.1162   -5.1134   -2.9340   -2.9317   -1.6086   -1.3020   -1.2403   -1.1151   -1.0621   -1.0506   -0.8399   -0.7293   -0.5449   -0.5143   -0.4347   -0.2987   -0.2187    2.5779    3.6188    3.6255    6.2675    6.2760    7.2526    7.6378    8.3422    8.4768    8.9180    9.0060    9.0911    9.1141    9.1547    9.2395    9.3151    9.4515    9.4685    9.4811    9.5303    9.5769   10.4018   10.4037   10.4621   11.1889
  6.8589  -14.8784  -14.7552  -14.7538  -14.0831  -14.0814  -13.8945   -8.5798   -8.5787   -8.5755   -8.5612   -8.5608   -8.5586   -8.5392   -8.5388   -8.5363   -8.4893   -8.4881   -8.4854   -8.3952   -8.3029   -8.3015   -5.6772   -5.0862   -5.0837   -2.9288   -2.9229   -1.6198   -1.3717   -1.2811   -1.1715   -1.1705   -1.0758   -0.8926   -0.7652   -0.6093   -0.5653   -0.4838   -0.3490   -0.2277    2.6498    3.6147    3.6268    6.2713    6.3061    7.0986    7.6509    8.1147    8.3180    8.9533    9.0659    9.1079    9.1386    9.1652    9.2754    9.3492    9.5463    9.5613    9.5616    9.5962    9.6274   10.3020   10.4343   10.4534   11.0498
  6.9119  -14.8670  -14.7460  -14.7445  -14.0741  -14.0724  -13.8891   -8.5842   -8.5830   -8.5798   -8.5620   -8.5617   -8.5595   -8.5355   -8.5350   -8.5325   -8.4889   -8.4878   -8.4851   -8.3844   -8.2910   -8.2896   -5.6196   -5.0445   -5.0421   -2.9247   -2.9096   -1.6408   -1.4572   -1.3408   -1.3064   -1.2415   -1.1157   -0.9584   -0.8182   -0.7304   -0.5944   -0.5557   -0.4088   -0.2471    2.7421    3.6038    3.6240    6.2601    6.3484    6.8862    7.6725    7.8863    8.1797    8.9906    8.9925    9.0872    9.0892    9.2344    9.3197    9.3965    9.6344    9.6470    9.6865    9.7138    9.7192   10.1359   10.4332   10.4734   11.1697
  6.9648  -14.8527  -14.7346  -14.7330  -14.0630  -14.0611  -13.8825   -8.5899   -8.5886   -8.5854   -8.5635   -8.5631   -8.5609   -8.5320   -8.5314   -8.5288   -8.4873   -8.4863   -8.4837   -8.3704   -8.2760   -8.2746   -5.5457   -4.9916   -4.9888   -2.9239   -2.8925   -1.6850   -1.5529   -1.4493   -1.4165   -1.3228   -1.1684   -1.0345   -0.8854   -0.8732   -0.6480   -0.6322   -0.4750   -0.2762    2.8486    3.5810    3.6141    6.2254    6.3950    6.6235    7.6652    7.7051    8.0627    8.8836    8.9527    8.9545    9.0277    9.3586    9.3668    9.4395    9.6356    9.7497    9.8155    9.8353    9.8467   10.0525   10.4051   10.5084   11.4260
  7.0178  -14.8360  -14.7214  -14.7194  -14.0500  -14.0477  -13.8749   -8.5967   -8.5955   -8.5921   -8.5656   -8.5652   -8.5630   -8.5296   -8.5288   -8.5260   -8.4836   -8.4828   -8.4803   -8.3535   -8.2581   -8.2567   -5.4557   -4.9279   -4.9237   -2.9290   -2.8722   -1.7875   -1.6520   -1.5585   -1.5053   -1.4123   -1.2316   -1.1185   -1.0324   -0.9622   -0.7566   -0.6779   -0.5456   -0.3137    2.9628    3.5408    3.5948    6.1631    6.3223    6.4293    7.4660    7.7508    7.9579    8.7435    8.7704    8.7870    9.0322    9.3663    9.4073    9.4575    9.6875    9.8197    9.8982    9.9274    9.9958   10.1540   10.4320   10.5578   11.6761
  7.0708  -14.8170  -14.7067  -14.7043  -14.0354  -14.0324  -13.8665   -8.6047   -8.6034   -8.5999   -8.5684   -8.5680   -8.5658   -8.5288   -8.5278   -8.5248   -8.4776   -8.4769   -8.4745   -8.3338   -8.2379   -8.2364   -5.3497   -4.8539   -4.8477   -2.9432   -2.8497   -1.9560   -1.7476   -1.6219   -1.6042   -1.5066   -1.3028   -1.2078   -1.2024   -1.0434   -0.8771   -0.7301   -0.6191   -0.3581    3.0780    3.4773    3.5642    5.9966    6.0762    6.4196    7.3146    7.8107    7.8435    8.5576    8.5759    8.6354    9.0099    9.2288    9.3982    9.4704    9.8197    9.8552    9.9581   10.0735   10.1583   10.3316   10.4712   10.6527   11.9475
  7.1238  -14.7963  -14.6911  -14.6878  -14.0196  -14.0155  -13.8577   -8.6136   -8.6122   -8.6086   -8.5717   -8.5713   -8.5692   -8.5297   -8.5285   -8.5252   -8.4693   -8.4687   -8.4664   -8.3117   -8.2159   -8.2141   -5.2283   -4.7701   -4.7618   -2.9693   -2.8267   -2.1536   -1.8327   -1.7100   -1.6725   -1.6029   -1.3792   -1.3772   -1.2998   -1.1237   -1.0049   -0.7871   -0.6943   -0.4076    3.1862    3.3856    3.5215    5.6624    5.9748    6.3312    7.2361    7.6966    7.8842    8.3422    8.3917    8.5469    8.9609    9.0485    9.3177    9.4988    9.8489    9.9544   10.0735   10.2678   10.3185   10.5393   10.5587   10.7964   12.1285
  7.1768  -14.7743  -14.6749  -14.6705  -14.0029  -13.9973  -13.8488   -8.6232   -8.6217   -8.6180   -8.5757   -8.5752   -8.5730   -8.5317   -8.5303   -8.5269   -8.4594   -8.4589   -8.4567   -8.2878   -8.1928   -8.1905   -5.0921   -4.6770   -4.6678   -3.0081   -2.8054   -2.3601   -1.9026   -1.8192   -1.7275   -1.6988   -1.5501   -1.4581   -1.3920   -1.1983   -1.1354   -0.8471   -0.7697   -0.4604    3.2631    3.2769    3.4668    5.3378    5.8725    6.1637    7.2129    7.5175    7.9609    8.1601    8.2104    8.5279    8.8600    8.8912    9.2021    9.5223    9.9023    9.9651   10.2891   10.4693   10.4769   10.6715   10.7576   10.9182   11.9338
  7.2298  -14.7515  -14.6588  -14.6529  -13.9860  -13.9782  -13.8402   -8.6332   -8.6317   -8.6279   -8.5799   -8.5795   -8.5773   -8.5344   -8.5329   -8.5293   -8.4486   -8.4482   -8.4460   -8.2623   -8.1693   -8.1662   -4.9420   -4.5758   -4.5678   -3.0578   -2.7895   -2.5669   -1.9561   -1.9299   -1.7922   -1.7913   -1.7130   -1.5371   -1.4823   -1.2649   -1.2639   -0.9082   -0.8437   -0.5145    3.1106    3.3336    3.4010    5.0468    5.7814    5.9494    7.1853    7.3236    7.9310    8.0520    8.1482    8.5583    8.6766    8.8084    9.0716    9.5376    9.9720    9.9804   10.5079   10.6292   10.6661   10.7862   10.9840   11.1619   11.9516
  7.2828  -14.7284  -14.6433  -14.6353  -13.9690  -13.9585  -13.8321   -8.6435   -8.6419   -8.6380   -8.5844   -8.5839   -8.5817   -8.5374   -8.5359   -8.5321   -8.4375   -8.4371   -8.4349   -8.2360   -8.1463   -8.1420   -4.7793   -4.4674   -4.4651   -3.1131   -2.7841   -2.7686   -2.0406   -1.9960   -1.8820   -1.8637   -1.8559   -1.6137   -1.5686   -1.3867   -1.3220   -0.9682   -0.9148   -0.5681    2.9340    3.3257    3.3321    4.8210    5.7088    5.7176    7.1090    7.1298    7.7527    8.0420    8.2507    8.5048    8.6178    8.7198    8.9385    9.5438   10.0019   10.0501   10.7194   10.7722   10.8471   10.9011   11.2079   11.3449   11.9635
  7.3358  -14.7055  -14.6288  -14.6184  -13.9527  -13.9387  -13.8251   -8.6537   -8.6519   -8.6480   -8.5888   -8.5884   -8.5862   -8.5405   -8.5390   -8.5350   -8.4265   -8.4261   -8.4239   -8.2093   -8.1246   -8.1186   -4.6057   -4.3639   -4.3530   -3.1665   -2.9612   -2.7968   -2.1470   -2.0289   -1.9777   -1.9603   -1.9411   -1.6860   -1.6490   -1.4973   -1.3726   -1.0254   -0.9816   -0.6195    2.7432    3.2438    3.2488    4.6900    5.4859    5.6578    6.9440    6.9920    7.5576    8.1095    8.3483    8.3883    8.6306    8.6943    8.8107    9.5405   10.0300   10.1255   10.9014   10.9173   11.0028   11.0039   11.3355   11.5573   11.9546
  7.3888  -14.6835  -14.6159  -14.6025  -13.9373  -13.9192  -13.8194   -8.6634   -8.6615   -8.6575   -8.5931   -8.5927   -8.5905   -8.5436   -8.5420   -8.5378   -8.4161   -8.4157   -8.4135   -8.1828   -8.1050   -8.0967   -4.4237   -4.2687   -4.2343   -3.2107   -3.1415   -2.8361   -2.2383   -2.0672   -2.0630   -2.0363   -2.0200   -1.7519   -1.7219   -1.5896   -1.4190   -1.0781   -1.0425   -0.6671    2.5509    3.0866    3.1587    4.6577    5.2675    5.6241    6.7725    6.8625    7.3650    8.2092    8.2168    8.5424    8.5476    8.6932    8.7780    9.5278   10.0628   10.1836   11.0147   11.0951   11.0986   11.1314   11.3130   11.7874   11.9343
  7.4417  -14.6628  -14.6051  -14.5882  -13.9233  -13.9003  -13.8154   -8.6724   -8.6702   -8.6664   -8.5971   -8.5967   -8.5945   -8.5463   -8.5447   -8.5405   -8.4066   -8.4062   -8.4040   -8.1574   -8.0884   -8.0769   -4.2364   -4.1843   -4.1126   -3.3074   -3.2401   -2.9068   -2.3035   -2.1344   -2.1081   -2.1020   -2.0965   -1.8101   -1.7861   -1.6573   -1.4636   -1.1249   -1.0966   -0.7097    2.3707    2.8775    3.0743    4.6983    5.0708    5.6009    6.6211    6.7403    7.1795    8.0900    8.3352    8.4732    8.5872    8.7108    8.8651    9.5058   10.0987   10.2043   11.1102   11.1684   11.2258   11.2460   11.2462   11.8678   11.9666
  7.4947  -14.6439  -14.5968  -14.5759  -13.9113  -13.8826  -13.8134   -8.6803   -8.6777   -8.6742   -8.6006   -8.6001   -8.5979   -8.5488   -8.5471   -8.5428   -8.3984   -8.3980   -8.3958   -8.1336   -8.0753   -8.0598   -4.1131   -4.0481   -3.9893   -3.4560   -3.2554   -3.0042   -2.3415   -2.1851   -2.1676   -2.1652   -2.1572   -1.8591   -1.8403   -1.6977   -1.5077   -1.1644   -1.1426   -0.7460    2.2159    2.6564    2.9955    4.7829    4.9023    5.5770    6.4988    6.6350    7.0044    7.9909    8.4106    8.4490    8.4984    8.8864    8.9523    9.4748   10.1352   10.1700   11.1883   11.1925   11.2379   11.2967   11.3784   11.8217   12.1707
  7.5477  -14.6274  -14.5913  -14.5659  -13.9014  -13.8663  -13.8136   -8.6868   -8.6839   -8.6806   -8.6034   -8.6030   -8.6008   -8.5508   -8.5491   -8.5446   -8.3917   -8.3913   -8.3891   -8.1122   -8.0665   -8.0459   -4.0531   -3.8664   -3.8648   -3.5853   -3.2643   -3.1180   -2.3588   -2.2305   -2.2287   -2.2234   -2.2010   -1.8979   -1.8838   -1.7142   -1.5518   -1.1957   -1.1797   -0.7752    2.0982    2.4484    2.9273    4.7665    4.8922    5.5382    6.4174    6.5510    6.8425    7.9131    8.3620    8.4257    8.5470    9.0373    9.0682    9.4355   10.0799   10.1697   11.2203   11.2509   11.2971   11.3388   11.4783   11.7672   12.1717
  7.6007  -14.6135  -14.5889  -14.5585  -13.8942  -13.8519  -13.8162   -8.6917   -8.6885   -8.6854   -8.6055   -8.6051   -8.6029   -8.5522   -8.5505   -8.5460   -8.3867   -8.3863   -8.3842   -8.0938   -8.0624   -8.0357   -3.9988   -3.7423   -3.7307   -3.6597   -3.2822   -3.2390   -2.3625   -2.2859   -2.2822   -2.2527   -2.2328   -1.9259   -1.9156   -1.7123   -1.5950   -1.2180   -1.2074   -0.7966    2.0269    2.2699    2.8747    4.6673    5.0143    5.4731    6.3870    6.4902    6.6971    7.8572    8.3290    8.3705    8.6217    9.1184    9.2505    9.3904    9.9495   10.1978   11.2824   11.2986   11.3618   11.3701   11.5499   11.7081   12.2166
  7.6537  -14.6029  -14.5896  -14.5540  -13.8898  -13.8395  -13.8213   -8.6946   -8.6913   -8.6883   -8.6068   -8.6064   -8.6042   -8.5531   -8.5514   -8.5469   -8.3837   -8.3833   -8.3812   -8.0792   -8.0631   -8.0295   -3.9429   -3.8022   -3.6207   -3.5302   -3.3609   -3.3268   -2.3594   -2.3238   -2.3188   -2.2732   -2.2520   -1.9425   -1.9353   -1.6966   -1.6352   -1.2307   -1.2251   -0.8096    2.0079    2.1324    2.8413    4.6067    5.1414    5.3800    6.4082    6.4535    6.5723    7.8235    8.3127    8.3332    8.6684    9.1943    9.3235    9.4463    9.7937   10.2157   11.3329   11.3655   11.3764   11.5444   11.5929   11.6447   12.1880
  7.7067  -14.5972  -14.5919  -14.5525  -13.8883  -13.8312  -13.8272   -8.6957   -8.6922   -8.6893   -8.6072   -8.6069   -8.6046   -8.5534   -8.5517   -8.5471   -8.3827   -8.3823   -8.3801   -8.0699   -8.0677   -8.0274   -3.8816   -3.8759   -3.5279   -3.4539   -3.4115   -3.4080   -2.3568   -2.3349   -2.3342   -2.2812   -2.2584   -1.9479   -1.9420   -1.6707   -1.6693   -1.2341   -1.2319   -0.8140    2.0423    2.0446    2.8299    4.5864    5.2657    5.2665    6.4410    6.4703    6.4765    7.8122    8.3138    8.3142    8.6843    9.2637    9.2640    9.6210    9.6250   10.2221   11.3502   11.3621   11.4681   11.4770   11.6070   11.6424   12.1867
