#K-Path     Band-1    Band-2    Band-3    Band-4      ...     Band-n
  0.0000  -33.3302  -33.3203  -33.3093  -33.3089  -33.2979  -33.2975  -33.1545  -33.1543  -33.1292  -33.1288  -33.1206  -33.0980  -15.5936  -15.5724  -15.5713  -15.5445  -15.5236  -15.5214  -15.4865  -15.4859  -15.4660  -15.4644  -15.4636  -15.4629  -15.4503  -15.4499  -15.4304  -15.4298  -15.4267  -15.4261  -15.3413  -15.3364  -15.3184  -15.3165  -15.3154  -15.3136  -15.3085  -15.2874  -15.2862  -15.2813  -15.2772  -15.2494  -15.2365  -15.2359  -15.2356  -15.2351  -15.2062  -15.2060  -10.5188  -10.4829  -10.4699   -9.3942   -9.3782   -9.3109   -8.5722   -8.5718   -8.5505   -8.5503   -8.5502   -8.5501   -8.5157   -8.5157   -8.4949   -8.4949   -8.4946   -8.4946   -7.9729   -7.9379   -7.9264   -3.5195   -3.4106   -3.3974   -1.5373   -1.5221   -1.2133   -1.0448   -1.0432   -1.0145   -1.0143   -1.0045   -1.0033   -0.3534   -0.3504   -0.3358   -0.3353   -0.3023   -0.3017    1.4332    2.0686    2.0692    3.1091    3.1188    3.7369    3.7416    3.7613    3.7631    3.7633    3.7709    3.8924    4.0840    4.4813    4.4927    4.9963    5.0009    5.0150    5.0217    5.0249    5.0296    5.2173    5.2221    5.5231    6.0529
  0.0587  -33.3301  -33.3203  -33.3092  -33.3088  -33.2979  -33.2975  -33.1544  -33.1542  -33.1293  -33.1289  -33.1205  -33.0981  -15.5938  -15.5726  -15.5715  -15.5455  -15.5246  -15.5222  -15.4870  -15.4865  -15.4666  -15.4655  -15.4635  -15.4631  -15.4511  -15.4506  -15.4310  -15.4302  -15.4278  -15.4265  -15.3404  -15.3361  -15.3201  -15.3189  -15.3172  -15.3147  -15.3073  -15.2909  -15.2863  -15.2769  -15.2734  -15.2462  -15.2363  -15.2360  -15.2354  -15.2347  -15.2063  -15.2056  -10.5166  -10.4811  -10.4682   -9.3918   -9.3758   -9.3093   -8.5722   -8.5718   -8.5504   -8.5504   -8.5502   -8.5501   -8.5158   -8.5157   -8.4949   -8.4949   -8.4947   -8.4946   -7.9711   -7.9362   -7.9248   -3.5160   -3.4083   -3.3951   -1.5359   -1.5208   -1.2123   -1.0690   -1.0424   -1.0342   -1.0224   -1.0127   -1.0024   -0.3660   -0.3511   -0.3494   -0.3335   -0.3144   -0.3009    1.4776    2.1047    2.1053    3.1196    3.1293    3.6115    3.7236    3.7308    3.7445    3.7828    3.7882    3.9217    4.2249    4.4301    4.4423    4.9459    5.0029    5.0218    5.0392    5.0538    5.0763    5.2153    5.2190    5.5098    5.9321
  0.1174  -33.3299  -33.3203  -33.3090  -33.3086  -33.2979  -33.2975  -33.1542  -33.1540  -33.1297  -33.1292  -33.1203  -33.0985  -15.5944  -15.5732  -15.5720  -15.5481  -15.5273  -15.5247  -15.4888  -15.4879  -15.4686  -15.4676  -15.4644  -15.4642  -15.4536  -15.4521  -15.4331  -15.4314  -15.4307  -15.4275  -15.3391  -15.3351  -15.3274  -15.3240  -15.3167  -15.3139  -15.3059  -15.2975  -15.2857  -15.2681  -15.2661  -15.2394  -15.2366  -15.2351  -15.2342  -15.2334  -15.2064  -15.2043  -10.5105  -10.4759  -10.4632   -9.3847   -9.3687   -9.3044   -8.5723   -8.5719   -8.5506   -8.5504   -8.5503   -8.5500   -8.5159   -8.5157   -8.4951   -8.4949   -8.4948   -8.4946   -7.9655   -7.9315   -7.9201   -3.5055   -3.4014   -3.3883   -1.5326   -1.5179   -1.2094   -1.1396   -1.0876   -1.0736   -1.0368   -1.0080   -0.9975   -0.4075   -0.3887   -0.3502   -0.3466   -0.3275   -0.2972    1.6030    2.2065    2.2080    3.1330    3.1454    3.3937    3.6873    3.7206    3.7339    3.7948    3.8136    4.0031    4.3103    4.3230    4.4452    4.8272    5.0200    5.0608    5.1048    5.1103    5.1363    5.2070    5.2340    5.4670    5.8030
  0.1761  -33.3295  -33.3204  -33.3087  -33.3083  -33.2980  -33.2975  -33.1539  -33.1537  -33.1302  -33.1298  -33.1199  -33.0991  -15.5952  -15.5741  -15.5729  -15.5522  -15.5314  -15.5285  -15.4919  -15.4903  -15.4720  -15.4699  -15.4671  -15.4664  -15.4572  -15.4542  -15.4367  -15.4353  -15.4327  -15.4288  -15.3423  -15.3359  -15.3304  -15.3264  -15.3156  -15.3125  -15.3075  -15.3010  -15.2846  -15.2601  -15.2583  -15.2364  -15.2353  -15.2323  -15.2313  -15.2299  -15.2057  -15.2023  -10.5008  -10.4678  -10.4553   -9.3736   -9.3575   -9.2968   -8.5725   -8.5717   -8.5509   -8.5507   -8.5501   -8.5498   -8.5162   -8.5156   -8.4954   -8.4951   -8.4948   -8.4945   -7.9567   -7.9240   -7.9128   -3.4887   -3.3905   -3.3772   -1.5318   -1.5146   -1.2407   -1.2053   -1.1633   -1.1431   -1.0280   -1.0004   -0.9898   -0.4700   -0.4461   -0.4040   -0.3395   -0.3181   -0.2915    1.7897    2.3561    2.3614    3.1048    3.1374    3.1810    3.6453    3.7205    3.7749    3.7942    3.8695    4.1093    4.1725    4.1875    4.5534    4.8215    5.0574    5.1254    5.1271    5.1404    5.1890    5.2121    5.2888    5.3569    5.8732
  0.2348  -33.3290  -33.3204  -33.3082  -33.3079  -33.2980  -33.2975  -33.1534  -33.1533  -33.1309  -33.1305  -33.1193  -33.0998  -15.5964  -15.5753  -15.5741  -15.5573  -15.5366  -15.5333  -15.4958  -15.4942  -15.4761  -15.4739  -15.4706  -15.4697  -15.4616  -15.4566  -15.4411  -15.4398  -15.4351  -15.4303  -15.3482  -15.3404  -15.3279  -15.3250  -15.3142  -15.3127  -15.3107  -15.2998  -15.2834  -15.2546  -15.2524  -15.2337  -15.2319  -15.2298  -15.2286  -15.2240  -15.2031  -15.1998  -10.4886  -10.4574  -10.4454   -9.3592   -9.3430   -9.2871   -8.5729   -8.5715   -8.5513   -8.5511   -8.5499   -8.5496   -8.5165   -8.5155   -8.4957   -8.4955   -8.4947   -8.4945   -7.9453   -7.9142   -7.9033   -3.4666   -3.3764   -3.3623   -1.5440   -1.5133   -1.3550   -1.2474   -1.2115   -1.1997   -1.0167   -0.9907   -0.9800   -0.5456   -0.5127   -0.4691   -0.3301   -0.3063   -0.2842    2.0138    2.5269    2.5397    2.9802    3.0344    3.0948    3.6023    3.7048    3.7828    3.8422    3.9268    4.0895    4.1151    4.1586    4.5543    4.9915    5.0855    5.1032    5.1178    5.1966    5.2119    5.2199    5.3013    5.3547    5.7068
  0.2935  -33.3284  -33.3206  -33.3077  -33.3074  -33.2980  -33.2976  -33.1529  -33.1528  -33.1318  -33.1314  -33.1186  -33.1008  -15.5978  -15.5770  -15.5753  -15.5629  -15.5423  -15.5388  -15.5003  -15.4997  -15.4812  -15.4801  -15.4742  -15.4737  -15.4659  -15.4591  -15.4461  -15.4434  -15.4380  -15.4318  -15.3526  -15.3446  -15.3259  -15.3227  -15.3170  -15.3127  -15.3087  -15.2983  -15.2819  -15.2515  -15.2488  -15.2286  -15.2272  -15.2269  -15.2257  -15.2201  -15.1986  -15.1970  -10.4748  -10.4457  -10.4342   -9.3427   -9.3262   -9.2763   -8.5733   -8.5713   -8.5517   -8.5515   -8.5496   -8.5493   -8.5170   -8.5154   -8.4961   -8.4959   -8.4946   -8.4944   -7.9319   -7.9030   -7.8924   -3.4407   -3.3604   -3.3440   -1.5798   -1.5251   -1.4686   -1.3187   -1.2558   -1.1976   -1.0037   -0.9795   -0.9690   -0.6265   -0.5804   -0.5383   -0.3189   -0.2931   -0.2759    2.2477    2.6630    2.7072    2.8151    2.9768    3.0227    3.5609    3.6881    3.7425    3.7635    3.9024    4.0850    4.1801    4.2344    4.6354    5.0134    5.0237    5.0360    5.1876    5.1943    5.1989    5.3163    5.3382    5.4290    5.6791
  0.3523  -33.3277  -33.3208  -33.3071  -33.3068  -33.2981  -33.2976  -33.1523  -33.1521  -33.1328  -33.1324  -33.1178  -33.1019  -15.5994  -15.5792  -15.5764  -15.5682  -15.5480  -15.5444  -15.5071  -15.5045  -15.4896  -15.4844  -15.4784  -15.4781  -15.4694  -15.4615  -15.4504  -15.4464  -15.4411  -15.4332  -15.3550  -15.3478  -15.3249  -15.3221  -15.3186  -15.3114  -15.3067  -15.2976  -15.2805  -15.2490  -15.2462  -15.2243  -15.2229  -15.2226  -15.2218  -15.2171  -15.1942  -15.1932  -10.4606  -10.4336  -10.4229   -9.3253   -9.3085   -9.2652   -8.5739   -8.5710   -8.5523   -8.5521   -8.5493   -8.5491   -8.5174   -8.5154   -8.4966   -8.4963   -8.4945   -8.4943   -7.9178   -7.8912   -7.8811   -3.4126   -3.3440   -3.3235   -1.6379   -1.5764   -1.5628   -1.3536   -1.2722   -1.1976   -0.9903   -0.9676   -0.9576   -0.7061   -0.6430   -0.6050   -0.3069   -0.2798   -0.2671    2.4373    2.6583    2.7138    2.8188    2.9438    3.0493    3.5231    3.5899    3.6721    3.7395    3.8969    3.9843    4.2654    4.4467    4.5925    4.9298    4.9810    5.0151    5.1854    5.2686    5.2956    5.3488    5.4195    5.5678    5.7700
  0.4110  -33.3270  -33.3210  -33.3065  -33.3062  -33.2982  -33.2977  -33.1516  -33.1515  -33.1338  -33.1334  -33.1169  -33.1031  -15.6014  -15.5816  -15.5775  -15.5729  -15.5530  -15.5495  -15.5150  -15.5086  -15.4982  -15.4881  -15.4836  -15.4825  -15.4718  -15.4635  -15.4538  -15.4487  -15.4442  -15.4346  -15.3560  -15.3503  -15.3257  -15.3223  -15.3182  -15.3101  -15.3048  -15.2974  -15.2792  -15.2461  -15.2438  -15.2216  -15.2200  -15.2180  -15.2169  -15.2141  -15.1915  -15.1884  -10.4473  -10.4220  -10.4122   -9.3086   -9.2910   -9.2551   -8.5744   -8.5707   -8.5528   -8.5526   -8.5491   -8.5488   -8.5178   -8.5153   -8.4970   -8.4968   -8.4944   -8.4942   -7.9039   -7.8798   -7.8701   -3.3844   -3.3285   -3.3021   -1.7046   -1.6626   -1.6291   -1.3541   -1.2684   -1.2019   -0.9774   -0.9559   -0.9468   -0.7794   -0.6960   -0.6640   -0.2950   -0.2680   -0.2581    2.4497    2.5692    2.7857    2.8324    2.8936    3.1910    3.4505    3.4911    3.6577    3.7141    3.9129    3.9580    4.3036    4.4215    4.5805    4.8225    4.9979    5.0613    5.1862    5.2153    5.4096    5.5243    5.5300    5.7072    5.7461
  0.4697  -33.3263  -33.3213  -33.3060  -33.3057  -33.2983  -33.2978  -33.1509  -33.1508  -33.1347  -33.1343  -33.1160  -33.1043  -15.6036  -15.5837  -15.5790  -15.5767  -15.5568  -15.5537  -15.5230  -15.5122  -15.5049  -15.4911  -15.4895  -15.4863  -15.4733  -15.4653  -15.4563  -15.4504  -15.4469  -15.4357  -15.3564  -15.3521  -15.3272  -15.3218  -15.3181  -15.3092  -15.3031  -15.2975  -15.2781  -15.2432  -15.2415  -15.2193  -15.2176  -15.2146  -15.2128  -15.2112  -15.1892  -15.1844  -10.4357  -10.4120  -10.4031   -9.2938   -9.2750   -9.2469   -8.5749   -8.5705   -8.5533   -8.5531   -8.5488   -8.5486   -8.5182   -8.5152   -8.4974   -8.4972   -8.4944   -8.4941   -7.8915   -7.8697   -7.8606   -3.3583   -3.3154   -3.2821   -1.7665   -1.7315   -1.6947   -1.3388   -1.2551   -1.2113   -0.9661   -0.9453   -0.9377   -0.8425   -0.7370   -0.7119   -0.2841   -0.2592   -0.2490    2.3797    2.4726    2.7845    2.8583    2.9183    3.2670    3.4007    3.4646    3.6463    3.6902    3.9106    4.0336    4.2373    4.3171    4.5682    4.7227    4.9938    5.0377    5.2339    5.2876    5.5180    5.5277    5.6261    5.8629    5.9654
  0.5284  -33.3257  -33.3215  -33.3056  -33.3053  -33.2984  -33.2979  -33.1504  -33.1503  -33.1355  -33.1351  -33.1151  -33.1054  -15.6056  -15.5859  -15.5810  -15.5784  -15.5591  -15.5569  -15.5305  -15.5149  -15.5085  -15.4954  -15.4932  -15.4894  -15.4742  -15.4665  -15.4580  -15.4516  -15.4489  -15.4366  -15.3566  -15.3533  -15.3284  -15.3212  -15.3184  -15.3085  -15.3019  -15.2975  -15.2772  -15.2406  -15.2395  -15.2176  -15.2158  -15.2121  -15.2100  -15.2087  -15.1875  -15.1816  -10.4268  -10.4041  -10.3962   -9.2823   -9.2615   -9.2414   -8.5753   -8.5703   -8.5537   -8.5535   -8.5487   -8.5484   -8.5186   -8.5151   -8.4977   -8.4975   -8.4943   -8.4941   -7.8816   -7.8617   -7.8532   -3.3365   -3.3060   -3.2657   -1.8151   -1.7795   -1.7491   -1.3175   -1.2403   -1.2249   -0.9574   -0.9366   -0.9310   -0.8921   -0.7652   -0.7468   -0.2751   -0.2537   -0.2411    2.3235    2.3906    2.7454    2.8137    3.0014    3.1958    3.4452    3.5132    3.6389    3.6700    3.9809    4.0654    4.0720    4.3481    4.4897    4.6377    4.9174    4.9711    5.3436    5.4053    5.4560    5.6369    5.6977    5.9300    6.1360
  0.5871  -33.3253  -33.3218  -33.3053  -33.3050  -33.2985  -33.2980  -33.1500  -33.1499  -33.1361  -33.1357  -33.1144  -33.1063  -15.6069  -15.5881  -15.5820  -15.5788  -15.5602  -15.5588  -15.5360  -15.5166  -15.5090  -15.5007  -15.4944  -15.4915  -15.4746  -15.4673  -15.4591  -15.4524  -15.4502  -15.4372  -15.3566  -15.3541  -15.3290  -15.3208  -15.3188  -15.3080  -15.3011  -15.2976  -15.2767  -15.2389  -15.2381  -15.2165  -15.2147  -15.2105  -15.2085  -15.2071  -15.1864  -15.1799  -10.4212  -10.3991  -10.3919   -9.2749   -9.2519   -9.2391   -8.5755   -8.5702   -8.5540   -8.5538   -8.5485   -8.5483   -8.5188   -8.5151   -8.4979   -8.4977   -8.4943   -8.4940   -7.8753   -7.8567   -7.8485   -3.3213   -3.3010   -3.2548   -1.8458   -1.8058   -1.7865   -1.2944   -1.2474   -1.2239   -0.9519   -0.9306   -0.9272   -0.9245   -0.7810   -0.7683   -0.2692   -0.2507   -0.2358    2.2949    2.3317    2.7264    2.7729    3.0461    3.1282    3.4334    3.6350    3.6427    3.6556    3.9129    4.0663    4.1080    4.3809    4.3945    4.5722    4.8656    4.9025    5.3879    5.4208    5.5617    5.7196    5.7512    5.8678    6.3117
  0.6458  -33.3251  -33.3219  -33.3052  -33.3049  -33.2985  -33.2980  -33.1498  -33.1497  -33.1363  -33.1359  -33.1141  -33.1066  -15.6074  -15.5891  -15.5822  -15.5788  -15.5606  -15.5595  -15.5380  -15.5172  -15.5083  -15.5034  -15.4948  -15.4922  -15.4748  -15.4675  -15.4594  -15.4527  -15.4506  -15.4374  -15.3567  -15.3544  -15.3292  -15.3205  -15.3190  -15.3079  -15.3008  -15.2975  -15.2765  -15.2384  -15.2376  -15.2161  -15.2143  -15.2099  -15.2080  -15.2065  -15.1861  -15.1794  -10.4193  -10.3974  -10.3905   -9.2724   -9.2480   -9.2389   -8.5756   -8.5702   -8.5541   -8.5539   -8.5485   -8.5482   -8.5188   -8.5151   -8.4980   -8.4978   -8.4942   -8.4940   -7.8731   -7.8550   -7.8469   -3.3154   -3.2999   -3.2510   -1.8563   -1.8127   -1.8010   -1.2761   -1.2639   -1.2193   -0.9500   -0.9360   -0.9282   -0.9262   -0.7859   -0.7757   -0.2670   -0.2498   -0.2339    2.2920    2.3048    2.7236    2.7544    3.0791    3.0833    3.4295    3.6357    3.6496    3.7691    3.7776    4.0631    4.2469    4.2499    4.4197    4.5423    4.8603    4.8627    5.3952    5.4105    5.6767    5.7504    5.7696    5.7903    6.4660
  0.6458  -33.3302  -33.3203  -33.3093  -33.3089  -33.2979  -33.2975  -33.1545  -33.1543  -33.1292  -33.1288  -33.1206  -33.0980  -15.5936  -15.5723  -15.5714  -15.5445  -15.5238  -15.5212  -15.4865  -15.4859  -15.4665  -15.4651  -15.4629  -15.4618  -15.4507  -15.4503  -15.4299  -15.4292  -15.4271  -15.4265  -15.3413  -15.3365  -15.3183  -15.3165  -15.3154  -15.3137  -15.3083  -15.2874  -15.2862  -15.2826  -15.2759  -15.2495  -15.2365  -15.2359  -15.2356  -15.2351  -15.2062  -15.2060  -10.5137  -10.4953  -10.4626   -9.4118   -9.3424   -9.3293   -8.5722   -8.5718   -8.5505   -8.5503   -8.5502   -8.5501   -8.5157   -8.5157   -8.4949   -8.4949   -8.4946   -8.4946   -7.9665   -7.9508   -7.9198   -3.4907   -3.4759   -3.3600   -1.6298   -1.3295   -1.3168   -1.0416   -1.0401   -1.0232   -1.0226   -0.9987   -0.9982   -0.3606   -0.3577   -0.3209   -0.3204   -0.3106   -0.3088    1.6163    1.6349    2.4247    2.8132    3.5331    3.5354    3.7376    3.7419    3.7567    3.7615    3.7673    3.7724    4.3381    4.3436    4.5457    4.9971    5.0026    5.0150    5.0199    5.0239    5.0295    5.0336    5.4400    5.4474    5.9962
  0.6760  -33.3302  -33.3203  -33.3093  -33.3089  -33.2979  -33.2975  -33.1545  -33.1543  -33.1292  -33.1288  -33.1206  -33.0980  -15.5936  -15.5723  -15.5714  -15.5445  -15.5238  -15.5212  -15.4865  -15.4859  -15.4664  -15.4651  -15.4630  -15.4619  -15.4506  -15.4502  -15.4300  -15.4293  -15.4270  -15.4264  -15.3413  -15.3365  -15.3183  -15.3165  -15.3155  -15.3136  -15.3083  -15.2874  -15.2862  -15.2824  -15.2761  -15.2495  -15.2365  -15.2359  -15.2356  -15.2351  -15.2062  -15.2060  -10.5147  -10.4935  -10.4633   -9.4102   -9.3493   -9.3240   -8.5722   -8.5718   -8.5505   -8.5503   -8.5502   -8.5501   -8.5157   -8.5157   -8.4949   -8.4949   -8.4946   -8.4946   -7.9678   -7.9489   -7.9205   -3.4999   -3.4638   -3.3631   -1.6231   -1.3745   -1.2780   -1.0421   -1.0406   -1.0220   -1.0215   -0.9993   -0.9987   -0.3598   -0.3569   -0.3233   -0.3232   -0.3085   -0.3072    1.5445    1.7228    2.3874    2.8462    3.4264    3.6424    3.7375    3.7419    3.7571    3.7617    3.7669    3.7722    4.2774    4.3918    4.5407    4.9970    5.0024    5.0150    5.0202    5.0241    5.0294    5.0487    5.4026    5.4755    5.9440
  0.7062  -33.3302  -33.3203  -33.3093  -33.3089  -33.2979  -33.2975  -33.1545  -33.1543  -33.1292  -33.1288  -33.1206  -33.0980  -15.5936  -15.5723  -15.5713  -15.5445  -15.5237  -15.5213  -15.4865  -15.4859  -15.4662  -15.4648  -15.4632  -15.4623  -15.4505  -15.4501  -15.4302  -15.4295  -15.4269  -15.4263  -15.3413  -15.3365  -15.3183  -15.3165  -15.3154  -15.3136  -15.3084  -15.2874  -15.2862  -15.2820  -15.2765  -15.2495  -15.2365  -15.2359  -15.2356  -15.2351  -15.2062  -15.2060  -10.5166  -10.4895  -10.4655   -9.4056   -9.3607   -9.3171   -8.5722   -8.5718   -8.5505   -8.5503   -8.5502   -8.5501   -8.5157   -8.5157   -8.4949   -8.4949   -8.4946   -8.4946   -7.9703   -7.9445   -7.9223   -3.5104   -3.4448   -3.3719   -1.6032   -1.4279   -1.2432   -1.0433   -1.0418   -1.0192   -1.0188   -1.0010   -1.0002   -0.3576   -0.3548   -0.3286   -0.3282   -0.3053   -0.3044    1.4839    1.8315    2.2988    2.9223    3.3202    3.7369    3.7414    3.7482    3.7587    3.7623    3.7660    3.7718    4.2033    4.4311    4.5272    4.9967    5.0017    5.0150    5.0208    5.0244    5.0295    5.0905    5.3510    5.5000    5.9465
  0.7363  -33.3302  -33.3203  -33.3093  -33.3089  -33.2979  -33.2975  -33.1545  -33.1543  -33.1292  -33.1288  -33.1206  -33.0980  -15.5936  -15.5724  -15.5713  -15.5445  -15.5237  -15.5214  -15.4865  -15.4859  -15.4660  -15.4645  -15.4635  -15.4627  -15.4504  -15.4500  -15.4304  -15.4297  -15.4267  -15.4261  -15.3413  -15.3364  -15.3183  -15.3165  -15.3154  -15.3136  -15.3085  -15.2874  -15.2862  -15.2815  -15.2770  -15.2494  -15.2365  -15.2359  -15.2356  -15.2351  -15.2062  -15.2060  -10.5182  -10.4851  -10.4683   -9.3990   -9.3719   -9.3125   -8.5722   -8.5718   -8.5505   -8.5503   -8.5502   -8.5501   -8.5157   -8.5157   -8.4949   -8.4949   -8.4946   -8.4946   -7.9722   -7.9401   -7.9249   -3.5172   -3.4249   -3.3853   -1.5719   -1.4804   -1.2211   -1.0444   -1.0428   -1.0160   -1.0159   -1.0032   -1.0022   -0.3549   -0.3520   -0.3335   -0.3330   -0.3031   -0.3024    1.4461    1.9484    2.1881    3.0150    3.2160    3.7370    3.7417    3.7600    3.7629    3.7644    3.7712    3.8434    4.1270    4.4615    4.5092    4.9965    5.0011    5.0150    5.0214    5.0248    5.0295    5.1507    5.2887    5.5173    5.9674
  0.7665  -33.3302  -33.3203  -33.3093  -33.3089  -33.2979  -33.2975  -33.1545  -33.1543  -33.1292  -33.1288  -33.1206  -33.0980  -15.5936  -15.5724  -15.5713  -15.5445  -15.5236  -15.5214  -15.4865  -15.4859  -15.4660  -15.4644  -15.4636  -15.4629  -15.4503  -15.4499  -15.4304  -15.4298  -15.4267  -15.4261  -15.3413  -15.3364  -15.3184  -15.3165  -15.3154  -15.3136  -15.3085  -15.2874  -15.2862  -15.2813  -15.2772  -15.2494  -15.2365  -15.2359  -15.2356  -15.2351  -15.2062  -15.2060  -10.5188  -10.4829  -10.4699   -9.3942   -9.3782   -9.3109   -8.5722   -8.5718   -8.5505   -8.5503   -8.5502   -8.5501   -8.5157   -8.5157   -8.4949   -8.4949   -8.4946   -8.4946   -7.9729   -7.9379   -7.9264   -3.5195   -3.4106   -3.3974   -1.5373   -1.5221   -1.2133   -1.0448   -1.0432   -1.0145   -1.0143   -1.0045   -1.0033   -0.3534   -0.3504   -0.3358   -0.3353   -0.3023   -0.3017    1.4332    2.0686    2.0692    3.1091    3.1188    3.7369    3.7416    3.7613    3.7631    3.7633    3.7709    3.8924    4.0840    4.4813    4.4927    4.9963    5.0009    5.0150    5.0217    5.0249    5.0296    5.2172    5.2221    5.5216    5.9769
  0.7665  -33.3302  -33.3203  -33.3093  -33.3089  -33.2979  -33.2975  -33.1545  -33.1543  -33.1292  -33.1288  -33.1206  -33.0980  -15.5936  -15.5724  -15.5713  -15.5445  -15.5236  -15.5214  -15.4865  -15.4859  -15.4660  -15.4644  -15.4636  -15.4629  -15.4503  -15.4499  -15.4304  -15.4298  -15.4267  -15.4261  -15.3413  -15.3364  -15.3184  -15.3165  -15.3154  -15.3136  -15.3085  -15.2874  -15.2862  -15.2813  -15.2772  -15.2494  -15.2365  -15.2359  -15.2356  -15.2351  -15.2062  -15.2060  -10.5188  -10.4829  -10.4699   -9.3942   -9.3782   -9.3109   -8.5722   -8.5718   -8.5505   -8.5503   -8.5502   -8.5501   -8.5157   -8.5157   -8.4949   -8.4949   -8.4946   -8.4946   -7.9729   -7.9379   -7.9264   -3.5195   -3.4106   -3.3974   -1.5373   -1.5221   -1.2133   -1.0448   -1.0432   -1.0145   -1.0143   -1.0045   -1.0033   -0.3534   -0.3504   -0.3358   -0.3353   -0.3023   -0.3017    1.4332    2.0686    2.0692    3.1091    3.1188    3.7369    3.7416    3.7613    3.7631    3.7633    3.7709    3.8924    4.0840    4.4813    4.4927    4.9963    5.0009    5.0150    5.0217    5.0249    5.0296    5.2171    5.2222    5.5212    5.9701
  0.8252  -33.3301  -33.3203  -33.3092  -33.3088  -33.2979  -33.2975  -33.1544  -33.1542  -33.1293  -33.1289  -33.1205  -33.0981  -15.5938  -15.5726  -15.5715  -15.5454  -15.5246  -15.5222  -15.4872  -15.4863  -15.4669  -15.4651  -15.4639  -15.4628  -15.4514  -15.4504  -15.4307  -15.4304  -15.4273  -15.4270  -15.3402  -15.3360  -15.3211  -15.3207  -15.3158  -15.3133  -15.3074  -15.2900  -15.2872  -15.2770  -15.2734  -15.2461  -15.2361  -15.2357  -15.2354  -15.2352  -15.2061  -15.2057  -10.5166  -10.4811  -10.4682   -9.3918   -9.3758   -9.3093   -8.5723   -8.5718   -8.5505   -8.5503   -8.5503   -8.5501   -8.5158   -8.5157   -8.4949   -8.4949   -8.4947   -8.4946   -7.9711   -7.9362   -7.9248   -3.5160   -3.4082   -3.3951   -1.5359   -1.5208   -1.2122   -1.0701   -1.0413   -1.0340   -1.0232   -1.0128   -1.0016   -0.3681   -0.3499   -0.3488   -0.3331   -0.3148   -0.3004    1.4776    2.1044    2.1056    3.1194    3.1293    3.6074    3.7254    3.7304    3.7499    3.7826    3.7875    3.9217    4.2237    4.4295    4.4421    4.9438    5.0075    5.0245    5.0357    5.0577    5.0721    5.2154    5.2187    5.5100    5.9792
  0.8839  -33.3299  -33.3203  -33.3090  -33.3086  -33.2979  -33.2975  -33.1542  -33.1540  -33.1297  -33.1292  -33.1203  -33.0985  -15.5944  -15.5731  -15.5720  -15.5480  -15.5272  -15.5246  -15.4892  -15.4876  -15.4694  -15.4667  -15.4650  -15.4636  -15.4540  -15.4518  -15.4326  -15.4316  -15.4306  -15.4280  -15.3382  -15.3348  -15.3290  -15.3265  -15.3150  -15.3124  -15.3063  -15.2965  -15.2865  -15.2683  -15.2661  -15.2392  -15.2362  -15.2347  -15.2347  -15.2338  -15.2062  -15.2045  -10.5105  -10.4759  -10.4632   -9.3848   -9.3687   -9.3044   -8.5725   -8.5717   -8.5507   -8.5505   -8.5502   -8.5499   -8.5159   -8.5157   -8.4951   -8.4949   -8.4948   -8.4946   -7.9655   -7.9315   -7.9201   -3.5055   -3.4014   -3.3883   -1.5326   -1.5178   -1.2093   -1.1407   -1.0875   -1.0744   -1.0357   -1.0080   -0.9967   -0.4097   -0.3891   -0.3505   -0.3446   -0.3270   -0.2967    1.6029    2.2055    2.2089    3.1325    3.1450    3.3903    3.6896    3.7212    3.7394    3.7978    3.8093    4.0030    4.3090    4.3220    4.4443    4.8245    5.0246    5.0628    5.1038    5.1137    5.1331    5.2079    5.2306    5.4632    5.9310
  0.9426  -33.3295  -33.3203  -33.3087  -33.3083  -33.2980  -33.2975  -33.1539  -33.1537  -33.1302  -33.1298  -33.1199  -33.0990  -15.5953  -15.5740  -15.5729  -15.5521  -15.5313  -15.5284  -15.4922  -15.4900  -15.4729  -15.4688  -15.4672  -15.4664  -15.4577  -15.4539  -15.4362  -15.4349  -15.4332  -15.4294  -15.3415  -15.3347  -15.3324  -15.3291  -15.3139  -15.3110  -15.3081  -15.2998  -15.2855  -15.2602  -15.2583  -15.2360  -15.2350  -15.2326  -15.2317  -15.2298  -15.2055  -15.2025  -10.5008  -10.4677  -10.4553   -9.3736   -9.3575   -9.2968   -8.5728   -8.5715   -8.5510   -8.5508   -8.5500   -8.5498   -8.5162   -8.5156   -8.4954   -8.4951   -8.4948   -8.4945   -7.9567   -7.9240   -7.9128   -3.4888   -3.3905   -3.3773   -1.5319   -1.5143   -1.2417   -1.2053   -1.1632   -1.1438   -1.0268   -1.0003   -0.9889   -0.4722   -0.4464   -0.4043   -0.3375   -0.3175   -0.2909    1.7895    2.3547    2.3627    3.1046    3.1354    3.1784    3.6480    3.7259    3.7768    3.7968    3.8659    4.1088    4.1696    4.1873    4.5547    4.8169    5.0619    5.1243    5.1283    5.1411    5.1933    5.2111    5.2869    5.3553    5.7891
  1.0012  -33.3290  -33.3204  -33.3082  -33.3079  -33.2980  -33.2975  -33.1534  -33.1533  -33.1310  -33.1305  -33.1193  -33.0998  -15.5965  -15.5752  -15.5741  -15.5571  -15.5364  -15.5333  -15.4961  -15.4939  -15.4770  -15.4729  -15.4705  -15.4700  -15.4620  -15.4564  -15.4408  -15.4394  -15.4355  -15.4309  -15.3479  -15.3399  -15.3295  -15.3269  -15.3130  -15.3126  -15.3093  -15.2990  -15.2842  -15.2545  -15.2523  -15.2335  -15.2317  -15.2301  -15.2290  -15.2240  -15.2028  -15.2001  -10.4886  -10.4573  -10.4453   -9.3592   -9.3429   -9.2871   -8.5732   -8.5712   -8.5514   -8.5511   -8.5498   -8.5495   -8.5166   -8.5155   -8.4957   -8.4955   -8.4947   -8.4945   -7.9452   -7.9142   -7.9033   -3.4668   -3.3765   -3.3623   -1.5442   -1.5130   -1.3560   -1.2472   -1.2130   -1.1991   -1.0154   -0.9904   -0.9791   -0.5478   -0.5130   -0.4693   -0.3281   -0.3056   -0.2834    2.0135    2.5255    2.5413    2.9780    3.0327    3.0936    3.6052    3.7100    3.7854    3.8436    3.9251    4.0881    4.1126    4.1581    4.5554    4.9886    5.0840    5.1061    5.1216    5.1944    5.2128    5.2533    5.3049    5.3931    5.8067
  1.0599  -33.3284  -33.3206  -33.3077  -33.3074  -33.2980  -33.2975  -33.1528  -33.1527  -33.1319  -33.1314  -33.1187  -33.1008  -15.5980  -15.5768  -15.5753  -15.5625  -15.5421  -15.5388  -15.5007  -15.4995  -15.4812  -15.4801  -15.4744  -15.4734  -15.4663  -15.4589  -15.4459  -15.4429  -15.4384  -15.4323  -15.3523  -15.3440  -15.3274  -15.3245  -15.3174  -15.3112  -15.3073  -15.2976  -15.2828  -15.2512  -15.2486  -15.2284  -15.2272  -15.2270  -15.2259  -15.2202  -15.1983  -15.1973  -10.4748  -10.4456  -10.4342   -9.3427   -9.3261   -9.2762   -8.5736   -8.5710   -8.5519   -8.5516   -8.5495   -8.5493   -8.5170   -8.5155   -8.4961   -8.4959   -8.4946   -8.4944   -7.9319   -7.9030   -7.8924   -3.4409   -3.3606   -3.3441   -1.5796   -1.5253   -1.4696   -1.3181   -1.2573   -1.1972   -1.0025   -0.9790   -0.9679   -0.6286   -0.5808   -0.5384   -0.3171   -0.2923   -0.2749    2.2475    2.6627    2.7088    2.8127    2.9743    3.0217    3.5640    3.6929    3.7417    3.7662    3.9028    4.0834    4.1788    4.2342    4.6357    5.0127    5.0217    5.0386    5.1879    5.1895    5.2011    5.3119    5.3399    5.4202    5.6574
  1.1186  -33.3277  -33.3207  -33.3071  -33.3068  -33.2981  -33.2976  -33.1522  -33.1521  -33.1329  -33.1324  -33.1179  -33.1019  -15.5997  -15.5790  -15.5764  -15.5677  -15.5477  -15.5443  -15.5073  -15.5045  -15.4889  -15.4853  -15.4787  -15.4777  -15.4697  -15.4613  -15.4503  -15.4458  -15.4416  -15.4338  -15.3546  -15.3472  -15.3263  -15.3238  -15.3194  -15.3100  -15.3054  -15.2969  -15.2814  -15.2486  -15.2459  -15.2244  -15.2230  -15.2226  -15.2217  -15.2172  -15.1946  -15.1929  -10.4606  -10.4334  -10.4228   -9.3254   -9.3083   -9.2652   -8.5742   -8.5707   -8.5524   -8.5522   -8.5492   -8.5490   -8.5174   -8.5154   -8.4966   -8.4963   -8.4945   -8.4943   -7.9178   -7.8912   -7.8810   -3.4129   -3.3443   -3.3234   -1.6374   -1.5779   -1.5632   -1.3524   -1.2740   -1.1971   -0.9890   -0.9669   -0.9564   -0.7083   -0.6434   -0.6051   -0.3051   -0.2790   -0.2659    2.4374    2.6592    2.7113    2.8197    2.9437    3.0462    3.5263    3.5886    3.6769    3.7423    3.8978    3.9827    4.2633    4.4473    4.5923    4.9319    4.9790    5.0126    5.1828    5.2705    5.2998    5.3444    5.4250    5.6111    5.7896
  1.1773  -33.3271  -33.3209  -33.3066  -33.3063  -33.2982  -33.2977  -33.1515  -33.1514  -33.1339  -33.1335  -33.1170  -33.1030  -15.6018  -15.5813  -15.5776  -15.5723  -15.5527  -15.5494  -15.5152  -15.5087  -15.4975  -15.4890  -15.4832  -15.4828  -15.4720  -15.4634  -15.4537  -15.4481  -15.4446  -15.4351  -15.3555  -15.3495  -15.3270  -15.3240  -15.3195  -15.3088  -15.3035  -15.2966  -15.2800  -15.2458  -15.2435  -15.2217  -15.2202  -15.2179  -15.2168  -15.2142  -15.1920  -15.1880  -10.4472  -10.4219  -10.4121   -9.3087   -9.2908   -9.2550   -8.5747   -8.5704   -8.5529   -8.5527   -8.5490   -8.5487   -8.5179   -8.5153   -8.4970   -8.4968   -8.4945   -8.4942   -7.9039   -7.8797   -7.8701   -3.3848   -3.3290   -3.3021   -1.7041   -1.6641   -1.6300   -1.3527   -1.2706   -1.2012   -0.9760   -0.9550   -0.9456   -0.7816   -0.6965   -0.6640   -0.2933   -0.2672   -0.2566    2.4493    2.5697    2.7843    2.8314    2.8960    3.1881    3.4495    3.4945    3.6622    3.7171    3.9135    3.9567    4.3014    4.4217    4.5797    4.8245    4.9972    5.0601    5.1906    5.2142    5.4133    5.5249    5.5512    5.7013    5.7804
  1.2360  -33.3264  -33.3212  -33.3061  -33.3058  -33.2983  -33.2978  -33.1508  -33.1507  -33.1350  -33.1344  -33.1161  -33.1042  -15.6041  -15.5833  -15.5792  -15.5759  -15.5565  -15.5536  -15.5233  -15.5122  -15.5042  -15.4920  -15.4891  -15.4866  -15.4735  -15.4652  -15.4563  -15.4498  -15.4474  -15.4363  -15.3557  -15.3512  -15.3285  -15.3236  -15.3195  -15.3079  -15.3019  -15.2966  -15.2789  -15.2428  -15.2411  -15.2193  -15.2178  -15.2146  -15.2127  -15.2112  -15.1897  -15.1841  -10.4357  -10.4118  -10.4030   -9.2940   -9.2747   -9.2468   -8.5752   -8.5702   -8.5534   -8.5532   -8.5487   -8.5485   -8.5183   -8.5152   -8.4974   -8.4972   -8.4944   -8.4941   -7.8915   -7.8696   -7.8606   -3.3588   -3.3160   -3.2820   -1.7660   -1.7331   -1.6958   -1.3373   -1.2574   -1.2105   -0.9648   -0.9442   -0.9364   -0.8447   -0.7376   -0.7118   -0.2825   -0.2582   -0.2474    2.3791    2.4728    2.7836    2.8614    2.9169    3.2644    3.4002    3.4681    3.6505    3.6933    3.9103    4.0330    4.2382    4.3147    4.5661    4.7242    4.9945    5.0354    5.2372    5.2889    5.5196    5.5338    5.6267    5.8486    5.9508
  1.2947  -33.3258  -33.3214  -33.3056  -33.3054  -33.2984  -33.2979  -33.1502  -33.1501  -33.1358  -33.1353  -33.1152  -33.1053  -15.6061  -15.5854  -15.5807  -15.5779  -15.5588  -15.5566  -15.5308  -15.5149  -15.5079  -15.4951  -15.4942  -15.4896  -15.4743  -15.4665  -15.4581  -15.4509  -15.4495  -15.4372  -15.3557  -15.3524  -15.3297  -15.3231  -15.3199  -15.3073  -15.3007  -15.2966  -15.2781  -15.2402  -15.2391  -15.2175  -15.2159  -15.2122  -15.2099  -15.2087  -15.1880  -15.1812  -10.4268  -10.4039  -10.3960   -9.2825   -9.2613   -9.2413   -8.5756   -8.5700   -8.5538   -8.5536   -8.5485   -8.5483   -8.5186   -8.5152   -8.4977   -8.4975   -8.4943   -8.4941   -7.8816   -7.8616   -7.8532   -3.3371   -3.3065   -3.2655   -1.8146   -1.7812   -1.7502   -1.3160   -1.2425   -1.2242   -0.9560   -0.9354   -0.9296   -0.8943   -0.7660   -0.7466   -0.2736   -0.2524   -0.2395    2.3231    2.3906    2.7450    2.8163    3.0004    3.1944    3.4488    3.5127    3.6428    3.6734    3.9805    4.0678    4.0691    4.3466    4.4878    4.6386    4.9179    4.9683    5.3470    5.4079    5.4568    5.6372    5.7043    5.9268    6.1436
  1.3534  -33.3254  -33.3217  -33.3054  -33.3051  -33.2985  -33.2979  -33.1497  -33.1497  -33.1364  -33.1358  -33.1145  -33.1061  -15.6076  -15.5877  -15.5811  -15.5787  -15.5600  -15.5586  -15.5362  -15.5166  -15.5084  -15.5005  -15.4955  -15.4916  -15.4748  -15.4672  -15.4591  -15.4515  -15.4509  -15.4377  -15.3557  -15.3532  -15.3304  -15.3227  -15.3203  -15.3069  -15.2999  -15.2966  -15.2776  -15.2385  -15.2378  -15.2164  -15.2148  -15.2106  -15.2084  -15.2071  -15.1870  -15.1795  -10.4212  -10.3989  -10.3918   -9.2751   -9.2516   -9.2390   -8.5759   -8.5699   -8.5541   -8.5539   -8.5484   -8.5482   -8.5188   -8.5151   -8.4979   -8.4977   -8.4943   -8.4940   -7.8753   -7.8566   -7.8485   -3.3219   -3.3016   -3.2547   -1.8453   -1.8078   -1.7874   -1.2928   -1.2468   -1.2260   -0.9505   -0.9293   -0.9268   -0.9258   -0.7821   -0.7679   -0.2678   -0.2493   -0.2342    2.2948    2.3314    2.7263    2.7754    3.0449    3.1273    3.4370    3.6371    3.6441    3.6593    3.9138    4.0641    4.1076    4.3794    4.3941    4.5726    4.8647    4.9001    5.3907    5.4209    5.5608    5.7222    5.7502    5.9159    6.3187
  1.4120  -33.3252  -33.3217  -33.3053  -33.3050  -33.2985  -33.2980  -33.1496  -33.1495  -33.1366  -33.1360  -33.1142  -33.1064  -15.6081  -15.5887  -15.5812  -15.5789  -15.5603  -15.5592  -15.5383  -15.5172  -15.5074  -15.5035  -15.4960  -15.4922  -15.4749  -15.4675  -15.4595  -15.4517  -15.4514  -15.4379  -15.3556  -15.3534  -15.3306  -15.3225  -15.3205  -15.3067  -15.2997  -15.2966  -15.2774  -15.2379  -15.2373  -15.2160  -15.2144  -15.2100  -15.2079  -15.2065  -15.1866  -15.1790  -10.4193  -10.3972  -10.3903   -9.2726   -9.2476   -9.2388   -8.5760   -8.5699   -8.5542   -8.5540   -8.5484   -8.5481   -8.5189   -8.5151   -8.4980   -8.4978   -8.4943   -8.4940   -7.8731   -7.8548   -7.8469   -3.3160   -3.3005   -3.2509   -1.8557   -1.8151   -1.8016   -1.2741   -1.2634   -1.2216   -0.9487   -0.9382   -0.9268   -0.9248   -0.7871   -0.7751   -0.2657   -0.2483   -0.2323    2.2925    2.3039    2.7234    2.7571    3.0745    3.0859    3.4331    3.6390    3.6533    3.7687    3.7791    4.0607    4.2461    4.2494    4.4195    4.5424    4.8558    4.8634    5.3979    5.4106    5.6801    5.7516    5.7677    5.7829    6.3885
  1.4120  -33.3251  -33.3219  -33.3052  -33.3050  -33.2985  -33.2980  -33.1498  -33.1497  -33.1364  -33.1358  -33.1141  -33.1066  -15.6077  -15.5867  -15.5823  -15.5816  -15.5604  -15.5594  -15.5340  -15.5189  -15.5170  -15.4987  -15.4920  -15.4859  -15.4802  -15.4725  -15.4584  -15.4521  -15.4463  -15.4399  -15.3570  -15.3540  -15.3279  -15.3234  -15.3175  -15.3072  -15.3016  -15.2976  -15.2763  -15.2380  -15.2379  -15.2162  -15.2142  -15.2100  -15.2079  -15.2065  -15.1861  -15.1793  -10.4195  -10.3966  -10.3911   -9.2707   -9.2525   -9.2360   -8.5756   -8.5702   -8.5541   -8.5538   -8.5484   -8.5482   -8.5188   -8.5151   -8.4980   -8.4978   -8.4943   -8.4940   -7.8734   -7.8537   -7.8478   -3.3242   -3.2775   -3.2647   -1.8405   -1.8170   -1.8061   -1.3107   -1.2998   -1.1641   -0.9501   -0.9284   -0.9262   -0.8444   -0.8315   -0.8130   -0.2687   -0.2458   -0.2365    2.2559    2.4710    2.4753    2.9773    2.9897    3.0297    3.4877    3.5000    3.7305    3.8283    3.9703    3.9770    4.1595    4.1670    4.3165    4.6034    4.9507    4.9536    5.3478    5.3640    5.5396    5.5704    6.1227    6.1457    6.1855
  1.4668  -33.3252  -33.3218  -33.3053  -33.3050  -33.2985  -33.2980  -33.1499  -33.1498  -33.1362  -33.1356  -33.1143  -33.1063  -15.6071  -15.5872  -15.5821  -15.5801  -15.5601  -15.5589  -15.5339  -15.5165  -15.5161  -15.4982  -15.4927  -15.4855  -15.4791  -15.4721  -15.4582  -15.4519  -15.4460  -15.4396  -15.3570  -15.3538  -15.3279  -15.3230  -15.3177  -15.3074  -15.3018  -15.2976  -15.2765  -15.2386  -15.2382  -15.2165  -15.2146  -15.2104  -15.2085  -15.2069  -15.1864  -15.1798  -10.4210  -10.3986  -10.3919   -9.2739   -9.2530   -9.2379   -8.5756   -8.5702   -8.5540   -8.5538   -8.5485   -8.5483   -8.5188   -8.5151   -8.4980   -8.4977   -8.4943   -8.4940   -7.8750   -7.8560   -7.8485   -3.3266   -3.2853   -3.2636   -1.8316   -1.8114   -1.7936   -1.3328   -1.2776   -1.1685   -0.9517   -0.9302   -0.9273   -0.8399   -0.8238   -0.8064   -0.2701   -0.2476   -0.2375    2.2710    2.4452    2.5232    2.9736    2.9996    3.0344    3.4892    3.5047    3.7327    3.7831    3.9301    3.9989    4.1168    4.2564    4.3669    4.6203    4.8657    5.0151    5.2583    5.4762    5.5432    5.5569    5.9577    6.1322    6.2076
  1.5215  -33.3256  -33.3216  -33.3055  -33.3053  -33.2984  -33.2979  -33.1503  -33.1502  -33.1358  -33.1352  -33.1149  -33.1056  -15.6058  -15.5869  -15.5814  -15.5777  -15.5592  -15.5572  -15.5322  -15.5151  -15.5097  -15.4968  -15.4938  -15.4844  -15.4767  -15.4710  -15.4574  -15.4515  -15.4453  -15.4390  -15.3569  -15.3533  -15.3277  -15.3222  -15.3182  -15.3078  -15.3024  -15.2976  -15.2769  -15.2401  -15.2393  -15.2174  -15.2155  -15.2117  -15.2100  -15.2081  -15.1873  -15.1812  -10.4254  -10.4039  -10.3946   -9.2824   -9.2554   -9.2433   -8.5753   -8.5703   -8.5538   -8.5535   -8.5486   -8.5484   -8.5186   -8.5151   -8.4978   -8.4975   -8.4943   -8.4940   -7.8798   -7.8620   -7.8513   -3.3334   -3.3026   -3.2658   -1.8055   -1.7891   -1.7625   -1.3571   -1.2531   -1.1809   -0.9564   -0.9351   -0.9306   -0.8252   -0.8018   -0.7869   -0.2741   -0.2526   -0.2404    2.3159    2.4420    2.5902    2.9787    3.0052    3.0415    3.4949    3.5172    3.6922    3.7391    3.9091    3.9307    4.1953    4.3561    4.4793    4.6662    4.7471    5.0442    5.2273    5.5097    5.5462    5.5699    5.8117    6.0030    6.0468
  1.5763  -33.3262  -33.3213  -33.3059  -33.3056  -33.2983  -33.2978  -33.1508  -33.1507  -33.1350  -33.1345  -33.1157  -33.1046  -15.6040  -15.5849  -15.5803  -15.5759  -15.5575  -15.5541  -15.5272  -15.5128  -15.5019  -15.4945  -15.4936  -15.4827  -15.4740  -15.4692  -15.4562  -15.4508  -15.4441  -15.4379  -15.3566  -15.3524  -15.3272  -15.3215  -15.3185  -15.3085  -15.3033  -15.2976  -15.2777  -15.2425  -15.2409  -15.2188  -15.2171  -15.2138  -15.2123  -15.2103  -15.1888  -15.1836  -10.4326  -10.4118  -10.3997   -9.2945   -9.2619   -9.2507   -8.5750   -8.5704   -8.5535   -8.5532   -8.5487   -8.5485   -8.5183   -8.5152   -8.4975   -8.4973   -8.4944   -8.4941   -7.8876   -7.8704   -7.8567   -3.3447   -3.3248   -3.2731   -1.7630   -1.7476   -1.7187   -1.3758   -1.2331   -1.1992   -0.9639   -0.9424   -0.9364   -0.7990   -0.7671   -0.7550   -0.2807   -0.2602   -0.2453    2.3883    2.4633    2.6657    2.9729    3.0024    3.0276    3.5060    3.5357    3.6205    3.7491    3.8616    3.9134    4.3213    4.4469    4.5967    4.6052    4.7340    5.0381    5.2749    5.4448    5.4918    5.5349    5.8046    5.8846    5.9654
  1.6310  -33.3268  -33.3211  -33.3064  -33.3061  -33.2982  -33.2977  -33.1514  -33.1513  -33.1342  -33.1336  -33.1166  -33.1035  -15.6021  -15.5823  -15.5786  -15.5739  -15.5548  -15.5501  -15.5196  -15.5098  -15.4954  -15.4912  -15.4904  -15.4804  -15.4716  -15.4669  -15.4543  -15.4495  -15.4425  -15.4365  -15.3561  -15.3512  -15.3261  -15.3220  -15.3184  -15.3095  -15.3046  -15.2975  -15.2787  -15.2452  -15.2429  -15.2208  -15.2192  -15.2169  -15.2152  -15.2131  -15.1907  -15.1869  -10.4422  -10.4214  -10.4069   -9.3091   -9.2733   -9.2585   -8.5746   -8.5706   -8.5530   -8.5528   -8.5489   -8.5487   -8.5180   -8.5152   -8.4972   -8.4969   -8.4944   -8.4942   -7.8979   -7.8803   -7.8643   -3.3624   -3.3469   -3.2850   -1.7048   -1.6891   -1.6684   -1.3842   -1.2263   -1.2131   -0.9736   -0.9517   -0.9442   -0.7611   -0.7220   -0.7104   -0.2893   -0.2698   -0.2520    2.4830    2.5040    2.7366    2.8871    2.9610    3.0401    3.5227    3.5591    3.6129    3.7616    3.8475    3.9284    4.3489    4.4685    4.6068    4.6796    4.8369    5.0190    5.3406    5.3641    5.3694    5.4514    5.7169    5.7310    5.7951
  1.6858  -33.3274  -33.3208  -33.3069  -33.3066  -33.2982  -33.2977  -33.1520  -33.1519  -33.1333  -33.1327  -33.1175  -33.1024  -15.6002  -15.5801  -15.5768  -15.5704  -15.5508  -15.5457  -15.5111  -15.5062  -15.4907  -15.4874  -15.4838  -15.4776  -15.4693  -15.4642  -15.4518  -15.4475  -15.4406  -15.4349  -15.3552  -15.3493  -15.3245  -15.3232  -15.3181  -15.3106  -15.3061  -15.2976  -15.2799  -15.2480  -15.2451  -15.2231  -15.2217  -15.2209  -15.2192  -15.2160  -15.1931  -15.1911  -10.4537  -10.4322  -10.4159   -9.3250   -9.2883   -9.2668   -8.5741   -8.5709   -8.5526   -8.5523   -8.5492   -8.5490   -8.5176   -8.5153   -8.4968   -8.4965   -8.4945   -8.4942   -7.9100   -7.8910   -7.8736   -3.3885   -3.3638   -3.3002   -1.6347   -1.6206   -1.6159   -1.3746   -1.2454   -1.2058   -0.9850   -0.9622   -0.9535   -0.7118   -0.6693   -0.6539   -0.2993   -0.2808   -0.2599    2.5173    2.5961    2.7764    2.7913    2.8475    3.0853    3.5445    3.5863    3.6747    3.7752    3.8948    3.9390    4.1575    4.6204    4.6256    4.7201    4.9770    4.9884    5.2086    5.2828    5.3731    5.4660    5.4985    5.6007    5.8815
  1.7405  -33.3280  -33.3207  -33.3074  -33.3071  -33.2981  -33.2976  -33.1526  -33.1525  -33.1323  -33.1318  -33.1182  -33.1014  -15.5986  -15.5782  -15.5757  -15.5656  -15.5458  -15.5410  -15.5034  -15.5022  -15.4848  -15.4831  -15.4773  -15.4746  -15.4671  -15.4614  -15.4484  -15.4449  -15.4385  -15.4332  -15.3536  -15.3467  -15.3251  -15.3227  -15.3177  -15.3119  -15.3078  -15.2980  -15.2811  -15.2504  -15.2473  -15.2259  -15.2255  -15.2244  -15.2240  -15.2186  -15.1960  -15.1955  -10.4665  -10.4433  -10.4260   -9.3412   -9.3053   -9.2756   -8.5736   -8.5711   -8.5521   -8.5518   -8.5494   -8.5492   -8.5172   -8.5154   -8.4964   -8.4961   -8.4946   -8.4943   -7.9231   -7.9016   -7.8840   -3.4173   -3.3779   -3.3174   -1.5914   -1.5544   -1.5319   -1.3389   -1.2589   -1.2007   -0.9972   -0.9732   -0.9637   -0.6528   -0.6105   -0.5889   -0.3102   -0.2923   -0.2685    2.3945    2.6341    2.7813    2.7967    2.8018    3.1170    3.5709    3.6160    3.7816    3.7883    3.9228    3.9843    4.0273    4.4434    4.7278    4.8341    4.9506    5.1378    5.1705    5.2038    5.2850    5.3152    5.4433    5.4626    5.6204
  1.7953  -33.3286  -33.3205  -33.3079  -33.3076  -33.2980  -33.2975  -33.1531  -33.1530  -33.1315  -33.1310  -33.1189  -33.1004  -15.5972  -15.5763  -15.5747  -15.5605  -15.5403  -15.5361  -15.4983  -15.4971  -15.4791  -15.4780  -15.4724  -15.4714  -15.4642  -15.4585  -15.4442  -15.4418  -15.4363  -15.4314  -15.3508  -15.3431  -15.3268  -15.3234  -15.3153  -15.3133  -15.3095  -15.2990  -15.2825  -15.2528  -15.2499  -15.2310  -15.2292  -15.2281  -15.2270  -15.2215  -15.2006  -15.1982  -10.4796  -10.4541  -10.4366   -9.3565   -9.3229   -9.2846   -8.5731   -8.5714   -8.5516   -8.5513   -8.5497   -8.5495   -8.5168   -8.5155   -8.4960   -8.4957   -8.4947   -8.4944   -7.9362   -7.9118   -7.8946   -3.4452   -3.3902   -3.3353   -1.5741   -1.4977   -1.4333   -1.2786   -1.2502   -1.1985   -1.0094   -0.9841   -0.9740   -0.5870   -0.5477   -0.5202   -0.3211   -0.3037   -0.2772    2.1816    2.4962    2.7292    2.8995    2.9166    3.1215    3.6008    3.6469    3.7987    3.8962    3.9065    3.9905    4.0764    4.2245    4.6762    4.9374    5.0285    5.1332    5.1403    5.1684    5.2591    5.2858    5.3212    5.3512    5.7025
  1.8500  -33.3292  -33.3204  -33.3084  -33.3080  -33.2980  -33.2975  -33.1536  -33.1535  -33.1307  -33.1302  -33.1195  -33.0996  -15.5960  -15.5748  -15.5737  -15.5555  -15.5350  -15.5315  -15.4944  -15.4926  -15.4747  -15.4724  -15.4693  -15.4685  -15.4602  -15.4557  -15.4396  -15.4384  -15.4343  -15.4298  -15.3462  -15.3390  -15.3288  -15.3257  -15.3146  -15.3114  -15.3108  -15.3004  -15.2837  -15.2563  -15.2539  -15.2351  -15.2331  -15.2306  -15.2297  -15.2258  -15.2042  -15.2007  -10.4921  -10.4638  -10.4469   -9.3700   -9.3398   -9.2931   -8.5727   -8.5716   -8.5512   -8.5509   -8.5499   -8.5497   -8.5164   -8.5156   -8.4956   -8.4953   -8.4947   -8.4945   -7.9483   -7.9207   -7.9047   -3.4703   -3.4001   -3.3529   -1.5662   -1.4747   -1.3294   -1.2110   -1.2029   -1.1942   -1.0208   -0.9941   -0.9837   -0.5189   -0.4846   -0.4529   -0.3314   -0.3141   -0.2853    1.9571    2.3426    2.5929    3.0349    3.0640    3.1151    3.6332    3.6770    3.8047    3.8601    3.9327    4.0542    4.1105    4.1264    4.6303    4.8837    5.0214    5.0818    5.1784    5.2176    5.2406    5.2532    5.2994    5.4663    5.8420
  1.9048  -33.3296  -33.3203  -33.3088  -33.3084  -33.2980  -33.2975  -33.1540  -33.1538  -33.1301  -33.1296  -33.1200  -33.0989  -15.5950  -15.5738  -15.5727  -15.5511  -15.5303  -15.5274  -15.4911  -15.4895  -15.4709  -15.4691  -15.4664  -15.4660  -15.4562  -15.4534  -15.4358  -15.4342  -15.4324  -15.4283  -15.3409  -15.3352  -15.3305  -15.3264  -15.3159  -15.3129  -15.3064  -15.3010  -15.2848  -15.2620  -15.2601  -15.2369  -15.2357  -15.2327  -15.2320  -15.2316  -15.2060  -15.2029  -10.5030  -10.4719  -10.4561   -9.3809   -9.3550   -9.3004   -8.5724   -8.5718   -8.5509   -8.5506   -8.5501   -8.5499   -8.5161   -8.5156   -8.4953   -8.4950   -8.4948   -8.4945   -7.9586   -7.9281   -7.9135   -3.4911   -3.4070   -3.3691   -1.5607   -1.4790   -1.2398   -1.1855   -1.1428   -1.1268   -1.0306   -1.0026   -0.9921   -0.4543   -0.4261   -0.3923   -0.3402   -0.3231   -0.2923    1.7506    2.2079    2.4232    3.1019    3.1408    3.2412    3.6666    3.7043    3.7975    3.8046    3.8234    4.0605    4.1829    4.2306    4.6352    4.7292    5.0371    5.0839    5.1239    5.1589    5.1649    5.2313    5.2841    5.3915    5.8394
  1.9595  -33.3299  -33.3203  -33.3090  -33.3087  -33.2979  -33.2975  -33.1542  -33.1541  -33.1296  -33.1292  -33.1203  -33.0984  -15.5942  -15.5730  -15.5719  -15.5475  -15.5267  -15.5241  -15.4884  -15.4876  -15.4680  -15.4673  -15.4643  -15.4640  -15.4531  -15.4516  -15.4326  -15.4312  -15.4302  -15.4272  -15.3391  -15.3353  -15.3263  -15.3232  -15.3168  -15.3141  -15.3061  -15.2966  -15.2857  -15.2696  -15.2674  -15.2405  -15.2366  -15.2354  -15.2344  -15.2338  -15.2064  -15.2046  -10.5115  -10.4780  -10.4635   -9.3886   -9.3672   -9.3061   -8.5723   -8.5719   -8.5506   -8.5503   -8.5503   -8.5501   -8.5159   -8.5157   -8.4951   -8.4948   -8.4948   -8.4946   -7.9664   -7.9335   -7.9204   -3.5067   -3.4107   -3.3829   -1.5540   -1.4943   -1.2151   -1.1227   -1.0778   -1.0627   -1.0381   -1.0090   -0.9987   -0.4003   -0.3781   -0.3470   -0.3439   -0.3299   -0.2976    1.5828    2.1089    2.2625    3.0914    3.1798    3.4345    3.6990    3.7253    3.7282    3.7959    3.8004    3.9769    4.3258    4.3482    4.4303    4.8335    5.0118    5.0590    5.0946    5.1030    5.1246    5.1777    5.2607    5.4752    5.8569
  2.0143  -33.3301  -33.3203  -33.3092  -33.3088  -33.2979  -33.2975  -33.1544  -33.1543  -33.1293  -33.1289  -33.1205  -33.0981  -15.5938  -15.5725  -15.5715  -15.5453  -15.5244  -15.5221  -15.4869  -15.4864  -15.4665  -15.4653  -15.4635  -15.4631  -15.4510  -15.4505  -15.4308  -15.4301  -15.4277  -15.4264  -15.3405  -15.3361  -15.3198  -15.3183  -15.3171  -15.3147  -15.3074  -15.2905  -15.2862  -15.2775  -15.2739  -15.2466  -15.2364  -15.2358  -15.2354  -15.2349  -15.2062  -15.2057  -10.5169  -10.4817  -10.4683   -9.3929   -9.3753   -9.3097   -8.5722   -8.5718   -8.5505   -8.5503   -8.5502   -8.5501   -8.5157   -8.5157   -8.4949   -8.4949   -8.4947   -8.4946   -7.9713   -7.9368   -7.9248   -3.5163   -3.4112   -3.3931   -1.5449   -1.5114   -1.2134   -1.0647   -1.0428   -1.0314   -1.0191   -1.0130   -1.0028   -0.3641   -0.3511   -0.3464   -0.3342   -0.3126   -0.3010    1.4720    2.0595    2.1389    3.0916    3.1543    3.6298    3.7267    3.7325    3.7441    3.7813    3.7859    3.9137    4.2115    4.4372    4.4498    4.9526    5.0014    5.0211    5.0393    5.0498    5.0679    5.1937    5.2412    5.5112    5.9656
  2.0690  -33.3302  -33.3203  -33.3093  -33.3089  -33.2979  -33.2975  -33.1545  -33.1543  -33.1292  -33.1288  -33.1206  -33.0980  -15.5936  -15.5724  -15.5713  -15.5445  -15.5236  -15.5214  -15.4865  -15.4859  -15.4660  -15.4644  -15.4636  -15.4629  -15.4503  -15.4499  -15.4304  -15.4298  -15.4267  -15.4261  -15.3413  -15.3364  -15.3184  -15.3165  -15.3154  -15.3136  -15.3085  -15.2874  -15.2862  -15.2813  -15.2772  -15.2494  -15.2365  -15.2359  -15.2356  -15.2351  -15.2062  -15.2060  -10.5188  -10.4829  -10.4699   -9.3942   -9.3782   -9.3109   -8.5722   -8.5718   -8.5505   -8.5503   -8.5502   -8.5501   -8.5157   -8.5157   -8.4949   -8.4949   -8.4946   -8.4946   -7.9729   -7.9379   -7.9264   -3.5195   -3.4106   -3.3974   -1.5373   -1.5221   -1.2133   -1.0448   -1.0432   -1.0145   -1.0143   -1.0045   -1.0033   -0.3534   -0.3504   -0.3358   -0.3353   -0.3023   -0.3017    1.4332    2.0686    2.0692    3.1091    3.1188    3.7369    3.7416    3.7613    3.7631    3.7633    3.7709    3.8924    4.0840    4.4814    4.4927    4.9963    5.0009    5.0150    5.0217    5.0249    5.0296    5.2171    5.2221    5.5214    6.0348
  2.0690  -33.3302  -33.3203  -33.3093  -33.3089  -33.2979  -33.2975  -33.1545  -33.1543  -33.1292  -33.1288  -33.1206  -33.0980  -15.5936  -15.5724  -15.5713  -15.5445  -15.5236  -15.5214  -15.4865  -15.4859  -15.4660  -15.4644  -15.4636  -15.4629  -15.4503  -15.4499  -15.4304  -15.4298  -15.4267  -15.4261  -15.3413  -15.3364  -15.3184  -15.3165  -15.3154  -15.3136  -15.3085  -15.2874  -15.2862  -15.2813  -15.2772  -15.2494  -15.2365  -15.2359  -15.2356  -15.2351  -15.2062  -15.2060  -10.5188  -10.4829  -10.4699   -9.3942   -9.3782   -9.3109   -8.5722   -8.5718   -8.5505   -8.5503   -8.5502   -8.5501   -8.5157   -8.5157   -8.4949   -8.4949   -8.4946   -8.4946   -7.9729   -7.9379   -7.9264   -3.5195   -3.4106   -3.3974   -1.5373   -1.5221   -1.2133   -1.0448   -1.0432   -1.0145   -1.0143   -1.0045   -1.0033   -0.3534   -0.3504   -0.3358   -0.3353   -0.3023   -0.3017    1.4332    2.0686    2.0692    3.1091    3.1188    3.7369    3.7416    3.7613    3.7631    3.7633    3.7709    3.8924    4.0840    4.4814    4.4927    4.9963    5.0009    5.0150    5.0217    5.0249    5.0296    5.2171    5.2221    5.5213    5.9822
  2.1237  -33.3301  -33.3203  -33.3092  -33.3088  -33.2979  -33.2975  -33.1544  -33.1543  -33.1293  -33.1289  -33.1205  -33.0981  -15.5938  -15.5725  -15.5715  -15.5453  -15.5244  -15.5221  -15.4871  -15.4862  -15.4669  -15.4649  -15.4637  -15.4629  -15.4512  -15.4503  -15.4306  -15.4303  -15.4271  -15.4270  -15.3404  -15.3360  -15.3206  -15.3202  -15.3158  -15.3133  -15.3075  -15.2895  -15.2872  -15.2776  -15.2739  -15.2466  -15.2361  -15.2357  -15.2354  -15.2352  -15.2061  -15.2058  -10.5169  -10.4817  -10.4683   -9.3929   -9.3753   -9.3097   -8.5723   -8.5718   -8.5505   -8.5503   -8.5503   -8.5501   -8.5158   -8.5157   -8.4949   -8.4949   -8.4947   -8.4946   -7.9713   -7.9368   -7.9248   -3.5163   -3.4112   -3.3932   -1.5446   -1.5117   -1.2133   -1.0660   -1.0415   -1.0309   -1.0203   -1.0134   -1.0016   -0.3655   -0.3498   -0.3479   -0.3327   -0.3128   -0.3008    1.4720    2.0599    2.1385    3.0913    3.1548    3.6217    3.7270    3.7339    3.7525    3.7817    3.7854    3.9147    4.2072    4.4366    4.4508    4.9546    5.0069    5.0224    5.0266    5.0544    5.0679    5.1949    5.2404    5.5110    5.9043
  2.1784  -33.3299  -33.3203  -33.3090  -33.3087  -33.2979  -33.2975  -33.1542  -33.1541  -33.1296  -33.1292  -33.1203  -33.0984  -15.5943  -15.5730  -15.5719  -15.5475  -15.5267  -15.5241  -15.4888  -15.4873  -15.4690  -15.4663  -15.4646  -15.4635  -15.4535  -15.4516  -15.4321  -15.4313  -15.4299  -15.4279  -15.3384  -15.3350  -15.3277  -15.3256  -15.3152  -15.3126  -15.3064  -15.2955  -15.2866  -15.2698  -15.2674  -15.2404  -15.2360  -15.2350  -15.2350  -15.2341  -15.2062  -15.2047  -10.5115  -10.4779  -10.4635   -9.3885   -9.3672   -9.3061   -8.5724   -8.5717   -8.5507   -8.5504   -8.5502   -8.5500   -8.5159   -8.5157   -8.4951   -8.4949   -8.4948   -8.4946   -7.9664   -7.9335   -7.9204   -3.5068   -3.4100   -3.3834   -1.5519   -1.4969   -1.2149   -1.1241   -1.0762   -1.0646   -1.0365   -1.0102   -0.9968   -0.4000   -0.3824   -0.3472   -0.3430   -0.3257   -0.2984    1.5824    2.1108    2.2605    3.0881    3.1886    3.4201    3.6922    3.7158    3.7504    3.7917    3.8111    3.9844    4.3321    4.3515    4.3959    4.8609    5.0253    5.0479    5.0716    5.1044    5.1142    5.2046    5.2527    5.4756    5.8184
  2.2332  -33.3296  -33.3203  -33.3088  -33.3084  -33.2980  -33.2975  -33.1539  -33.1538  -33.1301  -33.1296  -33.1200  -33.0989  -15.5950  -15.5738  -15.5726  -15.5510  -15.5302  -15.5273  -15.4914  -15.4892  -15.4719  -15.4683  -15.4667  -15.4654  -15.4567  -15.4532  -15.4352  -15.4338  -15.4328  -15.4290  -15.3400  -15.3336  -15.3330  -15.3291  -15.3142  -15.3114  -15.3072  -15.2996  -15.2858  -15.2619  -15.2603  -15.2364  -15.2355  -15.2332  -15.2323  -15.2314  -15.2058  -15.2031  -10.5030  -10.4718  -10.4562   -9.3807   -9.3553   -9.3003   -8.5727   -8.5715   -8.5509   -8.5507   -8.5501   -8.5498   -8.5161   -8.5156   -8.4953   -8.4950   -8.4948   -8.4946   -7.9586   -7.9280   -7.9136   -3.4917   -3.4050   -3.3707   -1.5535   -1.4883   -1.2396   -1.1864   -1.1428   -1.1253   -1.0287   -1.0046   -0.9896   -0.4525   -0.4338   -0.3897   -0.3420   -0.3158   -0.2945    1.7496    2.2128    2.4177    3.0891    3.1760    3.2195    3.6523    3.7257    3.7496    3.7842    3.8738    4.0890    4.1936    4.2655    4.4706    4.8581    5.0633    5.0784    5.0929    5.1164    5.1758    5.2526    5.2824    5.3946    5.7585
  2.2879  -33.3292  -33.3204  -33.3084  -33.3080  -33.2980  -33.2975  -33.1536  -33.1534  -33.1307  -33.1303  -33.1195  -33.0995  -15.5961  -15.5748  -15.5736  -15.5554  -15.5348  -15.5315  -15.4948  -15.4924  -15.4751  -15.4712  -15.4701  -15.4688  -15.4605  -15.4550  -15.4392  -15.4380  -15.4353  -15.4299  -15.3457  -15.3385  -15.3305  -15.3277  -15.3131  -15.3113  -15.3098  -15.2994  -15.2846  -15.2560  -15.2541  -15.2347  -15.2329  -15.2310  -15.2299  -15.2258  -15.2040  -15.2009  -10.4922  -10.4635  -10.4470   -9.3696   -9.3406   -9.2928   -8.5730   -8.5713   -8.5512   -8.5510   -8.5499   -8.5496   -8.5164   -8.5156   -8.4956   -8.4953   -8.4947   -8.4945   -7.9484   -7.9205   -7.9048   -3.4718   -3.3955   -3.3563   -1.5487   -1.4969   -1.3298   -1.2282   -1.1956   -1.1798   -1.0186   -0.9967   -0.9806   -0.5176   -0.4947   -0.4481   -0.3340   -0.3043   -0.2890    1.9549    2.3518    2.5811    3.0263    3.0865    3.1122    3.6123    3.7462    3.7550    3.7656    3.9412    4.0791    4.1804    4.2393    4.4272    4.9817    5.0167    5.1239    5.1380    5.1508    5.2415    5.2673    5.2811    5.3472    5.5839
  2.3426  -33.3287  -33.3205  -33.3079  -33.3076  -33.2980  -33.2975  -33.1531  -33.1529  -33.1315  -33.1311  -33.1190  -33.1004  -15.5973  -15.5761  -15.5748  -15.5603  -15.5399  -15.5362  -15.4987  -15.4971  -15.4784  -15.4761  -15.4743  -15.4729  -15.4643  -15.4568  -15.4437  -15.4416  -15.4383  -15.4310  -15.3505  -15.3428  -15.3281  -15.3254  -15.3156  -15.3120  -15.3080  -15.2981  -15.2834  -15.2525  -15.2499  -15.2308  -15.2289  -15.2284  -15.2273  -15.2216  -15.2003  -15.1985  -10.4797  -10.4535  -10.4368   -9.3557   -9.3244   -9.2838   -8.5734   -8.5711   -8.5516   -8.5514   -8.5496   -8.5494   -8.5168   -8.5155   -8.4960   -8.4957   -8.4947   -8.4944   -7.9364   -7.9112   -7.8949   -3.4486   -3.3818   -3.3410   -1.5393   -1.5313   -1.4337   -1.3217   -1.2125   -1.1928   -1.0070   -0.9869   -0.9706   -0.5896   -0.5579   -0.5130   -0.3238   -0.2931   -0.2815    2.1793    2.5094    2.6993    2.8574    3.0059    3.1113    3.5751    3.7107    3.7280    3.7527    3.9278    4.0972    4.1282    4.3382    4.5018    4.9359    5.0163    5.1168    5.2037    5.2164    5.2200    5.2413    5.3859    5.4109    5.5597
  2.3973  -33.3281  -33.3206  -33.3074  -33.3071  -33.2981  -33.2976  -33.1525  -33.1524  -33.1324  -33.1319  -33.1183  -33.1013  -15.5988  -15.5777  -15.5760  -15.5653  -15.5450  -15.5413  -15.5040  -15.5023  -15.4830  -15.4820  -15.4785  -15.4768  -15.4679  -15.4589  -15.4479  -15.4447  -15.4413  -15.4323  -15.3535  -15.3460  -15.3265  -15.3239  -15.3187  -15.3108  -15.3061  -15.2972  -15.2821  -15.2502  -15.2470  -15.2259  -15.2254  -15.2247  -15.2240  -15.2187  -15.1960  -15.1955  -10.4667  -10.4425  -10.4264   -9.3399   -9.3079   -9.2742   -8.5739   -8.5708   -8.5521   -8.5519   -8.5494   -8.5491   -8.5172   -8.5154   -8.4963   -8.4961   -8.4946   -8.4943   -7.9235   -7.9008   -7.8844   -3.4236   -3.3646   -3.3253   -1.5939   -1.5348   -1.5193   -1.4165   -1.2200   -1.1886   -0.9948   -0.9757   -0.9603   -0.6624   -0.6184   -0.5792   -0.3119   -0.2838   -0.2715    2.3993    2.6617    2.7127    2.7258    2.8946    3.1919    3.5426    3.6019    3.6917    3.7497    3.8747    4.0010    4.2467    4.4842    4.6153    4.8403    4.9315    5.0245    5.1847    5.2761    5.3009    5.3204    5.4174    5.5096    5.5234
  2.4520  -33.3275  -33.3208  -33.3069  -33.3066  -33.2981  -33.2976  -33.1519  -33.1518  -33.1333  -33.1329  -33.1175  -33.1024  -15.6005  -15.5798  -15.5772  -15.5696  -15.5498  -15.5464  -15.5115  -15.5064  -15.4908  -15.4861  -15.4818  -15.4807  -15.4712  -15.4614  -15.4513  -15.4470  -15.4439  -15.4338  -15.3552  -15.3484  -15.3262  -15.3233  -15.3201  -15.3097  -15.3043  -15.2967  -15.2808  -15.2477  -15.2447  -15.2231  -15.2219  -15.2204  -15.2196  -15.2159  -15.1935  -15.1908  -10.4541  -10.4311  -10.4164   -9.3234   -9.2923   -9.2644   -8.5744   -8.5706   -8.5526   -8.5524   -8.5491   -8.5489   -8.5176   -8.5153   -8.4968   -8.4965   -8.4945   -8.4943   -7.9106   -7.8897   -7.8743   -3.3984   -3.3451   -3.3099   -1.6623   -1.6231   -1.5269   -1.4793   -1.2162   -1.1833   -0.9828   -0.9639   -0.9505   -0.7298   -0.6735   -0.6424   -0.2994   -0.2761   -0.2605    2.5173    2.6768    2.6865    2.7351    2.8428    3.2589    3.5153    3.5358    3.6516    3.7471    3.8385    3.8859    4.4295    4.5626    4.5892    4.7393    4.9353    4.9460    5.1569    5.3456    5.3806    5.4288    5.4472    5.6177    5.6682
  2.5067  -33.3268  -33.3210  -33.3064  -33.3061  -33.2982  -33.2977  -33.1512  -33.1511  -33.1343  -33.1338  -33.1167  -33.1034  -15.6025  -15.5823  -15.5784  -15.5731  -15.5538  -15.5510  -15.5191  -15.5099  -15.4988  -15.4903  -15.4844  -15.4839  -15.4742  -15.4642  -15.4540  -15.4488  -15.4456  -15.4355  -15.3559  -15.3501  -15.3269  -15.3235  -15.3201  -15.3086  -15.3028  -15.2966  -15.2797  -15.2449  -15.2426  -15.2208  -15.2194  -15.2164  -15.2158  -15.2130  -15.1912  -15.1866  -10.4426  -10.4202  -10.4075   -9.3073   -9.2784   -9.2551   -8.5749   -8.5703   -8.5531   -8.5529   -8.5489   -8.5486   -8.5180   -8.5153   -8.4972   -8.4969   -8.4944   -8.4942   -7.8986   -7.8788   -7.8651   -3.3747   -3.3250   -3.2956   -1.7261   -1.6982   -1.6048   -1.4582   -1.2132   -1.1776   -0.9717   -0.9523   -0.9416   -0.7859   -0.7217   -0.6987   -0.2876   -0.2687   -0.2505    2.4415    2.6235    2.6582    2.8252    2.9113    3.2189    3.4972    3.5828    3.6119    3.7440    3.8055    3.8433    4.4793    4.5016    4.5416    4.7011    4.9322    4.9469    5.1472    5.4069    5.4310    5.4991    5.5934    5.7803    5.8559
  2.5615  -33.3262  -33.3212  -33.3059  -33.3057  -33.2983  -33.2978  -33.1506  -33.1505  -33.1352  -33.1347  -33.1158  -33.1045  -15.6046  -15.5844  -15.5796  -15.5759  -15.5568  -15.5548  -15.5257  -15.5129  -15.5063  -15.4941  -15.4873  -15.4853  -15.4767  -15.4672  -15.4560  -15.4501  -15.4465  -15.4372  -15.3561  -15.3514  -15.3278  -15.3242  -15.3197  -15.3076  -15.3017  -15.2966  -15.2787  -15.2421  -15.2406  -15.2188  -15.2172  -15.2137  -15.2123  -15.2103  -15.1893  -15.1832  -10.4329  -10.4106  -10.4002   -9.2928   -9.2671   -9.2471   -8.5753   -8.5701   -8.5535   -8.5533   -8.5487   -8.5484   -8.5184   -8.5152   -8.4975   -8.4973   -8.4944   -8.4941   -7.8882   -7.8689   -7.8575   -3.3543   -3.3063   -3.2832   -1.7777   -1.7571   -1.6794   -1.4249   -1.2190   -1.1721   -0.9623   -0.9420   -0.9343   -0.8255   -0.7627   -0.7453   -0.2781   -0.2611   -0.2426    2.3618    2.5645    2.5800    2.9390    2.9565    3.1377    3.4857    3.5751    3.6757    3.7409    3.7760    3.8908    4.3705    4.3809    4.4668    4.8094    4.8584    4.9648    5.1729    5.4420    5.4686    5.5682    5.7616    5.9215    5.9660
  2.6162  -33.3257  -33.3215  -33.3056  -33.3053  -33.2984  -33.2979  -33.1501  -33.1500  -33.1359  -33.1354  -33.1150  -33.1054  -15.6065  -15.5857  -15.5807  -15.5784  -15.5588  -15.5574  -15.5306  -15.5151  -15.5125  -15.4970  -15.4896  -15.4861  -15.4787  -15.4699  -15.4573  -15.4509  -15.4468  -15.4388  -15.3561  -15.3523  -15.3285  -15.3248  -15.3194  -15.3068  -15.3010  -15.2966  -15.2779  -15.2398  -15.2390  -15.2174  -15.2156  -15.2118  -15.2098  -15.2082  -15.1878  -15.1809  -10.4256  -10.4030  -10.3950   -9.2812   -9.2588   -9.2410   -8.5757   -8.5700   -8.5539   -8.5536   -8.5485   -8.5483   -8.5186   -8.5152   -8.4978   -8.4975   -8.4943   -8.4941   -7.8802   -7.8609   -7.8520   -3.3386   -3.2908   -3.2736   -1.8138   -1.7976   -1.7406   -1.3873   -1.2378   -1.1672   -0.9549   -0.9339   -0.9290   -0.8463   -0.7961   -0.7806   -0.2717   -0.2532   -0.2375    2.3025    2.5160    2.5217    2.9651    3.0042    3.0661    3.4816    3.5434    3.7366    3.7713    3.7925    3.9666    4.2309    4.3215    4.3623    4.7500    4.8939    4.9664    5.2285    5.4424    5.5209    5.5649    5.9264    5.9891    6.1292
  2.6709  -33.3254  -33.3217  -33.3053  -33.3051  -33.2985  -33.2979  -33.1497  -33.1496  -33.1364  -33.1359  -33.1145  -33.1061  -15.6078  -15.5861  -15.5816  -15.5804  -15.5599  -15.5588  -15.5335  -15.5167  -15.5165  -15.4988  -15.4909  -15.4864  -15.4800  -15.4718  -15.4581  -15.4514  -15.4467  -15.4400  -15.3561  -15.3528  -15.3289  -15.3253  -15.3192  -15.3062  -15.3006  -15.2966  -15.2774  -15.2383  -15.2378  -15.2165  -15.2146  -15.2106  -15.2083  -15.2070  -15.1869  -15.1794  -10.4210  -10.3981  -10.3919   -9.2736   -9.2539   -9.2371   -8.5759   -8.5699   -8.5541   -8.5539   -8.5484   -8.5482   -8.5188   -8.5151   -8.4979   -8.4977   -8.4943   -8.4940   -7.8752   -7.8555   -7.8488   -3.3287   -3.2804   -3.2677   -1.8352   -1.8166   -1.7852   -1.3473   -1.2682   -1.1637   -0.9503   -0.9287   -0.9258   -0.8506   -0.8208   -0.8036   -0.2683   -0.2468   -0.2353    2.2666    2.4838    2.4869    2.9705    3.0141    3.0255    3.4849    3.5181    3.7350    3.8189    3.8697    4.0421    4.1144    4.2598    4.3085    4.6471    4.9352    4.9610    5.2946    5.4125    5.5479    5.5582    6.0624    6.1313    6.1769
  2.7256  -33.3252  -33.3217  -33.3053  -33.3050  -33.2985  -33.2980  -33.1496  -33.1495  -33.1366  -33.1360  -33.1142  -33.1064  -15.6083  -15.5861  -15.5821  -15.5811  -15.5602  -15.5593  -15.5344  -15.5182  -15.5170  -15.4994  -15.4914  -15.4864  -15.4805  -15.4725  -15.4584  -15.4516  -15.4466  -15.4404  -15.3561  -15.3530  -15.3290  -15.3254  -15.3192  -15.3060  -15.3005  -15.2966  -15.2772  -15.2378  -15.2374  -15.2162  -15.2142  -15.2101  -15.2078  -15.2066  -15.1866  -15.1790  -10.4195  -10.3963  -10.3910   -9.2709   -9.2523   -9.2359   -8.5760   -8.5699   -8.5542   -8.5540   -8.5484   -8.5481   -8.5189   -8.5151   -8.4980   -8.4978   -8.4943   -8.4940   -7.8734   -7.8535   -7.8479   -3.3253   -3.2767   -3.2658   -1.8426   -1.8159   -1.8072   -1.3122   -1.3006   -1.1624   -0.9487   -0.9269   -0.9248   -0.8469   -0.8332   -0.8118   -0.2672   -0.2442   -0.2349    2.2545    2.4725    2.4755    2.9787    2.9896    3.0286    3.4913    3.5042    3.7343    3.8316    3.9692    3.9741    4.1584    4.1676    4.3155    4.5999    4.9522    4.9530    5.3581    5.3597    5.5407    5.5716    6.1177    6.1549    6.2638
  2.7256  -33.3251  -33.3219  -33.3052  -33.3050  -33.2985  -33.2980  -33.1498  -33.1497  -33.1364  -33.1358  -33.1141  -33.1066  -15.6074  -15.5891  -15.5822  -15.5788  -15.5605  -15.5594  -15.5381  -15.5172  -15.5083  -15.5034  -15.4948  -15.4923  -15.4748  -15.4675  -15.4594  -15.4527  -15.4506  -15.4374  -15.3566  -15.3544  -15.3292  -15.3206  -15.3189  -15.3079  -15.3009  -15.2977  -15.2765  -15.2382  -15.2378  -15.2160  -15.2144  -15.2100  -15.2081  -15.2064  -15.1861  -15.1794  -10.4193  -10.3974  -10.3904   -9.2724   -9.2480   -9.2388   -8.5756   -8.5702   -8.5541   -8.5538   -8.5484   -8.5482   -8.5188   -8.5151   -8.4980   -8.4978   -8.4943   -8.4940   -7.8731   -7.8549   -7.8469   -3.3153   -3.2999   -3.2509   -1.8563   -1.8125   -1.8010   -1.2763   -1.2636   -1.2193   -0.9501   -0.9358   -0.9284   -0.9263   -0.7861   -0.7755   -0.2671   -0.2499   -0.2340    2.2922    2.3051    2.7236    2.7542    3.0790    3.0830    3.4292    3.6354    3.6493    3.7688    3.7774    4.0629    4.2469    4.2499    4.4196    4.5421    4.8602    4.8628    5.3947    5.4104    5.6755    5.7493    5.7665    5.7861    6.3567
  2.7843  -33.3253  -33.3218  -33.3053  -33.3051  -33.2985  -33.2980  -33.1499  -33.1499  -33.1362  -33.1356  -33.1144  -33.1063  -15.6069  -15.5882  -15.5819  -15.5788  -15.5602  -15.5587  -15.5360  -15.5166  -15.5091  -15.5007  -15.4945  -15.4915  -15.4747  -15.4672  -15.4591  -15.4524  -15.4502  -15.4372  -15.3566  -15.3542  -15.3290  -15.3208  -15.3187  -15.3080  -15.3011  -15.2977  -15.2766  -15.2388  -15.2382  -15.2164  -15.2148  -15.2105  -15.2085  -15.2070  -15.1864  -15.1799  -10.4212  -10.3991  -10.3919   -9.2749   -9.2519   -9.2390   -8.5755   -8.5702   -8.5540   -8.5537   -8.5485   -8.5483   -8.5188   -8.5151   -8.4980   -8.4977   -8.4943   -8.4940   -7.8753   -7.8567   -7.8485   -3.3212   -3.3010   -3.2547   -1.8458   -1.8056   -1.7864   -1.2944   -1.2473   -1.2239   -0.9520   -0.9307   -0.9273   -0.9244   -0.7813   -0.7682   -0.2693   -0.2508   -0.2358    2.2951    2.3319    2.7264    2.7727    3.0459    3.1279    3.4331    3.6347    3.6426    3.6553    3.9126    4.0661    4.1080    4.3809    4.3944    4.5720    4.8656    4.9025    5.3877    5.4198    5.5578    5.7178    5.7515    5.8739    6.3406
  2.8430  -33.3257  -33.3215  -33.3056  -33.3053  -33.2984  -33.2979  -33.1503  -33.1503  -33.1356  -33.1350  -33.1151  -33.1054  -15.6056  -15.5859  -15.5810  -15.5784  -15.5590  -15.5568  -15.5306  -15.5149  -15.5085  -15.4955  -15.4932  -15.4895  -15.4743  -15.4665  -15.4580  -15.4516  -15.4489  -15.4366  -15.3565  -15.3534  -15.3283  -15.3213  -15.3183  -15.3084  -15.3019  -15.2977  -15.2772  -15.2406  -15.2395  -15.2175  -15.2159  -15.2121  -15.2100  -15.2086  -15.1875  -15.1816  -10.4268  -10.4041  -10.3962   -9.2823   -9.2615   -9.2414   -8.5753   -8.5703   -8.5538   -8.5535   -8.5486   -8.5484   -8.5186   -8.5151   -8.4977   -8.4975   -8.4943   -8.4941   -7.8816   -7.8617   -7.8532   -3.3364   -3.3059   -3.2656   -1.8151   -1.7793   -1.7491   -1.3175   -1.2402   -1.2250   -0.9575   -0.9367   -0.9311   -0.8919   -0.7654   -0.7468   -0.2752   -0.2538   -0.2411    2.3237    2.3908    2.7454    2.8135    3.0013    3.1956    3.4449    3.5130    3.6387    3.6698    3.9809    4.0651    4.0719    4.3480    4.4896    4.6374    4.9174    4.9711    5.3434    5.4055    5.4559    5.6362    5.7007    5.9249    6.1274
  2.9018  -33.3263  -33.3213  -33.3060  -33.3057  -33.2983  -33.2978  -33.1509  -33.1508  -33.1348  -33.1343  -33.1160  -33.1043  -15.6036  -15.5837  -15.5790  -15.5767  -15.5567  -15.5537  -15.5231  -15.5122  -15.5049  -15.4911  -15.4895  -15.4864  -15.4734  -15.4652  -15.4563  -15.4504  -15.4469  -15.4357  -15.3564  -15.3521  -15.3272  -15.3218  -15.3181  -15.3091  -15.3032  -15.2976  -15.2780  -15.2432  -15.2415  -15.2192  -15.2177  -15.2146  -15.2128  -15.2111  -15.1893  -15.1844  -10.4357  -10.4120  -10.4031   -9.2938   -9.2749   -9.2469   -8.5749   -8.5705   -8.5534   -8.5531   -8.5488   -8.5486   -8.5182   -8.5152   -8.4974   -8.4972   -8.4944   -8.4941   -7.8915   -7.8696   -7.8606   -3.3582   -3.3154   -3.2821   -1.7665   -1.7314   -1.6946   -1.3388   -1.2550   -1.2113   -0.9662   -0.9454   -0.9378   -0.8423   -0.7372   -0.7118   -0.2842   -0.2593   -0.2490    2.3798    2.4729    2.7845    2.8582    2.9182    3.2668    3.4004    3.4643    3.6461    3.6900    3.9105    4.0336    4.2370    4.3170    4.5680    4.7224    4.9937    5.0377    5.2343    5.2874    5.5158    5.5308    5.6276    5.8619    5.8919
  2.9605  -33.3270  -33.3210  -33.3065  -33.3062  -33.2982  -33.2977  -33.1516  -33.1515  -33.1338  -33.1333  -33.1169  -33.1031  -15.6014  -15.5816  -15.5775  -15.5729  -15.5530  -15.5495  -15.5150  -15.5086  -15.4982  -15.4881  -15.4836  -15.4825  -15.4719  -15.4635  -15.4538  -15.4487  -15.4442  -15.4346  -15.3560  -15.3502  -15.3257  -15.3223  -15.3182  -15.3101  -15.3048  -15.2975  -15.2791  -15.2461  -15.2438  -15.2215  -15.2201  -15.2181  -15.2168  -15.2141  -15.1915  -15.1884  -10.4473  -10.4220  -10.4122   -9.3086   -9.2910   -9.2551   -8.5744   -8.5707   -8.5529   -8.5526   -8.5490   -8.5488   -8.5178   -8.5153   -8.4970   -8.4968   -8.4944   -8.4942   -7.9039   -7.8798   -7.8701   -3.3843   -3.3285   -3.3021   -1.7046   -1.6625   -1.6290   -1.3541   -1.2684   -1.2018   -0.9775   -0.9560   -0.9469   -0.7792   -0.6961   -0.6640   -0.2951   -0.2680   -0.2581    2.4498    2.5695    2.7857    2.8325    2.8935    3.1909    3.4503    3.4908    3.6575    3.7139    3.9128    3.9580    4.3035    4.4213    4.5803    4.8222    4.9981    5.0611    5.1877    5.2145    5.4107    5.5255    5.5392    5.7291    5.7491
  3.0192  -33.3277  -33.3208  -33.3071  -33.3068  -33.2981  -33.2976  -33.1523  -33.1522  -33.1328  -33.1323  -33.1178  -33.1019  -15.5994  -15.5792  -15.5764  -15.5682  -15.5480  -15.5444  -15.5071  -15.5045  -15.4897  -15.4844  -15.4784  -15.4781  -15.4695  -15.4614  -15.4504  -15.4463  -15.4411  -15.4332  -15.3550  -15.3478  -15.3249  -15.3221  -15.3186  -15.3113  -15.3067  -15.2977  -15.2804  -15.2489  -15.2462  -15.2242  -15.2230  -15.2227  -15.2217  -15.2171  -15.1942  -15.1932  -10.4606  -10.4335  -10.4229   -9.3253   -9.3084   -9.2652   -8.5739   -8.5710   -8.5523   -8.5521   -8.5493   -8.5491   -8.5174   -8.5154   -8.4966   -8.4963   -8.4945   -8.4943   -7.9178   -7.8912   -7.8811   -3.4125   -3.3440   -3.3235   -1.6378   -1.5763   -1.5627   -1.3535   -1.2721   -1.1976   -0.9904   -0.9677   -0.9577   -0.7060   -0.6431   -0.6050   -0.3070   -0.2798   -0.2672    2.4373    2.6585    2.7140    2.8190    2.9436    3.0493    3.5228    3.5897    3.6719    3.7393    3.8969    3.9842    4.2653    4.4468    4.5923    4.9294    4.9811    5.0125    5.1835    5.2698    5.2967    5.3530    5.4320    5.5678    5.6857
  3.0779  -33.3284  -33.3206  -33.3077  -33.3074  -33.2980  -33.2976  -33.1529  -33.1528  -33.1318  -33.1314  -33.1186  -33.1008  -15.5978  -15.5770  -15.5753  -15.5629  -15.5423  -15.5388  -15.5004  -15.4996  -15.4812  -15.4802  -15.4742  -15.4737  -15.4660  -15.4591  -15.4461  -15.4434  -15.4380  -15.4318  -15.3525  -15.3445  -15.3259  -15.3227  -15.3169  -15.3127  -15.3087  -15.2985  -15.2819  -15.2515  -15.2488  -15.2286  -15.2271  -15.2268  -15.2258  -15.2201  -15.1986  -15.1970  -10.4748  -10.4456  -10.4342   -9.3427   -9.3262   -9.2763   -8.5733   -8.5713   -8.5518   -8.5515   -8.5496   -8.5493   -8.5170   -8.5154   -8.4961   -8.4959   -8.4946   -8.4944   -7.9319   -7.9030   -7.8924   -3.4406   -3.3604   -3.3440   -1.5798   -1.5251   -1.4685   -1.3186   -1.2557   -1.1976   -1.0039   -0.9796   -0.9691   -0.6264   -0.5805   -0.5383   -0.3190   -0.2931   -0.2760    2.2477    2.6629    2.7074    2.8153    2.9770    3.0225    3.5607    3.6880    3.7423    3.7634    3.9025    4.0849    4.1800    4.2346    4.6353    5.0128    5.0237    5.0357    5.1867    5.1964    5.1986    5.3134    5.3423    5.4560    5.6585
  3.1366  -33.3290  -33.3204  -33.3082  -33.3079  -33.2980  -33.2975  -33.1534  -33.1533  -33.1310  -33.1305  -33.1193  -33.0999  -15.5964  -15.5753  -15.5741  -15.5573  -15.5366  -15.5333  -15.4958  -15.4942  -15.4761  -15.4740  -15.4706  -15.4697  -15.4616  -15.4566  -15.4411  -15.4398  -15.4351  -15.4303  -15.3481  -15.3404  -15.3280  -15.3250  -15.3141  -15.3126  -15.3107  -15.2999  -15.2833  -15.2546  -15.2524  -15.2338  -15.2319  -15.2297  -15.2287  -15.2240  -15.2031  -15.1998  -10.4886  -10.4574  -10.4454   -9.3592   -9.3430   -9.2871   -8.5729   -8.5715   -8.5513   -8.5511   -8.5498   -8.5496   -8.5165   -8.5155   -8.4957   -8.4955   -8.4947   -8.4945   -7.9452   -7.9142   -7.9033   -3.4666   -3.3764   -3.3623   -1.5440   -1.5133   -1.3549   -1.2473   -1.2114   -1.1997   -1.0168   -0.9908   -0.9801   -0.5455   -0.5128   -0.4691   -0.3301   -0.3063   -0.2843    2.0138    2.5267    2.5399    2.9804    3.0347    3.0946    3.6021    3.7047    3.7827    3.8421    3.9267    4.0895    4.1153    4.1585    4.5543    4.9918    5.0855    5.1034    5.1170    5.1960    5.2111    5.2165    5.2959    5.3374    5.6942
  3.1953  -33.3295  -33.3204  -33.3087  -33.3083  -33.2980  -33.2975  -33.1539  -33.1537  -33.1302  -33.1298  -33.1199  -33.0991  -15.5952  -15.5741  -15.5729  -15.5522  -15.5314  -15.5285  -15.4919  -15.4903  -15.4720  -15.4699  -15.4670  -15.4664  -15.4573  -15.4541  -15.4368  -15.4353  -15.4327  -15.4289  -15.3423  -15.3359  -15.3304  -15.3265  -15.3155  -15.3125  -15.3074  -15.3012  -15.2846  -15.2601  -15.2583  -15.2365  -15.2352  -15.2322  -15.2314  -15.2299  -15.2057  -15.2023  -10.5008  -10.4677  -10.4553   -9.3736   -9.3575   -9.2968   -8.5725   -8.5717   -8.5509   -8.5507   -8.5501   -8.5498   -8.5162   -8.5156   -8.4954   -8.4951   -8.4948   -8.4945   -7.9567   -7.9240   -7.9128   -3.4887   -3.3905   -3.3772   -1.5317   -1.5146   -1.2406   -1.2053   -1.1631   -1.1430   -1.0281   -1.0005   -0.9900   -0.4699   -0.4462   -0.4040   -0.3396   -0.3181   -0.2916    1.7897    2.3560    2.3615    3.1050    3.1373    3.1811    3.6451    3.7203    3.7752    3.7941    3.8693    4.1093    4.1724    4.1877    4.5534    4.8216    5.0574    5.1257    5.1270    5.1412    5.1891    5.2117    5.2961    5.3573    5.7906
  3.2540  -33.3299  -33.3203  -33.3090  -33.3086  -33.2979  -33.2975  -33.1542  -33.1540  -33.1297  -33.1292  -33.1203  -33.0985  -15.5944  -15.5732  -15.5720  -15.5481  -15.5273  -15.5247  -15.4888  -15.4879  -15.4686  -15.4676  -15.4644  -15.4642  -15.4536  -15.4520  -15.4331  -15.4314  -15.4307  -15.4275  -15.3391  -15.3351  -15.3275  -15.3240  -15.3166  -15.3139  -15.3059  -15.2977  -15.2856  -15.2681  -15.2661  -15.2394  -15.2366  -15.2351  -15.2341  -15.2335  -15.2064  -15.2043  -10.5105  -10.4759  -10.4632   -9.3847   -9.3687   -9.3044   -8.5723   -8.5719   -8.5507   -8.5504   -8.5502   -8.5500   -8.5159   -8.5157   -8.4951   -8.4949   -8.4948   -8.4946   -7.9655   -7.9315   -7.9201   -3.5055   -3.4014   -3.3883   -1.5326   -1.5179   -1.2093   -1.1395   -1.0875   -1.0735   -1.0369   -1.0080   -0.9976   -0.4074   -0.3888   -0.3502   -0.3467   -0.3275   -0.2973    1.6030    2.2064    2.2081    3.1331    3.1453    3.3938    3.6871    3.7209    3.7338    3.7948    3.8135    4.0031    4.3103    4.3229    4.4452    4.8272    5.0199    5.0607    5.1049    5.1101    5.1358    5.2066    5.2328    5.4635    5.8526
  3.3128  -33.3301  -33.3203  -33.3092  -33.3088  -33.2979  -33.2975  -33.1544  -33.1542  -33.1293  -33.1289  -33.1205  -33.0981  -15.5938  -15.5726  -15.5715  -15.5455  -15.5246  -15.5222  -15.4870  -15.4865  -15.4666  -15.4656  -15.4635  -15.4631  -15.4511  -15.4506  -15.4310  -15.4301  -15.4278  -15.4265  -15.3404  -15.3361  -15.3202  -15.3187  -15.3171  -15.3147  -15.3073  -15.2910  -15.2862  -15.2769  -15.2734  -15.2462  -15.2364  -15.2358  -15.2354  -15.2348  -15.2062  -15.2056  -10.5166  -10.4811  -10.4682   -9.3918   -9.3758   -9.3093   -8.5722   -8.5718   -8.5505   -8.5503   -8.5502   -8.5501   -8.5158   -8.5157   -8.4949   -8.4949   -8.4947   -8.4946   -7.9711   -7.9362   -7.9248   -3.5160   -3.4083   -3.3951   -1.5359   -1.5208   -1.2123   -1.0689   -1.0425   -1.0341   -1.0222   -1.0128   -1.0025   -0.3659   -0.3512   -0.3494   -0.3335   -0.3144   -0.3009    1.4776    2.1047    2.1053    3.1196    3.1293    3.6116    3.7234    3.7310    3.7444    3.7829    3.7880    3.9217    4.2249    4.4301    4.4423    4.9459    5.0027    5.0217    5.0394    5.0536    5.0764    5.2153    5.2190    5.5097    6.0628
  3.3715  -33.3302  -33.3203  -33.3093  -33.3089  -33.2979  -33.2975  -33.1545  -33.1543  -33.1292  -33.1288  -33.1206  -33.0980  -15.5936  -15.5724  -15.5713  -15.5445  -15.5236  -15.5214  -15.4865  -15.4859  -15.4660  -15.4644  -15.4636  -15.4629  -15.4503  -15.4499  -15.4304  -15.4298  -15.4267  -15.4261  -15.3413  -15.3364  -15.3184  -15.3165  -15.3154  -15.3136  -15.3085  -15.2874  -15.2862  -15.2813  -15.2772  -15.2494  -15.2365  -15.2359  -15.2356  -15.2351  -15.2062  -15.2060  -10.5188  -10.4829  -10.4699   -9.3942   -9.3782   -9.3109   -8.5722   -8.5718   -8.5505   -8.5503   -8.5502   -8.5501   -8.5157   -8.5157   -8.4949   -8.4949   -8.4946   -8.4946   -7.9729   -7.9379   -7.9264   -3.5195   -3.4106   -3.3974   -1.5373   -1.5221   -1.2133   -1.0448   -1.0432   -1.0145   -1.0143   -1.0045   -1.0033   -0.3534   -0.3504   -0.3358   -0.3353   -0.3023   -0.3017    1.4332    2.0686    2.0692    3.1091    3.1188    3.7369    3.7416    3.7613    3.7631    3.7633    3.7709    3.8924    4.0840    4.4813    4.4927    4.9963    5.0009    5.0150    5.0217    5.0249    5.0296    5.2171    5.2221    5.5213    5.9811
  3.3715  -33.3302  -33.3203  -33.3093  -33.3089  -33.2979  -33.2975  -33.1545  -33.1543  -33.1292  -33.1288  -33.1206  -33.0980  -15.5936  -15.5724  -15.5713  -15.5445  -15.5236  -15.5214  -15.4865  -15.4859  -15.4660  -15.4644  -15.4636  -15.4629  -15.4503  -15.4499  -15.4304  -15.4298  -15.4267  -15.4261  -15.3413  -15.3364  -15.3184  -15.3165  -15.3154  -15.3136  -15.3085  -15.2874  -15.2862  -15.2813  -15.2772  -15.2494  -15.2365  -15.2359  -15.2356  -15.2351  -15.2062  -15.2060  -10.5188  -10.4829  -10.4699   -9.3942   -9.3782   -9.3109   -8.5722   -8.5718   -8.5505   -8.5503   -8.5502   -8.5501   -8.5157   -8.5157   -8.4949   -8.4949   -8.4946   -8.4946   -7.9729   -7.9379   -7.9264   -3.5195   -3.4106   -3.3974   -1.5373   -1.5221   -1.2133   -1.0448   -1.0432   -1.0145   -1.0143   -1.0045   -1.0033   -0.3534   -0.3504   -0.3358   -0.3353   -0.3023   -0.3017    1.4332    2.0686    2.0692    3.1091    3.1188    3.7369    3.7416    3.7613    3.7631    3.7633    3.7709    3.8924    4.0840    4.4813    4.4927    4.9963    5.0009    5.0150    5.0217    5.0249    5.0296    5.2172    5.2226    5.5214    6.0030
  3.4262  -33.3301  -33.3203  -33.3092  -33.3088  -33.2979  -33.2975  -33.1544  -33.1543  -33.1293  -33.1289  -33.1205  -33.0981  -15.5938  -15.5725  -15.5715  -15.5453  -15.5244  -15.5221  -15.4869  -15.4864  -15.4665  -15.4653  -15.4634  -15.4631  -15.4510  -15.4505  -15.4308  -15.4301  -15.4277  -15.4264  -15.3405  -15.3361  -15.3196  -15.3184  -15.3172  -15.3147  -15.3074  -15.2904  -15.2863  -15.2775  -15.2739  -15.2466  -15.2364  -15.2359  -15.2355  -15.2348  -15.2063  -15.2056  -10.5169  -10.4817  -10.4683   -9.3929   -9.3753   -9.3097   -8.5722   -8.5718   -8.5504   -8.5504   -8.5502   -8.5501   -8.5157   -8.5157   -8.4949   -8.4949   -8.4947   -8.4946   -7.9713   -7.9368   -7.9248   -3.5163   -3.4112   -3.3931   -1.5449   -1.5114   -1.2134   -1.0648   -1.0427   -1.0315   -1.0192   -1.0130   -1.0027   -0.3642   -0.3511   -0.3464   -0.3342   -0.3127   -0.3010    1.4720    2.0596    2.1389    3.0917    3.1543    3.6297    3.7269    3.7323    3.7441    3.7813    3.7861    3.9138    4.2114    4.4372    4.4498    4.9524    5.0016    5.0212    5.0391    5.0499    5.0678    5.1937    5.2411    5.5111    5.9328
  3.4810  -33.3299  -33.3203  -33.3090  -33.3087  -33.2979  -33.2975  -33.1542  -33.1541  -33.1296  -33.1292  -33.1203  -33.0984  -15.5942  -15.5730  -15.5719  -15.5475  -15.5267  -15.5241  -15.4884  -15.4876  -15.4680  -15.4672  -15.4642  -15.4641  -15.4531  -15.4517  -15.4326  -15.4313  -15.4302  -15.4272  -15.3391  -15.3353  -15.3263  -15.3232  -15.3169  -15.3140  -15.3061  -15.2965  -15.2858  -15.2696  -15.2674  -15.2405  -15.2365  -15.2355  -15.2345  -15.2337  -15.2064  -15.2045  -10.5115  -10.4780  -10.4635   -9.3886   -9.3672   -9.3061   -8.5723   -8.5719   -8.5506   -8.5504   -8.5503   -8.5500   -8.5159   -8.5157   -8.4951   -8.4948   -8.4948   -8.4946   -7.9664   -7.9335   -7.9204   -3.5067   -3.4107   -3.3829   -1.5540   -1.4943   -1.2151   -1.1227   -1.0779   -1.0629   -1.0380   -1.0090   -0.9985   -0.4004   -0.3780   -0.3469   -0.3440   -0.3299   -0.2976    1.5828    2.1090    2.2625    3.0915    3.1797    3.4344    3.6992    3.7252    3.7281    3.7958    3.8006    3.9770    4.3257    4.3483    4.4302    4.8335    5.0120    5.0592    5.0947    5.1030    5.1244    5.1776    5.2606    5.4755    5.8141
  3.5357  -33.3296  -33.3203  -33.3088  -33.3084  -33.2980  -33.2975  -33.1540  -33.1538  -33.1300  -33.1296  -33.1200  -33.0989  -15.5950  -15.5738  -15.5727  -15.5511  -15.5303  -15.5274  -15.4910  -15.4896  -15.4709  -15.4691  -15.4665  -15.4660  -15.4562  -15.4534  -15.4357  -15.4342  -15.4324  -15.4283  -15.3410  -15.3352  -15.3304  -15.3264  -15.3160  -15.3128  -15.3065  -15.3008  -15.2849  -15.2620  -15.2601  -15.2368  -15.2358  -15.2328  -15.2319  -15.2316  -15.2060  -15.2028  -10.5030  -10.4719  -10.4561   -9.3809   -9.3550   -9.3005   -8.5724   -8.5718   -8.5508   -8.5506   -8.5502   -8.5499   -8.5161   -8.5156   -8.4953   -8.4950   -8.4948   -8.4945   -7.9586   -7.9281   -7.9135   -3.4911   -3.4070   -3.3691   -1.5607   -1.4790   -1.2398   -1.1855   -1.1429   -1.1269   -1.0305   -1.0025   -0.9920   -0.4544   -0.4260   -0.3924   -0.3401   -0.3231   -0.2922    1.7506    2.2080    2.4230    3.1020    3.1406    3.2411    3.6667    3.7044    3.7973    3.8047    3.8235    4.0606    4.1827    4.2308    4.6351    4.7292    5.0373    5.0839    5.1245    5.1591    5.1650    5.2285    5.2845    5.3955    5.8132
  3.5904  -33.3292  -33.3204  -33.3084  -33.3080  -33.2980  -33.2975  -33.1536  -33.1535  -33.1307  -33.1303  -33.1195  -33.0996  -15.5960  -15.5748  -15.5737  -15.5555  -15.5350  -15.5315  -15.4944  -15.4926  -15.4747  -15.4724  -15.4693  -15.4684  -15.4601  -15.4558  -15.4395  -15.4384  -15.4343  -15.4297  -15.3462  -15.3390  -15.3287  -15.3257  -15.3147  -15.3114  -15.3108  -15.3003  -15.2838  -15.2563  -15.2539  -15.2350  -15.2332  -15.2307  -15.2296  -15.2258  -15.2043  -15.2007  -10.4921  -10.4638  -10.4469   -9.3701   -9.3398   -9.2931   -8.5727   -8.5716   -8.5511   -8.5509   -8.5500   -8.5497   -8.5164   -8.5156   -8.4956   -8.4953   -8.4947   -8.4945   -7.9483   -7.9207   -7.9047   -3.4703   -3.4001   -3.3529   -1.5662   -1.4747   -1.3295   -1.2111   -1.2030   -1.1942   -1.0207   -0.9940   -0.9836   -0.5190   -0.4845   -0.4529   -0.3313   -0.3141   -0.2852    1.9571    2.3427    2.5928    3.0347    3.0639    3.1153    3.6334    3.6771    3.8048    3.8602    3.9326    4.0540    4.1105    4.1265    4.6301    4.8836    5.0215    5.0787    5.1751    5.2133    5.2408    5.2542    5.2780    5.3065    5.7767
  3.6452  -33.3286  -33.3205  -33.3079  -33.3076  -33.2980  -33.2975  -33.1531  -33.1530  -33.1314  -33.1310  -33.1189  -33.1004  -15.5972  -15.5763  -15.5747  -15.5605  -15.5403  -15.5362  -15.4983  -15.4971  -15.4790  -15.4780  -15.4724  -15.4714  -15.4641  -15.4585  -15.4442  -15.4419  -15.4364  -15.4314  -15.3508  -15.3432  -15.3267  -15.3234  -15.3154  -15.3134  -15.3095  -15.2989  -15.2825  -15.2528  -15.2499  -15.2309  -15.2292  -15.2282  -15.2269  -15.2216  -15.2007  -15.1982  -10.4796  -10.4541  -10.4366   -9.3565   -9.3229   -9.2846   -8.5731   -8.5714   -8.5515   -8.5513   -8.5497   -8.5495   -8.5168   -8.5155   -8.4960   -8.4957   -8.4947   -8.4944   -7.9362   -7.9118   -7.8946   -3.4453   -3.3903   -3.3353   -1.5741   -1.4977   -1.4334   -1.2787   -1.2502   -1.1985   -1.0093   -0.9840   -0.9739   -0.5871   -0.5476   -0.5203   -0.3210   -0.3037   -0.2771    2.1816    2.4963    2.7291    2.8992    2.9165    3.1217    3.6010    3.6470    3.7988    3.8962    3.9068    3.9903    4.0765    4.2243    4.6764    4.9373    5.0286    5.1339    5.1393    5.1678    5.2597    5.2843    5.3207    5.3430    5.6855
  3.6999  -33.3280  -33.3207  -33.3074  -33.3071  -33.2981  -33.2976  -33.1526  -33.1525  -33.1323  -33.1319  -33.1183  -33.1014  -15.5986  -15.5781  -15.5757  -15.5656  -15.5458  -15.5410  -15.5034  -15.5022  -15.4848  -15.4831  -15.4773  -15.4745  -15.4670  -15.4614  -15.4484  -15.4450  -15.4385  -15.4332  -15.3536  -15.3467  -15.3250  -15.3227  -15.3178  -15.3120  -15.3077  -15.2979  -15.2812  -15.2504  -15.2473  -15.2259  -15.2255  -15.2243  -15.2241  -15.2186  -15.1960  -15.1955  -10.4665  -10.4433  -10.4260   -9.3412   -9.3053   -9.2756   -8.5736   -8.5711   -8.5520   -8.5518   -8.5495   -8.5492   -8.5172   -8.5154   -8.4964   -8.4961   -8.4946   -8.4943   -7.9231   -7.9017   -7.8840   -3.4173   -3.3780   -3.3174   -1.5915   -1.5545   -1.5320   -1.3389   -1.2590   -1.2008   -0.9971   -0.9732   -0.9636   -0.6529   -0.6104   -0.5890   -0.3101   -0.2923   -0.2685    2.3944    2.6341    2.7812    2.7963    2.8018    3.1172    3.5711    3.6162    3.7818    3.7885    3.9229    3.9844    4.0271    4.4433    4.7280    4.8343    4.9507    5.1375    5.1703    5.2044    5.2844    5.3128    5.4399    5.4672    5.6018
  3.7547  -33.3274  -33.3208  -33.3069  -33.3066  -33.2982  -33.2977  -33.1520  -33.1519  -33.1332  -33.1328  -33.1175  -33.1024  -15.6002  -15.5801  -15.5769  -15.5704  -15.5509  -15.5457  -15.5111  -15.5062  -15.4906  -15.4873  -15.4838  -15.4776  -15.4693  -15.4643  -15.4518  -15.4475  -15.4406  -15.4349  -15.3552  -15.3493  -15.3244  -15.3232  -15.3181  -15.3107  -15.3060  -15.2974  -15.2799  -15.2480  -15.2451  -15.2231  -15.2216  -15.2208  -15.2193  -15.2160  -15.1931  -15.1911  -10.4537  -10.4322  -10.4159   -9.3250   -9.2883   -9.2668   -8.5741   -8.5709   -8.5525   -8.5523   -8.5492   -8.5489   -8.5176   -8.5153   -8.4968   -8.4965   -8.4945   -8.4942   -7.9100   -7.8910   -7.8737   -3.3885   -3.3638   -3.3002   -1.6348   -1.6206   -1.6160   -1.3747   -1.2454   -1.2059   -0.9849   -0.9621   -0.9534   -0.7119   -0.6691   -0.6540   -0.2992   -0.2808   -0.2598    2.5173    2.5958    2.7764    2.7911    2.8476    3.0856    3.5448    3.5865    3.6750    3.7754    3.8949    3.9391    4.1572    4.6207    4.6257    4.7203    4.9772    4.9887    5.2084    5.2901    5.3710    5.4662    5.4991    5.5753    5.7421
  3.8094  -33.3268  -33.3211  -33.3064  -33.3061  -33.2983  -33.2977  -33.1514  -33.1513  -33.1341  -33.1337  -33.1166  -33.1035  -15.6021  -15.5822  -15.5786  -15.5739  -15.5548  -15.5502  -15.5196  -15.5098  -15.4954  -15.4911  -15.4904  -15.4803  -15.4715  -15.4670  -15.4543  -15.4495  -15.4425  -15.4365  -15.3561  -15.3512  -15.3261  -15.3219  -15.3184  -15.3095  -15.3045  -15.2974  -15.2787  -15.2453  -15.2429  -15.2208  -15.2191  -15.2168  -15.2153  -15.2132  -15.1907  -15.1869  -10.4422  -10.4215  -10.4069   -9.3091   -9.2733   -9.2585   -8.5745   -8.5707   -8.5530   -8.5528   -8.5490   -8.5487   -8.5180   -8.5152   -8.4972   -8.4969   -8.4944   -8.4942   -7.8979   -7.8803   -7.8643   -3.3625   -3.3469   -3.2850   -1.7050   -1.6891   -1.6685   -1.3843   -1.2262   -1.2132   -0.9735   -0.9516   -0.9441   -0.7611   -0.7218   -0.7106   -0.2892   -0.2698   -0.2519    2.4827    2.5040    2.7365    2.8870    2.9611    3.0403    3.5230    3.5593    3.6132    3.7618    3.8475    3.9286    4.3487    4.4688    4.6070    4.6798    4.8367    5.0189    5.3392    5.3620    5.3677    5.4523    5.7159    5.7344    5.7735
  3.8642  -33.3262  -33.3213  -33.3059  -33.3056  -33.2984  -33.2978  -33.1508  -33.1507  -33.1350  -33.1346  -33.1158  -33.1046  -15.6040  -15.5849  -15.5803  -15.5759  -15.5575  -15.5542  -15.5272  -15.5128  -15.5018  -15.4944  -15.4936  -15.4827  -15.4739  -15.4693  -15.4562  -15.4508  -15.4441  -15.4379  -15.3567  -15.3524  -15.3272  -15.3215  -15.3186  -15.3086  -15.3033  -15.2975  -15.2778  -15.2425  -15.2409  -15.2189  -15.2170  -15.2137  -15.2123  -15.2104  -15.1888  -15.1836  -10.4326  -10.4118  -10.3997   -9.2946   -9.2619   -9.2507   -8.5750   -8.5705   -8.5534   -8.5532   -8.5488   -8.5485   -8.5183   -8.5152   -8.4975   -8.4973   -8.4943   -8.4941   -7.8876   -7.8704   -7.8567   -3.3448   -3.3248   -3.2732   -1.7632   -1.7476   -1.7188   -1.3758   -1.2331   -1.1993   -0.9638   -0.9423   -0.9363   -0.7991   -0.7669   -0.7551   -0.2806   -0.2602   -0.2453    2.3880    2.4633    2.6656    2.9730    3.0026    3.0278    3.5063    3.5360    3.6207    3.7493    3.8616    3.9136    4.3216    4.4469    4.5967    4.6053    4.7339    5.0379    5.2737    5.4440    5.4894    5.5329    5.8085    5.8678    5.9591
  3.9189  -33.3256  -33.3216  -33.3055  -33.3053  -33.2984  -33.2979  -33.1503  -33.1502  -33.1357  -33.1353  -33.1149  -33.1056  -15.6058  -15.5868  -15.5814  -15.5777  -15.5592  -15.5573  -15.5321  -15.5151  -15.5096  -15.4967  -15.4937  -15.4844  -15.4766  -15.4711  -15.4574  -15.4515  -15.4453  -15.4390  -15.3569  -15.3533  -15.3277  -15.3221  -15.3182  -15.3079  -15.3023  -15.2975  -15.2770  -15.2402  -15.2392  -15.2175  -15.2154  -15.2116  -15.2100  -15.2082  -15.1873  -15.1813  -10.4254  -10.4039  -10.3947   -9.2824   -9.2555   -9.2433   -8.5753   -8.5703   -8.5538   -8.5535   -8.5486   -8.5484   -8.5186   -8.5151   -8.4978   -8.4975   -8.4943   -8.4940   -7.8798   -7.8620   -7.8514   -3.3335   -3.3026   -3.2658   -1.8056   -1.7891   -1.7626   -1.3571   -1.2531   -1.1809   -0.9563   -0.9350   -0.9306   -0.8253   -0.8017   -0.7870   -0.2740   -0.2525   -0.2404    2.3156    2.4419    2.5901    2.9790    3.0053    3.0417    3.4952    3.5175    3.6925    3.7393    3.9094    3.9307    4.1956    4.3562    4.4793    4.6663    4.7471    5.0442    5.2278    5.5090    5.5461    5.5736    5.8941    6.0230    6.0737
  3.9736  -33.3252  -33.3218  -33.3053  -33.3050  -33.2985  -33.2980  -33.1499  -33.1498  -33.1361  -33.1357  -33.1143  -33.1063  -15.6071  -15.5871  -15.5821  -15.5801  -15.5602  -15.5591  -15.5339  -15.5165  -15.5161  -15.4982  -15.4926  -15.4855  -15.4790  -15.4722  -15.4582  -15.4520  -15.4460  -15.4396  -15.3571  -15.3538  -15.3279  -15.3230  -15.3177  -15.3074  -15.3018  -15.2975  -15.2765  -15.2388  -15.2381  -15.2166  -15.2145  -15.2104  -15.2085  -15.2069  -15.1864  -15.1798  -10.4210  -10.3986  -10.3919   -9.2739   -9.2530   -9.2379   -8.5756   -8.5702   -8.5540   -8.5538   -8.5485   -8.5483   -8.5188   -8.5151   -8.4980   -8.4977   -8.4943   -8.4940   -7.8750   -7.8560   -7.8486   -3.3267   -3.2853   -3.2637   -1.8318   -1.8114   -1.7937   -1.3329   -1.2776   -1.1686   -0.9516   -0.9301   -0.9272   -0.8400   -0.8236   -0.8064   -0.2699   -0.2475   -0.2374    2.2707    2.4451    2.5231    2.9739    2.9997    3.0347    3.4895    3.5050    3.7329    3.7834    3.9304    3.9989    4.1170    4.2565    4.3667    4.6204    4.8658    5.0153    5.2584    5.4763    5.5434    5.5577    5.9557    6.1228    6.2156
  4.0284  -33.3251  -33.3219  -33.3052  -33.3049  -33.2985  -33.2980  -33.1498  -33.1497  -33.1363  -33.1359  -33.1141  -33.1066  -15.6077  -15.5867  -15.5823  -15.5815  -15.5605  -15.5596  -15.5340  -15.5188  -15.5170  -15.4987  -15.4919  -15.4859  -15.4801  -15.4726  -15.4584  -15.4521  -15.4463  -15.4398  -15.3571  -15.3539  -15.3279  -15.3233  -15.3175  -15.3073  -15.3016  -15.2975  -15.2764  -15.2383  -15.2377  -15.2163  -15.2141  -15.2100  -15.2079  -15.2065  -15.1861  -15.1794  -10.4195  -10.3966  -10.3911   -9.2707   -9.2526   -9.2360   -8.5756   -8.5702   -8.5541   -8.5538   -8.5485   -8.5482   -8.5188   -8.5151   -8.4980   -8.4978   -8.4942   -8.4940   -7.8734   -7.8537   -7.8478   -3.3243   -3.2775   -3.2648   -1.8407   -1.8169   -1.8063   -1.3109   -1.2997   -1.1642   -0.9500   -0.9283   -0.9262   -0.8446   -0.8313   -0.8130   -0.2685   -0.2458   -0.2365    2.2555    2.4709    2.4752    2.9776    2.9898    3.0300    3.4881    3.5003    3.7307    3.8286    3.9706    3.9773    4.1597    4.1670    4.3163    4.6036    4.9510    4.9536    5.3479    5.3638    5.5400    5.5707    6.1187    6.1243    6.1743
